comp100008_c0_seq1	533	368.96	9	0.41
comp100010_c0_seq1	631	466.96	92	3.29
comp1000149_c0_seq1	552	387.96	15	0.65
comp100032_c0_seq1	519	354.96	15	0.71
comp100033_c0_seq1	620	455.96	20	0.73
comp100037_c0_seq1	556	391.96	8	0.34
comp100038_c0_seq1	859	694.95	293	7.05
comp100053_c0_seq1	555	390.96	25	1.07
comp100056_c0_seq1	506	341.97	8	0.39
comp100057_c0_seq1	620	455.96	24	0.88
comp100063_c0_seq1	544	379.96	26	1.14
comp100072_c0_seq1	537	372.96	175	7.84
comp100073_c1_seq1	927	762.95	43	0.94
comp100081_c0_seq1	535	370.96	14	0.63
comp100084_c0_seq1	621	456.96	17	0.62
comp100102_c0_seq1	720	555.96	31	0.93
comp100105_c0_seq1	709	544.96	16	0.49
comp100110_c0_seq1	615	450.96	19	0.7
comp100110_c1_seq1	503	338.97	19	0.94
comp100125_c0_seq1	731	566.95	19	0.56
comp100128_c0_seq1	645	480.96	29	1.01
comp100138_c0_seq1	1002	837.95	1327	26.47
comp100146_c0_seq1	610	445.96	25	0.94
comp100148_c0_seq1	860	695.95	31	0.74
comp100151_c0_seq1	579	414.96	19	0.77
comp100152_c0_seq1	551	386.96	14	0.6
comp100163_c0_seq2	535	370.96	9	0.41
comp100169_c0_seq1	2396	2231.95	118	0.88
comp100182_c0_seq2	656	491.96	48	1.63
comp100187_c0_seq1	571	406.96	12	0.49
comp100188_c0_seq1	942	777.95	61	1.31
comp100192_c0_seq2	521	356.96	20	0.94
comp1001986_c0_seq1	540	375.96	13	0.58
comp100200_c0_seq1	619	454.96	26	0.96
comp100201_c0_seq1	600	435.96	12	0.46
comp100208_c0_seq1	628	463.96	19	0.68
comp100209_c0_seq2	702	537.96	20	0.62
comp100219_c0_seq1	965	800.95	44	0.92
comp100245_c0_seq1	2106	1941.95	9516	81.92
comp1002513_c0_seq1	506	341.97	9	0.44
comp100252_c0_seq1	514	349.96	14	0.67
comp100257_c0_seq1	702	537.96	27	0.84
comp100284_c0_seq1	697	532.96	14	0.44
comp100285_c0_seq1	1035	870.95	38	0.73
comp100287_c0_seq1	513	348.96	10	0.48
comp1002899_c0_seq1	634	469.96	21	0.75
comp100297_c0_seq1	677	512.96	34	1.11
comp1003086_c0_seq1	556	391.96	13	0.55
comp1003093_c0_seq1	562	397.96	12	0.5
comp100315_c1_seq1	642	477.96	223	7.8
comp100328_c0_seq1	655	490.96	10	0.34
comp100335_c0_seq1	597	432.96	25	0.97
comp1003362_c0_seq1	857	692.95	21	0.51
comp100337_c0_seq1	546	381.96	21	0.92
comp1003384_c0_seq1	589	424.96	15	0.59
comp1003413_c0_seq1	552	387.96	12	0.52
comp100342_c0_seq1	642	477.96	15	0.52
comp100347_c0_seq1	575	410.96	11	0.45
comp100348_c0_seq1	507	342.97	7	0.34
comp100370_c0_seq1	984	819.95	37	0.75
comp100376_c0_seq1	603	438.96	9	0.34
comp100385_c0_seq1	631	466.96	47	1.68
comp100386_c0_seq1	1534	1369.95	131	1.6
comp100391_c0_seq2	958	793.95	24	0.51
comp100406_c0_seq1	2191	2026.95	124	1.02
comp100409_c0_seq1	823	658.95	19	0.48
comp100436_c0_seq1	998	833.95	38	0.76
comp100451_c0_seq1	624	459.96	25	0.91
comp100453_c0_seq1	842	677.95	158	3.9
comp1004588_c0_seq1	723	558.96	13	0.39
comp1004616_c0_seq1	663	498.96	15	0.5
comp1004639_c0_seq1	525	360.96	13	0.6
comp100463_c0_seq1	995	830.95	40	0.8
comp100466_c0_seq1	641	476.96	18	0.63
comp100469_c0_seq1	621	456.96	25	0.91
comp1004764_c0_seq1	968	803.95	19	0.4
comp100477_c0_seq1	610	445.96	38	1.42
comp100479_c0_seq1	895	730.95	32	0.73
comp100484_c0_seq1	568	403.96	23	0.95
comp100498_c0_seq1	503	338.97	15	0.74
comp100504_c0_seq1	988	823.95	75	1.52
comp100520_c0_seq1	682	517.96	16	0.52
comp100524_c0_seq1	734	569.95	27	0.79
comp100527_c1_seq1	1267	1102.95	38	0.58
comp100545_c0_seq1	502	337.97	8	0.4
comp100554_c0_seq1	871	706.95	38	0.9
comp100558_c0_seq2	656	491.96	201	6.83
comp1005648_c0_seq1	563	398.96	8	0.34
comp100567_c0_seq1	727	562.96	13	0.39
comp100579_c0_seq2	632	467.96	15	0.54
comp100582_c0_seq1	658	493.96	27	0.91
comp100585_c0_seq1	631	466.96	11	0.39
comp100592_c0_seq1	725	560.96	26	0.77
comp100598_c0_seq1	613	448.96	28	1.04
comp100603_c0_seq1	2343	2178.95	908	6.97
comp100607_c0_seq1	769	604.95	94	2.6
comp100609_c0_seq1	579	414.96	206	8.3
comp100614_c0_seq1	570	405.96	21	0.86
comp100615_c0_seq1	572	407.96	28	1.15
comp100616_c0_seq1	675	510.96	15	0.49
comp100618_c0_seq1	536	371.96	9	0.4
comp100621_c0_seq1	688	523.96	41	1.31
comp100622_c0_seq1	596	431.96	37	1.43
comp100626_c0_seq1	515	350.96	8	0.38
comp100645_c0_seq1	1016	851.95	24	0.47
comp100649_c0_seq1	661	496.96	14	0.47
comp100655_c0_seq1	610	445.96	15	0.56
comp100658_c0_seq1	735	570.95	37	1.08
comp100659_c0_seq1	586	421.96	14	0.55
comp1006635_c0_seq1	536	371.96	8	0.36
