2,14,0,1,4474040,0.591329
3,20,12,1,0,0.360575
3,10,0,1,2,0.345719
3,20,14,1,0,0.360941
3,3,8,1,1,0.304837
0,2,3,0,1,0.232102
2,19,0,1,1,0.241815
3,15,20,0,3,0.248333
2,12,1,1,3,0.224730
0,3,1,1,3,0.189304
3,2,3,1,3,0.176372
3,20,5,1,0,0.169314
3,3,8,3,1,0.178994
2,14,3,1,1,0.188859
0,2,1,1,1,0.172988
0,2,3,1,1,0.158120
3,4,9,0,2,0.138294
0,1,3,0,2,0.139605
2,0,2,1,2,0.137327
3,16,20,1,0,0.107050
3,8,11,0,2,0.115948
3,20,1,1,0,0.089704
3,10,0,1,2,0.095622
0,3,2,1,2,0.103238
0,0,3,0,2,0.083986
2,9,1,0,2,0.078226
3,3,8,0,1,0.079639
3,0,19,0,1,0.083680
3,10,0,0,2,0.086879
3,20,6,0,0,0.083725
0,3,1,0,0,0.067375
3,2,3,0,3,0.084864
0,3,2,0,3,0.081508
2,5,3,0,3,0.069142
2,14,3,0,3,0.067816
2,14,3,0,3,0.081187
0,3,3,0,3,0.062341
3,17,17,0,0,0.060187
0,2,1,0,0,0.063171
2,12,2,0,0,0.058635
3,7,4,0,1,0.064181
2,14,2,0,1,0.067176
3,13,18,0,3,0.059179
3,8,1,0,2,0.061088
2,14,2,0,2,0.067782
2,20,2,0,2,0.063837
2,0,2,0,2,0.062859
3,13,2,0,3,0.055593
0,2,2,0,3,0.053604
0,3,2,1,3,0.043935
2,14,3,1,3,0.042590
2,17,2,0,3,0.047934
2,17,2,0,3,0.040256
3,20,5,0,2,0.052875
2,5,2,0,2,0.043416
3,15,20,0,3,0.042118
2,1,2,0,3,0.040414
2,11,2,0,3,0.045765
3,3,8,0,1,0.047251
3,7,1,0,0,0.040490
2,15,2,0,0,0.051841
3,12,20,0,3,0.041064
2,14,2,0,3,0.039651
0,3,1,0,3,0.043303
2,10,2,0,3,0.037599
3,13,10,0,0,0.037702
2,6,2,0,0,0.038319
2,12,3,1,0,0.033984
0,1,3,1,0,0.033387
2,8,2,0,0,0.038267
3,17,2,0,1,0.040487
2,0,2,0,1,0.031311
2,9,2,0,1,0.033641
2,9,2,0,1,0.037788
3,16,1,0,3,0.032291
3,13,3,0,3,0.035113
3,16,1,0,3,0.030130
2,19,2,0,3,0.038092
2,6,2,0,3,0.037735
3,0,19,0,1,0.032640
2,0,2,0,1,0.032449
0,3,2,0,1,0.033609
0,0,2,0,1,0.028294
2,14,2,2,1,0.034406
3,7,15,0,3,0.033617
2,15,1,0,3,0.031677
2,14,1,0,3,0.031611
2,14,1,0,3,0.039328
2,14,2,1,3,0.029869
3,15,20,1,3,0.024316
2,9,2,1,3,0.025919
3,15,20,0,0,0.030436
3,15,20,1,3,0.033719
2,15,2,1,3,0.028762
3,10,18,0,3,0.023390
2,18,1,0,3,0.029731
3,8,17,1,0,0.026745
3,0,10,0,0,0.029474
2,10,1,0,0,0.032100
3,0,10,0,1,0.029229
2,14,1,0,1,0.028851
0,2,1,0,1,0.032298
3,0,10,0,3,0.027506
3,18,8,1,0,0.029651
2,18,2,1,0,0.028647
2,2,1,0,0,0.030718
2,14,2,1,0,0.028859
0,1,1,0,0,0.024521
2,14,2,1,0,0.021619
0,0,2,1,0,0.021754
2,8,1,0,0,0.025877
2,15,2,0,0,0.026948
2,19,2,1,0,0.024293
2,20,2,0,0,0.023948
2,9,2,1,0,0.025351
0,3,1,0,0,0.020066
2,12,1,0,0,0.021075
3,1,16,0,2,0.018977
2,16,1,0,2,0.021346
3,16,20,0,0,0.020193
2,16,2,0,0,0.026317
2,0,1,0,0,0.022468
2,20,2,0,0,0.023775
2,8,1,0,0,0.022199
3,1,9,0,0,0.022794
2,10,1,0,0,0.019998
3,13,10,0,0,0.023512
3,13,3,0,3,0.025760
3,3,7,0,0,0.020362
3,1,7,0,2,0.021218
3,17,17,0,1,0.018157
3,0,19,0,1,0.018073
2,0,2,0,1,0.020405
2,6,2,0,1,0.017907
3,4,19,0,3,0.017174
2,14,2,0,3,0.019177
2,5,2,1,3,0.018620
3,1,16,0,1,0.024455
2,1,2,1,1,0.019979
3,15,20,1,3,0.026885
3,1,18,0,0,0.023533
3,15,20,0,2,0.021740
2,14,2,1,2,0.024471
0,0,2,0,2,0.024366
3,13,2,1,1,0.018920
3,16,1,1,2,0.016663
2,1,2,1,2,0.023775
3,1,8,1,3,0.019280
2,16,2,1,3,0.019292
0,2,2,1,3,0.016373
2,17,2,0,3,0.015946
0,2,1,0,3,0.021408
2,18,1,0,3,0.016270
2,17,2,0,3,0.018591
2,20,1,0,3,0.020076
2,14,2,0,3,0.020613
3,18,1,0,0,0.018272
2,1,2,0,0,0.020080
3,1,16,0,1,0.017659
2,14,2,0,1,0.016426
3,0,10,0,0,0.018963
0,3,2,0,0,0.017589
2,17,2,1,0,0.017211
3,0,10,0,0,0.018782
2,10,2,1,0,0.021712
3,0,10,0,0,0.017849
2,11,2,1,0,0.014944
2,16,1,0,0,0.019172
2,5,2,1,0,0.016755
2,20,1,0,0,0.017060
2,19,2,1,0,0.017791
2,19,2,1,0,0.018833
3,0,19,1,1,0.020765
2,0,2,1,1,0.019682
3,16,20,1,1,0.013626
2,19,2,1,1,0.016002
3,13,19,1,3,0.016079
2,9,2,1,3,0.013988
2,9,2,1,3,0.018763
2,20,1,0,3,0.017216
2,3,2,1,3,0.016894
2,12,2,1,3,0.015878
3,13,18,1,3,0.014993
3,10,18,1,3,0.018224
2,18,2,1,3,0.012977
2,15,2,1,3,0.013533
3,15,20,1,3,0.020315
3,7,15,1,3,0.017133
0,0,2,1,3,0.014112
2,15,2,1,3,0.015071
3,7,15,1,3,0.017372
2,11,2,1,3,0.014300
2,16,1,0,3,0.016967
3,1,18,1,2,0.013988
2,0,2,1,2,0.012074
2,1,1,0,2,0.016218
3,7,12,1,2,0.015160
3,0,10,1,0,0.013092
2,14,2,1,0,0.014445
2,14,2,1,0,0.014567
2,0,2,1,0,0.015750
2,18,1,0,0,0.015368
2,5,2,1,0,0.014152
3,5,20,1,1,0.013386
3,16,1,1,2,0.014923
2,14,2,1,2,0.012217
2,14,2,1,2,0.015289
2,14,2,1,2,0.012996
0,3,2,1,2,0.013093
0,2,1,0,2,0.012080
3,0,10,0,2,0.010934
2,14,1,0,2,0.016049
2,20,1,0,2,0.015602
2,2,1,0,2,0.014969
0,1,1,0,2,0.014046
2,8,1,0,2,0.013001
2,16,1,0,2,0.013630
2,19,1,0,2,0.013207
2,4,1,0,2,0.013477
3,10,11,0,3,0.013586
2,14,1,0,3,0.012096
2,9,1,0,3,0.013000
2,15,3,1,3,0.013841
2,5,1,0,3,0.013567
2,5,3,1,3,0.012914
2,15,1,0,3,0.015309
2,14,3,1,3,0.013479
2,20,1,0,3,0.012464
2,5,2,1,3,0.013364
2,14,1,0,3,0.011977
2,14,2,0,3,0.011761
2,0,1,0,3,0.010890
3,1,18,1,0,0.010693
2,18,2,0,0,0.010767
2,11,2,1,0,0.011845
2,1,1,0,0,0.012937
2,0,2,1,0,0.011847
2,14,1,0,0,0.011083
2,17,2,0,0,0.011131
2,17,2,0,0,0.012892
2,19,1,0,0,0.010593
3,8,17,0,0,0.013325
3,19,4,0,2,0.016364
2,4,2,0,2,0.010667
3,13,19,0,3,0.010135
3,3,7,0,2,0.009861
2,19,1,0,2,0.010307
3,4,19,1,3,0.011611
2,15,2,0,3,0.009945
3,15,20,1,3,0.014294
2,15,2,0,3,0.013196
3,0,19,1,1,0.012132
2,19,3,1,1,0.013804
3,0,10,0,0,0.010810
3,10,18,1,1,0.012860
2,1,3,1,1,0.008577
3,1,8,1,3,0.012257
2,8,2,1,3,0.010343
2,8,3,1,3,0.012257
2,1,1,0,3,0.012667
3,1,16,1,1,0.010410
2,16,3,1,1,0.009125
3,7,15,1,3,0.009284
3,7,15,1,3,0.009206
2,7,3,1,3,0.009120
2,19,3,1,3,0.008918
3,0,19,1,1,0.010648
2,19,3,1,1,0.008425
2,2,3,1,1,0.009607
3,0,10,0,0,0.012443
2,19,3,1,0,0.011338
2,20,1,0,0,0.011125
2,8,3,1,0,0.010972
2,16,1,0,0,0.010904
2,15,3,1,0,0.010549
2,15,3,1,0,0.009612
3,16,20,1,2,0.008816
2,16,3,1,2,0.008804
2,8,3,1,2,0.010654
2,9,1,0,2,0.010632
2,5,3,1,2,0.009968
3,7,15,0,3,0.009330
3,0,19,1,1,0.009792
3,0,10,1,0,0.009191
3,0,10,1,0,0.009005
3,0,19,1,1,0.009370
2,0,3,1,1,0.009003
2,0,3,1,1,0.008580
0,0,3,1,1,0.007890
2,14,2,0,1,0.008080
2,18,1,0,1,0.009082
3,1,18,1,0,0.010745
2,1,2,0,0,0.009174
2,7,3,1,0,0.009443
3,3,7,0,2,0.008464
2,3,2,0,2,0.009850
0,1,1,0,2,0.008951
2,15,3,1,2,0.009617
2,15,2,0,2,0.008532
2,11,3,1,2,0.010664
2,20,2,0,2,0.009872
2,5,3,1,2,0.010182
3,0,19,1,1,0.008702
2,10,3,1,1,0.010570
3,0,10,0,0,0.010567
2,8,3,1,0,0.011632
3,0,10,1,0,0.010247
2,17,3,1,0,0.009742
0,0,2,1,0,0.008840
2,15,2,0,0,0.007081
2,0,3,1,0,0.008556
3,0,19,1,1,0.009978
3,0,19,1,1,0.009137
2,19,3,1,1,0.010660
2,18,2,0,1,0.009551
2,6,3,1,1,0.009183
3,0,19,1,1,0.009582
2,10,3,1,1,0.009191
3,0,10,1,0,0.009270
2,6,3,1,0,0.009801
3,0,10,1,0,0.010369
3,0,19,1,1,0.007935
2,14,3,1,1,0.008537
3,5,20,1,0,0.007751
2,5,3,1,0,0.008414
2,2,3,1,0,0.007999
3,0,19,1,1,0.007533
0,1,3,1,1,0.007158
2,14,2,0,1,0.007850
0,0,2,0,1,0.008196
3,1,8,1,3,0.007744
2,8,1,0,3,0.008982
2,14,2,1,3,0.009834
2,13,1,0,3,0.008910
2,2,2,1,3,0.009366
2,20,1,0,3,0.009081
2,8,2,1,3,0.008813
3,16,1,0,2,0.008871
2,3,2,1,2,0.008195
2,16,1,0,2,0.008587
2,11,2,1,2,0.008161
3,0,10,1,0,0.007422
2,10,2,1,0,0.008573
3,0,10,1,0,0.007388
2,6,2,1,0,0.008544
3,0,10,0,0,0.008409
2,10,2,1,0,0.006955
3,0,10,1,0,0.007300
2,8,2,1,0,0.008161
2,15,1,0,0,0.008391
2,2,2,1,0,0.007980
2,6,1,0,0,0.008088
2,6,2,1,0,0.009923
2,0,2,1,0,0.006685
2,15,2,1,0,0.006617
2,5,1,0,0,0.007775
3,5,20,1,0,0.007125
2,14,2,1,0,0.005979
2,14,2,1,0,0.009683
2,14,2,1,0,0.007363
3,16,20,1,2,0.007134
2,16,2,1,2,0.006761
2,14,2,1,2,0.006147
2,15,1,0,2,0.006699
2,6,2,1,2,0.007748
2,20,1,0,2,0.008046
2,9,2,1,2,0.007886
0,3,1,0,2,0.008415
2,15,2,1,2,0.006619
3,15,20,1,3,0.012758
2,15,2,1,3,0.008315
2,12,2,1,3,0.006066
2,7,2,1,3,0.006075
2,4,2,1,3,0.006551
2,9,2,1,3,0.006038
2,9,2,1,3,0.006176
2,18,1,0,3,0.008891
2,8,2,1,3,0.007562
2,13,1,0,3,0.007648
2,19,2,1,3,0.007626
2,6,1,0,3,0.007614
2,3,2,1,3,0.006693
2,16,1,0,3,0.006387
2,6,2,1,3,0.007423
2,20,1,0,3,0.007296
2,6,2,1,3,0.007014
2,15,1,0,3,0.007107
3,16,1,1,2,0.006932
2,1,2,1,2,0.007372
3,1,8,1,3,0.006362
3,8,1,1,3,0.007908
3,1,18,1,0,0.007856
2,18,2,1,0,0.006696
2,8,2,1,0,0.008397
2,16,1,0,0,0.007681
2,17,2,1,0,0.006112
2,17,1,0,0,0.007707
3,3,7,1,2,0.005956
2,0,2,1,2,0.006151
0,3,2,1,2,0.005602
2,14,1,0,2,0.006081
2,1,1,0,2,0.006922
3,1,16,0,1,0.007425
2,14,1,0,1,0.006096
2,14,1,0,1,0.005980
2,1,1,0,1,0.005890
3,8,1,0,1,0.005936
2,8,1,0,1,0.007095
2,3,1,0,1,0.007881
2,9,1,0,1,0.006933
2,7,1,0,1,0.006486
2,19,1,0,1,0.006423
3,0,19,0,1,0.005824
3,0,19,0,1,0.006498
2,19,1,0,1,0.008363
2,0,1,0,1,0.007061
2,0,1,0,1,0.005785
3,0,19,0,1,0.007271
2,8,1,0,1,0.007259
2,1,1,0,1,0.006827
2,6,1,0,1,0.006047
2,16,1,0,1,0.006730
2,2,1,0,1,0.006366
3,16,1,0,2,0.006617
2,16,1,0,2,0.007277
3,0,10,0,0,0.005997
2,10,1,0,0,0.006237
3,0,10,0,0,0.006277
2,8,1,0,0,0.007013
2,13,1,0,0,0.006595
2,6,1,0,0,0.006246
2,17,1,0,0,0.006491
2,3,1,0,0,0.006247
2,14,1,0,0,0.006273
2,14,1,0,0,0.007369
2,14,1,0,0,0.006510
2,14,1,0,0,0.005751
0,2,1,0,0,0.005604
2,17,3,1,0,0.006479
3,0,19,0,1,0.006914
3,0,19,1,1,0.006088
2,0,1,0,1,0.006076
3,0,19,1,1,0.006697
3,0,10,0,0,0.005394
2,10,3,1,0,0.005369
3,0,10,0,0,0.004901
2,8,3,1,0,0.006747
2,18,1,0,0,0.006109
2,6,3,1,0,0.005828
2,6,1,0,0,0.006052
2,6,1,0,0,0.005450
2,15,1,0,0,0.006088
2,15,3,1,0,0.005857
2,15,1,0,0,0.005037
3,16,20,1,2,0.004961
2,9,1,0,2,0.004777
2,9,3,1,2,0.005420
0,1,1,0,2,0.006621
2,9,3,1,2,0.005488
0,3,1,0,2,0.005771
3,0,10,0,0,0.004913
2,9,3,1,0,0.005746
3,1,8,0,3,0.004684
3,8,1,0,3,0.005417
0,1,1,0,3,0.004741
2,5,1,0,3,0.003989
3,5,20,1,0,0.006095
3,5,20,1,0,0.004547
2,19,1,0,0,0.005781
2,20,3,1,0,0.005772
2,20,1,0,0,0.005813
2,9,3,1,0,0.005905
2,11,1,0,0,0.005742
2,16,3,1,0,0.005659
2,9,3,1,0,0.004725
2,14,1,0,0,0.004778
2,9,3,1,0,0.005296
3,3,7,1,2,0.004352
2,20,3,1,2,0.004750
2,17,3,1,2,0.005776
2,8,3,1,2,0.005632
2,20,3,1,2,0.005665
2,20,3,1,2,0.005568
2,9,3,1,2,0.005675
2,3,3,1,2,0.005543
2,15,3,1,2,0.005496
2,6,3,1,2,0.005355
2,4,3,1,2,0.005538
2,20,3,1,2,0.005456
2,13,3,1,2,0.005477
2,5,3,1,2,0.005228
2,6,2,1,2,0.004523
2,13,2,1,2,0.004303
2,13,2,1,2,0.004959
2,8,2,1,2,0.004453
3,8,1,1,1,0.005133
2,1,2,1,1,0.005017
3,1,8,1,3,0.004659
2,6,2,1,3,0.005004
2,8,3,1,3,0.005606
0,0.500000
0,0.400000
0,0.400000
0,0.100000
0,0.500000
0,0.100000
0,0.500000
0,0.100000
0,0.100000
0,0.100000
0,0.100000
0,0.100000
1,0.700000
0,0.100000
0,0.100000
0,0.100000
0,0.100000
0,0.100000
0,0.100000
0,0.100000
0,0.100000
0,0.100000
0,0.100000
0,0.200000
0,0.100000
0,0.100000
0,0.100000
0,0.100000
0,0.300000
0,0.100000
0,0.100000
0,0.100000
0,0.300000
0,0.100000
0,0.100000
0,0.100000
0,0.100000
0,0.100000
0,0.100000
0,0.100000
0,0.200000
0,0.200000
0,0.200000
0,0.200000
0,0.200000
0,0.200000
0,0.200000
0,0.200000
0,0.200000
0,0.100000
0,0.200000
0,0.200000
0,0.200000
0,0.200000
0,0.200000
0,0.200000
0,0.200000
0,0.200000
0,0.200000
0,0.200000
0,0.200000
0,0.200000
0,0.200000
0,0.200000
0,0.100000
0,0.200000
0,0.100000
0,0.100000
0,0.100000
0,0.100000
0,0.200000
0,0.200000
0,0.100000
0,0.200000
0,0.200000
0,0.200000
0,0.200000
0,0.100000
0,0.200000
0,0.100000
0,0.200000
0,0.200000
0,0.100000
1,0.100000
0,0.300000
0,0.100000
0,0.300000
0,0.300000
0,0.100000
0,0.100000
0,0.100000
0,0.300000
0,0.100000
0,0.200000
0,0.300000
0,0.300000
0,0.100000
0,0.100000
0,0.100000
0,0.100000
0,0.100000
0,0.300000
0,0.100000
0,0.200000
0,0.200000
0,0.100000
0,0.200000
0,0.100000
0,0.100000
0,0.200000
0,0.100000
0,0.200000
0,0.100000
0,0.200000
0,0.100000
0,0.100000
0,0.100000
0,0.100000
0,0.100000
0,0.100000
0,0.200000
0,0.100000
0,0.200000
0,0.100000
0,0.200000
0,0.100000
0,0.100000
0,0.200000
0,0.100000
0,0.100000
0,0.100000
0,0.100000
0,0.200000
0,0.200000
0,0.200000
0,0.200000
0,0.100000
0,0.200000
0,0.100000
0,0.100000
0,0.200000
0,0.200000
0,0.100000
0,0.100000
0,0.100000
0,0.100000
0,0.100000
0,0.100000
0,0.100000
0,0.100000
0,0.100000
0,0.100000
0,0.200000
0,0.100000
0,0.200000
0,0.100000
0,0.100000
0,0.100000
0,0.100000
0,0.100000
0,0.100000
0,0.100000
0,0.100000
0,0.200000
0,0.100000
0,0.200000
0,0.100000
0,0.200000
0,0.100000
0,0.200000
0,0.100000
0,0.100000
0,0.100000
0,0.100000
0,0.100000
0,0.100000
0,0.100000
0,0.100000
0,0.100000
0,0.200000
0,0.100000
0,0.100000
0,0.100000
0,0.100000
0,0.100000
0,0.100000
0,0.100000
0,0.200000
0,0.100000
0,0.100000
0,0.100000
0,0.100000
0,0.200000
0,0.100000
0,0.100000
0,0.200000
0,0.100000
0,0.100000
0,0.100000
0,0.100000
0,0.100000
0,0.200000
0,0.100000
0,0.100000
0,0.100000
0,0.100000
0,0.100000
0,0.100000
0,0.100000
0,0.100000
0,0.100000
0,0.100000
0,0.200000
0,0.100000
0,0.200000
0,0.100000
0,0.200000
0,0.100000
0,0.200000
0,0.100000
0,0.100000
0,0.100000
0,0.100000
0,0.200000
0,0.200000
0,0.200000
0,0.100000
0,0.200000
0,0.100000
0,0.200000
0,0.100000
0,0.200000
0,0.100000
0,0.100000
0,0.100000
0,0.200000
0,0.100000
0,0.200000
0,0.100000
0,0.100000
0,0.200000
0,0.100000
0,0.100000
0,0.100000
0,0.100000
0,0.100000
0,0.200000
0,0.100000
0,0.100000
0,0.100000
0,0.100000
0,0.100000
0,0.100000
0,0.200000
0,0.100000
0,0.100000
0,0.100000
0,0.100000
0,0.100000
0,0.200000
0,0.100000
0,0.100000
0,0.100000
0,0.100000
0,0.100000
0,0.100000
0,0.100000
0,0.100000
0,0.100000
0,0.200000
0,0.100000
0,0.200000
0,0.100000
0,0.200000
0,0.100000
0,0.100000
0,0.100000
0,0.100000
0,0.100000
0,0.200000
0,0.100000
0,0.200000
0,0.100000
0,0.100000
0,0.100000
0,0.100000
0,0.100000
0,0.100000
0,0.100000
0,0.100000
0,0.200000
0,0.100000
0,0.100000
0,0.100000
0,0.100000
0,0.100000
0,0.200000
0,0.100000
0,0.100000
0,0.100000
0,0.100000
0,0.100000
0,0.100000
0,0.100000
0,0.100000
0,0.100000
0,0.100000
0,0.100000
0,0.100000
0,0.100000
0,0.100000
0,0.100000
0,0.100000
0,0.100000
0,0.100000
0,0.100000
0,0.100000
0,0.100000
0,0.100000
0,0.100000
0,0.100000
0,0.100000
0,0.100000
0,0.100000
0,0.100000
0,0.100000
0,0.100000
0,0.100000
0,0.100000
0,0.100000
0,0.100000
0,0.200000
0,0.100000
0,0.200000
0,0.100000
0,0.200000
0,0.100000
0,0.200000
0,0.100000
0,0.200000
0,0.100000
0,0.100000
0,0.100000
0,0.100000
0,0.100000
0,0.200000
0,0.100000
0,0.100000
0,0.100000
0,0.200000
0,0.100000
0,0.200000
0,0.100000
0,0.100000
0,0.100000
0,0.200000
0,0.100000
0,0.100000
0,0.100000
0,0.100000
0,0.100000
0,0.100000
0,0.100000
0,0.200000
0,0.100000
0,0.200000
0,0.100000
0,0.100000
0,0.100000
0,0.100000
0,0.100000
0,0.100000
0,0.100000
0,0.100000
0,0.100000
0,0.100000
0,0.200000
0,0.100000
0,0.200000
0,0.100000
0,0.200000
0,0.100000
0,0.200000
0,0.100000
0,0.200000
0,0.100000
0,0.200000
0,0.100000
0,0.100000
0,0.100000
0,0.100000
0,0.100000
0,0.100000
0,0.100000
0,0.200000
0,0.100000
0,0.100000
0,0.100000
0,0.100000
0,0.100000
0,0.100000
0,0.200000
0,0.100000
0,0.100000
0,0.100000
0,0.100000
0,0.100000
0,0.100000
0,0.100000
0,0.200000
0,0.100000
0,0.100000
0,0.100000
0,0.100000
0,0.100000
0,0.100000
0,0.100000
0,0.200000
0,0.100000
0,0.200000
0,0.100000
0,0.200000
0,0.100000
0,0.200000
0,0.100000
0,0.200000
0,0.100000
0,0.100000
0,0.100000
0,0.200000
0,0.100000
0,0.200000
0,0.100000
0,0.200000
0,0.100000
0,0.200000
0,0.100000
0,0.100000
0,0.200000
0,0.200000
0,0.100000
0,0.200000
0,0.100000
0,0.100000
0,0.200000
0,0.100000
0,0.100000
0,0.200000
0,0.100000
0,0.200000
0,0.100000
0,0.200000
0,0.100000
0,0.100000
0,0.200000
0,0.100000
0,0.200000
0,0.100000
0,0.200000
0,0.100000
0,0.100000
0,0.200000
0,0.100000
0,0.100000
0,0.100000
0,0.100000
0,0.300000
0,0.200000
0,0.100000
0,0.300000
0,0.100000
0,0.300000
0,0.100000
0,0.300000
0,0.200000
0,0.100000
0,0.200000
0,0.300000
0,0.200000
0,0.300000
0,0.200000
0,0.300000
0,0.200000
0,0.300000
0,0.200000
0,0.300000
0,0.200000
0,0.300000
0,0.200000
0,0.300000
0,0.200000
0,0.100000
0,0.100000
0,0.100000
0,0.100000
0,0.100000
0,0.100000
0,0.100000
0,0.100000
0,0.300000
1,2.052456
1,4.537707
0,1.010488
1,1.952456
0,1.365593
1,2.769411
0,2.813401
1,2.769411
1,1.815593
0,1.365301
0,0.900708
1,2.962206
1,1.815593
1,4.913924
0,7.438351
0,7.438351
0,1.378468
1,14.516081
1,3.190827
1,4.913924
0,4.750060
1,14.516081
1,1.360488
1,1.365593
1,14.594926
1,14.594926
1,1.365593
1,1.720941
1,1.010488
1,14.594926
1,1.150708
1,1.150708
1,2.674968
1,3.593543
1,2.882621
0,5.118387
1,3.593543
1,1.179341
0,5.208218
1,3.593543
0,4.925019
1,3.593543
1,3.593543
0,3.305277
0,1.061569
1,2.674968
0,1.061569
0,1.405548
1,2.882621
1,2.882621
0,0.966472
0,0.966472
1,1.365593
1,2.882621
0,1.626188
0,2.719411
1,2.427569
0,5.005611
1,1.365593
0,5.005611
1,3.021622
1,1.757089
0,11.736092
0,1.669732
0,11.736092
1,5.876854
0,1.213199
0,1.254094
0,1.213199
0,1.213199
0,1.311569
0,1.690862
0,1.213199
0,1.669732
0,1.690862
0,1.213199
1,1.440862
1,1.432126
0,1.254094
1,1.570941
1,1.432126
0,1.254094
0,1.254094
1,1.848631
0,1.254094
1,1.848631
0,3.019411
0,3.019411
0,3.019411
0,3.019411
1,1.432126
1,2.427569
0,2.719411
1,2.571622
0,9.378095
1,1.360687
1,1.432126
1,1.360687
0,7.844358
1,1.383106
1,1.848631
0,7.844358
1,1.848631
0,7.844358
1,2.571622
1,1.411569
1,2.571622
0,8.921295
0,8.921295
1,2.571622
1,1.380245
1,2.571622
1,1.380245
1,1.030245
1,1.380245
1,1.570941
1,1.468689
0,1.638813
0,1.080551
0,4.813924
1,1.288813
1,1.380245
1,1.030245
1,1.380245
1,1.030245
0,1.080551
1,5.976854
0,1.363199
1,1.468689
0,3.972870
0,1.080551
1,1.570941
0,1.710687
0,8.921295
0,8.921295
1,1.104094
0,1.262679
0,1.640628
0,1.262679
0,2.719411
0,4.212637
1,2.655228
0,1.162679
0,1.710687
0,1.262679
0,1.526188
1,1.288813
0,3.677479
1,3.993543
0,1.710687
1,3.993543
0,1.710687
0,1.710687
0,8.316928
0,1.710687
0,4.420307
0,8.316928
0,1.710687
0,1.540628
1,1.104094
0,1.710687
1,1.610687
1,1.610687
1,1.360687
0,11.236092
1,1.360687
0,11.236092
0,1.876188
0,2.705228
0,11.236092
0,4.788820
0,1.820941
0,1.470941
1,1.570941
0,4.788820
1,1.104094
0,5.485636
1,3.993543
1,3.993543
0,1.710687
1,3.993543
0,1.710687
1,3.993543
0,9.378095
1,1.104094
0,4.420307
0,2.919411
1,1.104094
0,1.304094
0,4.420307
0,1.304094
0,4.420307
0,1.710687
0,4.420307
0,1.660687
0,1.710687
0,1.038222
0,1.710687
1,1.795622
1,1.360687
1,1.795622
1,1.360687
1,1.500510
1,2.218514
0,1.476188
1,1.360687
0,11.236092
1,1.645622
1,1.360687
1,1.360687
1,1.395622
0,2.705228
1,0.954094
0,2.705228
0,11.236092
0,11.236092
0,11.236092
0,11.236092
0,11.236092
0,11.236092
0,2.705228
1,1.500510
1,1.500510
1,1.004094
0,0.980551
1,0.954094
1,1.500510
1,1.360687
1,1.500510
1,1.360687
1,1.500510
1,1.360687
0,4.062637
0,0.980551
1,1.500510
1,1.360687
1,1.500510
1,1.360687
1,1.500510
1,1.360687
1,1.360687
1,1.332126
0,16.357869
1,1.360687
0,5.785636
1,1.500510
1,1.360687
0,8.921295
0,3.277479
0,3.169411
0,2.705228
0,1.820941
0,3.277479
1,1.360687
0,9.412343
0,3.277479
0,3.277479
1,3.337630
0,4.886077
0,1.860687
0,1.490628
0,1.204094
0,1.204094
1,1.154094
0,1.726188
1,1.004094
0,1.420941
0,1.860687
1,1.620941
0,1.860687
1,1.620941
1,0.954094
0,4.886077
1,0.954094
0,4.886077
1,1.004094
0,4.886077
1,1.004094
1,1.454094
1,0.954094
1,2.588991
1,0.954094
1,1.620941
0,1.660687
1,1.610687
0,1.420941
0,1.726188
0,1.726188
0,1.726188
1,3.357034
0,1.876188
0,4.062637
0,1.876188
0,3.277479
1,1.350510
1,1.360687
0,1.876188
0,3.277479
0,1.820941
1,1.620941
0,1.860687
0,3.277479
0,1.820941
1,1.620941
1,1.360687
1,1.620941
0,1.860687
1,1.620941
1,2.588991
1,1.620941
0,1.820941
1,1.620941
0,1.820941
0,1.476188
0,1.820941
0,1.476188
0,1.820941
0,1.476188
1,1.360687
0,1.476188
0,1.660687
1,1.620941
0,1.726188
1,2.588991
0,1.470941
0,3.277479
0,1.470941
0,3.277479
0,3.277479
1,1.360687
0,3.277479
1,3.337630
0,4.886077
0,1.876188
1,1.760687
0,1.876188
0,4.886077
0,1.876188
0,4.886077
1,1.360687
0,4.886077
1,1.360687
0,4.886077
0,1.860687
0,4.886077
1,1.360687
0,4.886077
0,1.860687
0,4.886077
0,1.860687
0,4.886077
0,1.860687
1,3.357034
0,4.886077
0,4.886077
0,1.860687
1,2.588991
0,4.886077
0,4.886077
0,4.886077
0,4.886077
1,1.640862
0,5.086077
1,1.360687
0,1.476188
0,1.860687
0,1.476188
0,1.726188
0,1.476188
0,3.019411
1,3.357034
0,1.726188
0,1.476188
1,1.360687
0,1.476188
0,1.726188
0,1.860687
0,1.476188
0,1.726188
0,1.476188
0,1.860687
0,1.476188
0,1.726188
0,1.476188
0,1.860687
0,1.476188
0,1.726188
0,1.476188
1,1.640862
0,3.677479
1,3.357034
0,4.212637
1,1.610687
1,1.760687
0,1.860687
0,5.086077
1,1.350510
1,1.350510
0,5.086077
0,5.086077
0,5.086077
1,1.360687
0,1.390628
1,1.360687
1,1.640862
1,1.640862
0,3.273289
1,1.360687
1,1.760687
1,1.360687
1,1.760687
1,1.360687
1,1.620941
0,1.820941
0,1.320941
0,1.820941
0,1.320941
0,1.820941
1,1.670941
1,1.360687
0,1.320941
1,1.360687
0,1.320941
0,1.726188
1,1.640862
1,1.360687
0,5.086077
0,1.860687
0,1.320941
0,1.820941
0,1.320941
0,1.820941
0,1.320941
0,1.820941
1,1.154094
0,1.820941
0,1.320941
0,3.677479
0,5.086077
0,1.820941
1,1.670941
0,3.677479
0,1.320941
1,1.360687
0,5.086077
0,1.860687
1,1.760687
0,1.860687
1,1.760687
0,1.860687
1,1.760687
0,1.860687
1,1.760687
1,1.360687
0,5.086077
1,1.640862
1,1.640862
1,1.360687
1,1.360687
1,1.360687
1,1.360687
0,3.277479
0,3.677479
1,3.357034
0,3.677479
0,3.677479
0,2.638991
1,2.388991
0,3.273289
1,1.200510
0,3.273289
1,1.200510
0,3.273289
1,1.200510
0,4.886077
0,3.677479
0,4.886077
1,1.200510
0,3.273289
0,1.600510
0,4.886077
0,1.600510
0,4.886077
0,1.600510
0,4.886077
0,1.600510
0,4.886077
0,1.600510
0,4.886077
0,1.600510
0,4.886077
0,3.677479
0,3.677479
0,3.677479
0,3.677479
0,3.273289
1,1.640862
0,3.677479
1,1.760687
0,1.600510
0,3
1,0
1,0
1,0
1,0
1,0
1,0
1,2
1,2
1,1
1,1
1,3
1,6
1,3
1,0
1,0
1,4
1,4
1,4
1,0
1,0
1,2
0,0
0,0
1,2
1,2
1,3
0,0
0,0
1,4
1,4
1,4
1,3
1,4
1,3
0,5
1,2
1,2
1,0
1,2
1,0
1,3
0,1
0,1
0,1
0,0
0,0
0,1
0,1
1,3
1,3
1,2
0,0
0,1
1,2
0,0
0,1
1,1
0,0
0,0
0,0
0,4
0,0
0,1
1,0
1,1
1,0
1,1
1,2
1,2
0,1
1,2
0,0
1,1
0,1
0,0
0,0
1,1
0,1
1,7
1,5
0,1
1,7
1,7
0,4
0,0
0,4
1,3
0,4
0,0
0,0
0,1
0,0
0,2
0,1
0,0
0,0
0,1
1,0
1,3
0,0
0,6
1,3
0,6
0,1
1,3
1,3
0,6
0,2
0,6
1,3
0,6
1,1
0,1
0,0
1,0
1,3
0,4
0,0
0,0
0,4
0,0
0,0
1,3
1,1
1,0
1,3
1,0
1,0
1,0
1,0
0,0
1,3
1,0
1,4
1,3
1,4
0,1
0,0
0,0
0,0
0,0
0,0
0,1
0,0
0,0
0,0
0,0
0,0
0,0
0,0
0,1
0,0
0,0
0,1
0,0
0,1
0,0
0,0
1,7
0,4
1,3
1,3
0,4
1,0
0,0
1,2
0,4
1,8
0,1
1,1
0,0
1,1
0,4
1,1
0,0
1,1
1,1
0,0
0,1
1,3
1,0
1,0
1,0
0,0
0,0
1,1
0,3
0,3
0,0
0,3
1,2
0,3
1,4
1,6
0,1
1,4
1,3
1,7
0,8
0,0
0,1
1,5
0,1
1,4
1,3
0,4
1,7
0,1
1,1
0,0
0,0
0,1
1,4
0,1
1,3
0,5
1,2
0,1
1,1
1,3
1,1
1,4
1,1
0,0
0,6
0,0
0,1
1,8
0,8
1,7
1,1
0,0
0,0
1,2
0,2
0,0
0,8
0,0
1,1
0,0
1,1
0,4
0,0
0,4
0,0
0,0
1,1
0,0
0,1
0,0
0,1
1,1
0,1
1,0
0,0
1,3
0,1
1,3
0,1
0,0
0,0
0,0
0,0
1,0
0,0
1,4
0,0
1,4
0,1
1,2
0,1
1,5
0,5
1,4
0,3
0,0
0,3
1,5
0,5
0,0
0,1
1,1
1,1
1,1
1,0
1,3
0,4
0,0
1,7
0,0
1,0
0,1
1,1
0,0
1,1
0,1
1,4
0,6
1,2
0,1
1,6
1,1
1,0
1,1
1,5
0,2
1,3
1,1
0,0
1,1
1,0
0,8
1,2
0,2
1,5
0,3
1,0
1,3
1,5
0,3
0,1
0,8
1,7
1,3
0,1
1,4
1,7
1,7
0,1
0,4
0,1
0,0
0,3
1,4
0,1
1,5
0,5
1,6
0,5
1,1
0,1
1,0
0,1
1,5
0,8
1,0
0,1
1,5
0,8
1,5
0,1
1,0
1,3
1,4
1,1
1,1
1,3
0,4
1,3
1,1
0,1
0,2
0,6
1,4
0,1
0,0
1,1
0,0
1,1
0,1
1,1
1,0
0,0
1,2
0,0
0,2
1,3
0,3
1,2
0,2
1,3
0,5
1,4
0,1
1,5
0,8
1,5
0,0
0,4
1,5
0,4
0,0
1,5
0,3
0,0
1,1
0,4
0,4
1,1
0,0
0,1
1,1
1,3
0,4
0,0
1,1
0,1
1,6
0,5
1,1
0,0
1,1
1,1
1,1
1,1
0,0
0,2
1,5
0,2
1,5
0,5
1,5
0,3
0,0
0,3
1,0
0,8
1,5
0,3
1,5
0,6
1,6
0,8
1,7
0,8
1,7
0,8
0,0
0,2
1,2
1,1
1,2
1,1
1,0
1,1
1,5
0,2
1,5
0,2
1,3
0,8
1,4
0,3
0,0
1,1
0,0
0,3
0,0
0,3
0,1
0,0
0,1
0,0
0,3
0,0
1,1
1,3
1,2
0,1
1,2
0,7
1,2
0,3
0,0
0,8
1,3
0,0
1,2
0,6
1,5
0,1
1,2
0,7
1,6
0,8
1,5
0,4
1,2
0,3
0,0
0,1
1,1
0,0
0,1
1,5
0,0
1,3
1,3
0,1
3.084917,960.000000
2.825289,960.000000
2.820018,960.000000
2.509624,960.000000
2.682742,960.000000
2.340881,960.000000
2.652369,960.000000
2.647134,960.000000
2.405851,960.000000
2.450984,960.000000
2.103040,960.000000
2.039787,960.000000
2.124523,960.000000
1.931056,960.000000
2.622094,960.000000
2.399159,960.000000
2.677432,960.000000
2.338965,960.000000
2.239835,960.000000
2.034896,960.000000
1.899822,960.000000
1.778971,960.000000
1.904585,960.000000
1.932756,960.000000
1.683372,960.000000
1.750372,960.000000
1.584891,960.000000
1.655021,960.000000
1.780251,960.000000
1.718834,960.000000
1.725380,960.000000
1.571503,960.000000
1.471799,960.000000
1.470766,960.000000
1.823010,960.000000
2.193964,960.000000
1.866302,960.000000
1.755934,960.000000
1.927503,960.000000
1.714976,960.000000
1.825442,960.000000
1.456244,960.000000
1.568029,960.000000
1.590395,960.000000
1.857099,960.000000
1.623778,960.000000
1.779867,960.000000
1.744692,960.000000
1.670805,960.000000
1.777607,960.000000
1.856923,960.000000
1.765062,960.000000
1.585990,960.000000
1.420623,960.000000
1.294638,960.000000
1.594129,960.000000
1.682648,960.000000
1.646625,960.000000
1.740216,960.000000
1.820555,960.000000
1.788404,960.000000
1.545571,960.000000
1.332832,960.000000
1.592055,960.000000
1.574778,960.000000
1.361784,960.000000
1.524273,960.000000
1.618852,960.000000
1.765742,960.000000
1.573776,960.000000
1.316403,960.000000
1.598243,960.000000
1.698035,960.000000
1.499237,960.000000
1.400009,960.000000
1.333424,960.000000
1.351579,960.000000
1.765707,960.000000
1.674848,960.000000
2.110314,960.000000
1.766338,960.000000
1.788377,960.000000
2.149511,960.000000
2.035739,960.000000
1.721403,960.000000
2.059610,960.000000
2.171179,960.000000
1.854062,960.000000
2.171823,960.000000
1.974808,960.000000
1.983640,960.000000
1.999919,960.000000
1.681377,960.000000
1.829494,960.000000
2.132093,960.000000
2.132561,960.000000
1.748669,960.000000
2.590361,960.000000
2.164735,960.000000
2.412569,960.000000
2.334767,960.000000
2.019412,960.000000
2.336277,960.000000
1.922250,960.000000
1.849498,960.000000
2.191497,960.000000
1.973237,960.000000
2.695088,960.000000
2.605960,960.000000
1.929878,960.000000
2.690423,960.000000
2.426579,960.000000
2.349391,960.000000
2.221600,960.000000
2.079204,960.000000
1.950345,960.000000
2.282267,960.000000
1.792902,960.000000
2.388923,960.000000
2.763007,960.000000
2.215756,960.000000
2.745355,960.000000
2.395632,960.000000
2.203675,960.000000
2.253112,960.000000
2.247475,960.000000
2.068562,960.000000
2.088712,960.000000
2.399896,960.000000
1.858909,960.000000
2.411615,960.000000
1.814773,960.000000
2.348495,960.000000
2.218515,960.000000
1.877708,960.000000
2.182655,960.000000
1.966461,960.000000
1.942113,960.000000
2.090778,960.000000
2.169179,960.000000
2.439265,960.000000
2.027984,960.000000
2.743907,960.000000
2.596338,960.000000
2.548905,960.000000
2.643047,960.000000
2.154591,960.000000
1.985741,960.000000
2.391920,960.000000
2.391050,960.000000
2.120457,960.000000
2.140515,960.000000
1.891220,960.000000
2.336577,960.000000
2.096030,960.000000
2.183777,960.000000
2.113616,960.000000
2.005446,960.000000
1.966412,960.000000
1.549512,960.000000
1.866174,960.000000
1.786634,960.000000
1.917651,960.000000
1.798949,960.000000
1.649508,960.000000
2.176997,960.000000
1.608824,960.000000
1.660671,960.000000
1.628448,960.000000
1.804978,960.000000
1.813259,960.000000
1.625826,960.000000
1.611384,960.000000
2.014287,960.000000
2.090685,960.000000
1.876230,960.000000
1.792495,960.000000
2.274582,960.000000
2.158140,960.000000
1.695255,960.000000
1.628996,960.000000
1.660132,960.000000
1.943782,960.000000
1.843120,960.000000
2.067295,960.000000
1.656544,960.000000
1.800785,960.000000
2.225419,960.000000
1.798728,960.000000
1.801650,960.000000
2.234136,960.000000
2.114269,960.000000
1.858613,960.000000
2.052610,960.000000
1.915550,960.000000
2.224598,960.000000
2.094874,960.000000
1.686793,960.000000
2.207926,960.000000
1.914159,960.000000
1.815025,960.000000
1.862484,960.000000
1.981208,960.000000
2.100281,960.000000
2.233814,960.000000
2.482986,960.000000
1.758980,960.000000
2.091890,960.000000
1.944148,960.000000
1.876397,960.000000
1.725508,960.000000
1.448175,960.000000
1.881862,960.000000
1.760979,960.000000
1.670973,960.000000
1.833842,960.000000
1.807918,960.000000
2.118365,960.000000
1.804334,960.000000
1.565632,960.000000
1.643783,960.000000
1.760754,960.000000
1.535105,960.000000
1.788218,960.000000
1.710320,960.000000
1.612792,960.000000
2.085211,960.000000
1.746885,960.000000
1.893135,960.000000
1.737417,960.000000
1.646254,960.000000
1.672068,960.000000
1.408440,960.000000
1.943663,960.000000
1.533286,960.000000
1.784974,960.000000
1.564083,960.000000
1.581924,960.000000
2.128080,960.000000
1.706175,960.000000
2.080533,960.000000
1.665111,960.000000
1.806395,960.000000
1.778688,960.000000
1.657506,960.000000
1.685067,960.000000
1.681328,960.000000
2.039341,960.000000
1.624356,960.000000
1.817015,960.000000
1.770606,960.000000
1.443302,960.000000
1.575348,960.000000
1.520534,960.000000
1.335613,960.000000
1.431945,960.000000
1.370007,960.000000
1.468449,960.000000
1.565637,960.000000
1.227593,960.000000
1.267310,960.000000
1.351994,960.000000
1.270612,960.000000
1.317074,960.000000
1.542216,960.000000
1.281254,960.000000
1.653555,960.000000
1.718146,960.000000
1.548263,960.000000
1.352024,960.000000
1.390378,960.000000
1.251204,960.000000
1.200169,960.000000
1.217569,960.000000
1.211032,960.000000
1.420601,960.000000
1.123656,960.000000
1.210144,960.000000
1.361912,960.000000
1.236915,960.000000
1.366291,960.000000
1.300544,960.000000
1.271557,960.000000
1.542132,960.000000
1.311340,960.000000
1.238275,960.000000
1.615692,960.000000
1.573851,960.000000
1.498663,960.000000
1.454708,960.000000
1.361298,960.000000
1.665376,960.000000
1.502291,960.000000
1.338195,960.000000
1.830845,960.000000
1.482260,960.000000
1.702922,960.000000
1.548197,960.000000
1.565173,960.000000
2.071806,960.000000
1.639113,960.000000
1.593427,960.000000
1.519523,960.000000
1.759006,960.000000
1.392135,960.000000
1.490700,960.000000
1.688594,960.000000
1.509848,960.000000
3.147054,960.000000
1.799187,960.000000
2.182399,960.000000
2.008218,960.000000
1.819840,960.000000
1.732112,960.000000
1.730708,960.000000
1.800110,960.000000
1.780781,960.000000
1.563143,960.000000
1.564970,960.000000
1.605301,960.000000
1.798388,960.000000
1.519572,960.000000
1.729781,960.000000
1.694270,960.000000
1.790293,960.000000
1.876998,960.000000
1.631211,960.000000
1.850218,960.000000
2.046681,960.000000
2.299526,960.000000
2.459684,960.000000
2.435729,960.000000
2.002912,960.000000
2.217186,960.000000
1.986443,960.000000
1.988522,960.000000
2.051775,960.000000
2.074914,960.000000
2.051307,960.000000
2.083194,960.000000
2.252746,960.000000
2.476837,960.000000
2.196321,960.000000
2.776805,960.000000
2.394983,960.000000
2.114560,960.000000
2.272551,960.000000
2.400029,960.000000
2.139058,960.000000
2.831654,960.000000
2.880138,960.000000
2.558435,960.000000
2.732846,960.000000
2.659555,960.000000
2.999903,960.000000
2.835159,960.000000
2.405771,960.000000
2.399614,960.000000
2.496515,960.000000
2.716902,960.000000
2.374794,960.000000
2.518942,960.000000
3.003642,960.000000
3.239739,960.000000
2.617123,960.000000
2.802226,960.000000
3.255736,960.000000
2.975335,960.000000
2.887862,960.000000
2.767726,960.000000
2.641992,960.000000
3.712521,960.000000
3.129005,960.000000
3.437090,960.000000
3.560414,960.000000
3.500683,960.000000
4.108053,960.000000
3.600842,960.000000
3.136839,960.000000
3.386867,960.000000
3.598003,960.000000
3.124171,960.000000
3.934758,960.000000
2.941550,960.000000
3.394989,960.000000
3.699182,960.000000
3.120671,960.000000
3.578516,960.000000
3.696339,960.000000
3.400043,960.000000
3.196243,960.000000
4.351570,960.000000
3.713532,960.000000
4.637524,960.000000
4.649142,960.000000
3.769524,960.000000
4.085122,960.000000
4.134360,960.000000
3.772847,960.000000
3.631073,960.000000
3.090064,960.000000
3.838246,960.000000
3.465234,960.000000
3.984791,960.000000
3.136663,960.000000
3.942081,960.000000
3.635532,960.000000
3.885617,960.000000
3.376698,960.000000
3.141629,960.000000
3.765573,960.000000
2.855944,960.000000
3.807352,960.000000
3.731033,960.000000
3.847255,960.000000
4.237838,960.000000
4.000284,960.000000
3.079201,960.000000
3.330796,960.000000
3.145111,960.000000
3.273215,960.000000
3.069587,960.000000
3.568456,960.000000
3.086334,960.000000
3.104524,960.000000
2.710617,960.000000
3.127910,960.000000
3.482418,960.000000
3.040539,960.000000
3.348527,960.000000
2.944295,960.000000
3.148038,960.000000
2.846604,960.000000
2.990025,960.000000
3.063774,960.000000
3.002914,960.000000
4.231495,960.000000
3.400829,960.000000
3.583296,960.000000
2.965849,960.000000
2.767624,960.000000
3.277385,960.000000
2.965855,960.000000
2.890032,960.000000
2.351166,960.000000
2.845264,960.000000
2.449931,960.000000
2.788163,960.000000
2.581629,960.000000
2.483989,960.000000
2.209489,960.000000
2.132312,960.000000
2.121157,960.000000
1.998061,960.000000
2.141440,960.000000
2.772911,960.000000
2.311442,960.000000
2.628430,960.000000
2.405970,960.000000
2.276136,960.000000
2.070361,960.000000
1.867112,960.000000
1.726621,960.000000
1.995971,960.000000
2.027731,960.000000
1.730294,960.000000
1.664648,960.000000
1.440874,960.000000
1.642266,960.000000
1.851525,960.000000
1.640242,960.000000
1.550724,960.000000
1.621811,960.000000
1.512027,960.000000
1.329798,960.000000
1.744096,960.000000
2.239257,960.000000
1.995530,960.000000
1.869387,960.000000
1.737063,960.000000
1.899490,960.000000
1.857817,960.000000
1.594054,960.000000
1.571699,960.000000
1.560680,960.000000
1.821718,960.000000
1.746790,960.000000
1.869392,960.000000
1.757848,960.000000
1.727300,960.000000
1.825153,960.000000
1.864246,960.000000
1.730241,960.000000
1.656817,960.000000
1.481228,960.000000
1.366955,960.000000
1.453572,960.000000
1.731009,960.000000
1.742720,960.000000
1.827084,960.000000
1.799697,960.000000
1.769189,960.000000
1.571434,960.000000
1.354636,960.000000
1.519642,960.000000
1.685919,960.000000
1.378618,960.000000
1.549855,960.000000
1.555120,960.000000
1.713085,960.000000
1.516586,960.000000
1.334529,960.000000
1.569516,960.000000
1.815765,960.000000
1.531816,960.000000
1.523055,960.000000
1.358516,960.000000
1.507115,960.000000
1.806774,960.000000
1.521953,960.000000
1.834452,960.000000
1.866997,960.000000
1.950546,960.000000
2.021871,960.000000
2.167715,960.000000
1.820183,960.000000
2.146934,960.000000
2.101795,960.000000
1.773374,960.000000
1.972685,960.000000
2.090838,960.000000
2.076415,960.000000
2.061450,960.000000
1.648263,960.000000
1.932683,960.000000
2.165665,960.000000
2.112638,960.000000
1.752271,960.000000
2.299695,960.000000
2.138305,960.000000
2.511503,960.000000
2.205807,960.000000
1.981795,960.000000
2.325878,960.000000
2.007272,960.000000
1.989652,960.000000
2.348772,960.000000
2.000627,960.000000
2.525582,960.000000
2.233026,960.000000
1.888444,960.000000
2.610890,960.000000
2.363252,960.000000
2.259989,960.000000
2.435534,960.000000
2.258111,960.000000
1.885512,960.000000
2.270506,960.000000
2.013374,960.000000
2.227470,960.000000
2.710841,960.000000
2.162410,960.000000
2.743677,960.000000
2.323868,960.000000
2.197822,960.000000
2.200049,960.000000
2.140831,960.000000
1.856093,960.000000
2.009503,960.000000
2.306155,960.000000
1.891879,960.000000
2.258706,960.000000
1.878625,960.000000
2.071551,960.000000
2.450261,960.000000
2.165612,960.000000
2.206301,960.000000
2.107219,960.000000
2.080004,960.000000
2.044046,960.000000
2.347766,960.000000
2.437730,960.000000
2.124349,960.000000
2.653718,960.000000
2.262829,960.000000
2.606075,960.000000
2.597847,960.000000
1.976790,960.000000
2.071309,960.000000
2.392477,960.000000
2.180722,960.000000
2.148724,960.000000
2.102580,960.000000
1.975203,960.000000
2.247824,960.000000
2.150289,960.000000
2.004335,960.000000
2.049143,960.000000
1.985816,960.000000
1.970194,960.000000
1.676959,960.000000
1.872760,960.000000
1.902850,960.000000
1.847146,960.000000
1.848637,960.000000
1.626948,960.000000
2.118903,960.000000
1.822939,960.000000
1.759118,960.000000
1.588521,960.000000
1.797449,960.000000
1.861940,960.000000
1.673753,960.000000
1.762681,960.000000
1.963509,960.000000
1.952525,960.000000
1.851084,960.000000
1.756437,960.000000
2.142440,960.000000
1.970546,960.000000
1.515793,960.000000
1.497031,960.000000
1.462087,960.000000
2.093091,960.000000
1.821136,960.000000
2.145796,960.000000
1.822370,960.000000
1.850744,960.000000
2.251157,960.000000
1.825990,960.000000
1.879048,960.000000
2.001209,960.000000
2.155867,960.000000
1.873342,960.000000
2.298787,960.000000
1.947309,960.000000
2.243410,960.000000
2.090027,960.000000
1.618447,960.000000
2.143380,960.000000
1.940166,960.000000
1.979136,960.000000
1.689847,960.000000
2.096323,960.000000
2.098867,960.000000
2.430918,960.000000
2.239107,960.000000
1.825845,960.000000
1.993197,960.000000
2.027088,960.000000
1.836313,960.000000
1.752076,960.000000
1.600871,960.000000
2.079396,960.000000
1.667642,960.000000
1.622076,960.000000
1.692268,960.000000
1.764268,960.000000
2.059778,960.000000
1.923671,960.000000
1.488045,960.000000
1.605739,960.000000
1.585637,960.000000
1.542249,960.000000
1.878157,960.000000
1.854091,960.000000
1.795063,960.000000
2.150545,960.000000
1.729699,960.000000
1.792594,960.000000
1.713812,960.000000
1.702000,960.000000
1.694993,960.000000
1.520409,960.000000
1.788096,960.000000
1.494469,960.000000
1.975379,960.000000
1.559935,960.000000
1.697696,960.000000
1.999750,960.000000
1.686161,960.000000
2.049655,960.000000
1.745176,960.000000
1.772505,960.000000
1.657968,960.000000
1.698066,960.000000
1.594676,960.000000
1.624973,960.000000
2.064197,960.000000
1.726996,960.000000
1.839668,960.000000
1.573701,960.000000
1.402909,960.000000
1.567550,960.000000
1.556875,960.000000
1.437571,960.000000
1.460742,960.000000
1.518359,960.000000
1.427853,960.000000
1.551240,960.000000
1.392657,960.000000
1.221619,960.000000
1.326014,960.000000
1.314854,960.000000
1.312628,960.000000
1.368485,960.000000
1.224604,960.000000
1.618262,960.000000
1.620665,960.000000
1.552408,960.000000
1.227465,960.000000
1.378755,960.000000
1.305965,960.000000
1.201662,960.000000
1.162921,960.000000
1.269632,960.000000
1.267639,960.000000
1.212368,960.000000
1.314233,960.000000
1.286934,960.000000
1.274566,960.000000
1.303148,960.000000
1.356646,960.000000
1.367326,960.000000
1.485523,960.000000
1.338643,960.000000
1.324074,960.000000
1.567642,960.000000
1.590015,960.000000
1.576443,960.000000
1.622327,960.000000
1.403535,960.000000
1.450834,960.000000
1.489879,960.000000
1.365866,960.000000
1.658911,960.000000
1.446315,960.000000
1.767875,960.000000
1.600655,960.000000
1.540331,960.000000
2.077588,960.000000
1.650027,960.000000
1.482674,960.000000
1.562303,960.000000
1.768149,960.000000
1.461015,960.000000
1.529329,960.000000
1.742164,960.000000
1.519003,960.000000
2.899781,960.000000
1.892051,960.000000
2.228789,960.000000
1.965718,960.000000
1.779278,960.000000
1.547690,960.000000
1.708697,960.000000
1.903524,960.000000
1.633390,960.000000
1.459547,960.000000
1.651901,960.000000
1.576898,960.000000
1.701955,960.000000
1.681871,960.000000
1.709050,960.000000
1.761398,960.000000
1.762487,960.000000
1.861997,960.000000
1.496057,960.000000
1.710368,960.000000
2.147348,960.000000
2.336584,960.000000
2.344830,960.000000
2.361801,960.000000
2.190895,960.000000
2.240985,960.000000
2.235248,960.000000
2.058372,960.000000
2.067724,960.000000
2.071265,960.000000
2.198170,960.000000
2.260505,960.000000
2.118546,960.000000
2.270656,960.000000
2.161396,960.000000
2.692017,960.000000
2.367996,960.000000
2.260915,960.000000
2.181472,960.000000
2.580941,960.000000
1.866975,960.000000
2.794045,960.000000
2.968003,960.000000
2.657929,960.000000
2.699478,960.000000
2.712181,960.000000
2.951102,960.000000
2.865097,960.000000
2.370091,960.000000
2.455196,960.000000
2.414854,960.000000
2.674728,960.000000
2.456174,960.000000
2.472282,960.000000
2.944117,960.000000
3.096870,960.000000
2.572445,960.000000
2.812622,960.000000
3.103233,960.000000
2.965511,960.000000
2.764776,960.000000
2.624845,960.000000
2.592304,960.000000
3.541205,960.000000
3.363164,960.000000
3.452846,960.000000
3.413118,960.000000
3.419952,960.000000
3.861994,960.000000
3.500471,960.000000
3.209754,960.000000
3.414939,960.000000
3.619969,960.000000
3.089264,960.000000
3.972241,960.000000
3.085728,960.000000
3.487384,960.000000
3.538215,960.000000
3.098325,960.000000
3.591383,960.000000
3.615339,960.000000
3.515569,960.000000
3.368217,960.000000
4.477737,960.000000
3.702918,960.000000
4.482420,960.000000
4.864926,960.000000
3.914791,960.000000
3.991382,960.000000
4.211148,960.000000
3.573274,960.000000
3.374130,960.000000
3.188841,960.000000
4.051820,960.000000
3.391759,960.000000
3.954788,960.000000
3.407632,960.000000
3.940233,960.000000
3.635719,960.000000
3.791510,960.000000
3.325050,960.000000
3.282372,960.000000
3.855375,960.000000
3.140369,960.000000
3.910757,960.000000
3.870508,960.000000
3.544450,960.000000
4.070640,960.000000
3.907555,960.000000
3.258945,960.000000
3.342771,960.000000
3.096637,960.000000
3.205080,960.000000
3.314520,960.000000
3.567405,960.000000
2.881046,960.000000
3.087606,960.000000
2.589875,960.000000
2.960392,960.000000
3.517337,960.000000
2.870578,960.000000
3.272865,960.000000
2.898220,960.000000
3.008190,960.000000
2.941348,960.000000
3.065092,960.000000
3.156361,960.000000
2.953262,960.000000
4.229848,960.000000
3.491921,960.000000
3.508143,960.000000
3.145470,960.000000
2.895465,960.000000
3.125958,960.000000
2.955990,960.000000
3.014435,960.000000
2.456276,960.000000
2.689515,960.000000
2.312583,960.000000
2.816761,960.000000
2.543015,960.000000
2.492483,960.000000
2.187835,960.000000
2.148653,960.000000
2.108473,960.000000
2.055656,960.000000
1.949892,960.000000
2.576940,960.000000
2.430555,960.000000
2.597389,960.000000
2.396422,960.000000
2.299256,960.000000
1.994643,960.000000
1.897451,960.000000
1.732305,960.000000
1.882285,960.000000
1.896217,960.000000
1.845986,960.000000
1.701178,960.000000
1.500026,960.000000
1.833843,960.000000
1.931517,960.000000
1.653254,960.000000
1.658677,960.000000
1.636178,960.000000
1.546567,960.000000
1.396472,960.000000
1.705413,960.000000
1.960824,960.000000
1.754159,960.000000
1.867185,960.000000
1.814173,960.000000
1.857209,960.000000
1.787240,960.000000
1.576898,960.000000
1.596042,960.000000
1.486535,960.000000
1.784327,960.000000
1.619912,960.000000
1.746030,960.000000
1.698384,960.000000
1.611982,960.000000
1.964855,960.000000
1.793703,960.000000
1.678476,960.000000
1.849813,960.000000
1.427993,960.000000
1.487052,960.000000
1.687122,960.000000
1.706668,960.000000
1.560588,960.000000
1.845437,960.000000
1.770740,960.000000
1.865576,960.000000
1.617578,960.000000
1.280313,960.000000
1.498023,960.000000
1.675010,960.000000
1.360244,960.000000
1.503694,960.000000
1.556738,960.000000
1.642101,960.000000
1.593041,960.000000
1.257305,960.000000
1.586729,960.000000
1.766293,960.000000
1.635042,960.000000
1.683387,960.000000
1.341630,960.000000
1.474490,960.000000
1.787139,960.000000
1.556914,960.000000
1.891793,960.000000
1.817413,960.000000
1.867976,960.000000
2.001273,960.000000
1.947558,960.000000
1.790883,960.000000
2.117455,960.000000
2.036017,960.000000
1.938939,960.000000
2.041020,960.000000
2.036339,960.000000
1.998188,960.000000
1.935067,960.000000
1.667858,960.000000
1.786445,960.000000
2.242893,960.000000
2.183012,960.000000
1.869793,960.000000
2.465077,960.000000
2.235264,960.000000
2.370073,960.000000
2.323430,960.000000
2.133558,960.000000
2.255447,960.000000
1.899616,960.000000
2.020059,960.000000
2.276452,960.000000
1.880830,960.000000
2.516211,960.000000
2.357325,960.000000
1.947612,960.000000
2.520640,960.000000
2.336819,960.000000
2.209777,960.000000
2.478745,960.000000
2.376721,960.000000
1.930470,960.000000
2.189112,960.000000
1.998798,960.000000
2.270064,960.000000
2.837006,960.000000
2.305767,960.000000
2.590736,960.000000
2.441641,960.000000
2.161941,960.000000
2.024674,960.000000
2.000146,960.000000
2.041484,960.000000
2.236254,960.000000
2.263920,960.000000
1.888451,960.000000
2.337548,960.000000
1.874996,960.000000
2.073717,960.000000
2.395741,960.000000
2.086164,960.000000
2.213260,960.000000
2.124758,960.000000
2.122676,960.000000
1.950648,960.000000
2.263699,960.000000
2.386710,960.000000
2.089214,960.000000
2.752239,960.000000
2.475964,960.000000
2.403910,960.000000
2.661314,960.000000
1.971605,960.000000
2.040941,960.000000
2.312835,960.000000
2.164513,960.000000
2.042581,960.000000
2.249767,960.000000
1.905929,960.000000
2.516516,960.000000
2.118025,960.000000
2.020020,960.000000
2.115060,960.000000
2.023764,960.000000
1.993839,960.000000
1.746075,960.000000
1.897932,960.000000
1.834245,960.000000
1.876543,960.000000
1.939377,960.000000
1.804608,960.000000
2.105238,960.000000
1.769431,960.000000
1.697200,960.000000
1.649143,960.000000
1.630472,960.000000
1.828636,960.000000
1.614510,960.000000
1.804055,960.000000
1.943253,960.000000
1.989874,960.000000
1.653979,960.000000
1.748744,960.000000
1.945110,960.000000
1.971879,960.000000
1.614161,960.000000
1.584802,960.000000
1.719982,960.000000
1.970862,960.000000
1.670174,960.000000
1.969775,960.000000
1.926562,960.000000
1.921094,960.000000
2.421843,960.000000
1.820985,960.000000
1.969297,960.000000
2.224089,960.000000
2.271651,960.000000
1.760551,960.000000
1.974053,960.000000
1.923119,960.000000
2.058944,960.000000
2.164058,960.000000
1.693098,960.000000
1.990519,960.000000
1.994413,960.000000
1.844049,960.000000
1.923999,960.000000
2.142894,960.000000
2.181266,960.000000
2.453730,960.000000
2.361776,960.000000
1.824251,960.000000
2.091579,960.000000
2.085647,960.000000
1.800041,960.000000
1.645792,960.000000
1.682167,960.000000
1.932472,960.000000
1.632929,960.000000
1.715367,960.000000
1.653744,960.000000
1.895961,960.000000
1.972365,960.000000
1.925254,960.000000
1.515139,960.000000
1.589757,960.000000
1.552865,960.000000
1.479586,960.000000
1.870531,960.000000
1.821179,960.000000
1.866999,960.000000
2.122163,960.000000
1.717148,960.000000
1.737309,960.000000
1.806880,960.000000
1.674882,960.000000
1.662399,960.000000
1.446916,960.000000
1.923132,960.000000
1.458157,960.000000
1.786502,960.000000
1.513331,960.000000
1.648864,960.000000
2.016072,960.000000
1.748192,960.000000
1.975464,960.000000
1.707526,960.000000
1.760312,960.000000
1.652630,960.000000
1.748470,960.000000
1.719756,960.000000
1.658735,960.000000
2.178017,960.000000
1.668000,960.000000
1.950242,960.000000
1.599154,960.000000
1.461791,960.000000
1.650168,960.000000
1.580289,960.000000
1.394797,960.000000
1.438734,960.000000
1.593854,960.000000
1.419016,960.000000
1.499884,960.000000
1.241993,960.000000
1.288477,960.000000
1.527294,960.000000
1.256704,960.000000
1.204505,960.000000
1.498395,960.000000
1.194206,960.000000
1.596480,960.000000
1.690857,960.000000
1.589611,960.000000
1.286855,960.000000
1.326478,960.000000
1.314313,960.000000
1.295174,960.000000
1.250476,960.000000
1.211582,960.000000
1.293441,960.000000
1.215892,960.000000
1.298736,960.000000
1.248482,960.000000
1.318826,960.000000
1.398046,960.000000
1.335283,960.000000
1.139064,960.000000
1.311285,960.000000
1.374270,960.000000
1.201477,960.000000
1.536108,960.000000
1.659835,960.000000
1.563293,960.000000
1.580956,960.000000
1.379247,960.000000
1.612274,960.000000
1.516677,960.000000
1.375662,960.000000
1.872087,960.000000
1.412085,960.000000
1.713528,960.000000
1.667270,960.000000
1.454223,960.000000
1.844385,960.000000
1.641531,960.000000
1.692771,960.000000
1.492763,960.000000
1.894851,960.000000
1.387296,960.000000
1.414308,960.000000
1.885980,960.000000
1.613807,960.000000
2.685440,960.000000
1.930726,960.000000
2.024714,960.000000
1.924838,960.000000
1.802623,960.000000
1.710770,960.000000
1.692205,960.000000
1.778241,960.000000
1.766585,960.000000
1.517724,960.000000
1.626953,960.000000
1.765157,960.000000
1.639617,960.000000
1.594672,960.000000
1.803454,960.000000
1.594137,960.000000
1.788951,960.000000
1.893565,960.000000
1.575546,960.000000
1.814394,960.000000
2.069641,960.000000
2.537790,960.000000
2.447259,960.000000
2.275457,960.000000
2.234123,960.000000
2.217163,960.000000
2.139906,960.000000
2.157596,960.000000
2.067175,960.000000
1.973205,960.000000
2.149507,960.000000
2.190535,960.000000
2.291817,960.000000
2.525078,960.000000
2.245404,960.000000
2.736728,960.000000
2.318714,960.000000
2.231401,960.000000
2.215037,960.000000
2.660377,960.000000
1.804236,960.000000
2.603732,960.000000
2.822149,960.000000
2.608200,960.000000
2.754608,960.000000
2.691133,960.000000
2.950425,960.000000
2.640720,960.000000
2.440050,960.000000
2.365140,960.000000
2.372393,960.000000
2.756266,960.000000
2.538418,960.000000
2.666349,960.000000
3.070674,960.000000
3.105974,960.000000
2.678770,960.000000
2.834641,960.000000
3.050690,960.000000
2.806002,960.000000
2.859253,960.000000
2.635792,960.000000
2.691314,960.000000
3.608088,960.000000
3.259136,960.000000
3.562197,960.000000
3.370614,960.000000
3.356965,960.000000
3.867959,960.000000
3.602554,960.000000
3.204108,960.000000
3.561976,960.000000
3.675179,960.000000
3.096660,960.000000
4.014159,960.000000
3.154128,960.000000
3.239598,960.000000
3.594032,960.000000
3.132716,960.000000
3.477125,960.000000
3.762686,960.000000
3.483150,960.000000
3.247232,960.000000
4.259916,960.000000
3.789499,960.000000
4.379307,960.000000
4.756217,960.000000
3.901544,960.000000
4.022323,960.000000
4.189448,960.000000
3.689611,960.000000
3.350149,960.000000
3.177454,960.000000
4.016435,960.000000
3.467431,960.000000
3.639582,960.000000
3.443986,960.000000
4.101821,960.000000
3.782904,960.000000
3.669468,960.000000
3.355161,960.000000
3.259869,960.000000
3.635790,960.000000
3.060587,960.000000
3.837804,960.000000
3.766740,960.000000
3.816565,960.000000
4.063153,960.000000
3.687962,960.000000
3.255347,960.000000
3.509782,960.000000
3.046804,960.000000
3.219588,960.000000
3.102080,960.000000
3.780164,960.000000
2.877929,960.000000
3.211724,960.000000
2.772948,960.000000
3.087493,960.000000
3.571594,960.000000
2.981283,960.000000
3.272069,960.000000
2.849462,960.000000
3.173064,960.000000
2.766074,960.000000
2.959456,960.000000
3.066925,960.000000
3.052210,960.000000
4.116306,960.000000
3.284592,960.000000
3.538637,960.000000
2.989695,960.000000
2.942345,960.000000
3.028276,960.000000
2.890735,960.000000
2.877791,960.000000
2.489403,960.000000
2.683675,960.000000
2.336133,960.000000
2.675201,960.000000
2.610769,960.000000
2.462753,960.000000
2.288187,960.000000
2.217866,960.000000
2.107722,960.000000
2.022317,960.000000
2.001658,960.000000
2.676017,960.000000
2.391573,960.000000
2.639830,960.000000
2.318436,960.000000
2.276689,960.000000
1.946431,960.000000
1.789171,960.000000
1.803671,960.000000
1.860458,960.000000
1.990174,960.000000
1.703331,960.000000
1.726260,960.000000
1.577637,960.000000
1.690264,960.000000
1.812698,960.000000
1.799649,960.000000
1.677928,960.000000
1.527226,960.000000
1.478588,960.000000
1.410626,960.000000
1.724269,960.000000
2.066490,960.000000
1.911264,960.000000
1.904702,960.000000
1.682947,960.000000
1.965161,960.000000
1.780391,960.000000
1.482295,960.000000
1.525496,960.000000
1.547281,960.000000
1.756332,960.000000
1.657495,960.000000
1.867593,960.000000
1.836213,960.000000
1.572192,960.000000
1.861709,960.000000
1.785743,960.000000
1.829455,960.000000
1.772658,960.000000
1.452617,960.000000
1.289592,960.000000
1.612760,960.000000
1.574467,960.000000
1.685240,960.000000
1.814747,960.000000
1.893475,960.000000
1.863593,960.000000
1.729860,960.000000
1.325238,960.000000
1.647865,960.000000
1.575003,960.000000
1.262442,960.000000
1.583929,960.000000
1.600083,960.000000
1.687905,960.000000
1.598171,960.000000
1.409158,960.000000
1.447864,960.000000
1.825278,960.000000
1.609882,960.000000
1.514242,960.000000
1.305972,960.000000
1.602765,960.000000
1.846770,960.000000
1.570915,960.000000
2.022233,960.000000
1.746772,960.000000
1.816104,960.000000
2.054664,960.000000
2.131356,960.000000
1.750040,960.000000
2.190853,960.000000
2.046217,960.000000
1.766034,960.000000
2.136757,960.000000
1.927356,960.000000
2.176575,960.000000
1.894929,960.000000
1.694977,960.000000
1.752089,960.000000
2.020605,960.000000
2.206506,960.000000
1.998958,960.000000
2.416036,960.000000
2.066716,960.000000
2.437475,960.000000
2.197642,960.000000
2.093316,960.000000
2.038107,960.000000
2.015941,960.000000
2.024374,960.000000
2.328111,960.000000
2.030210,960.000000
2.483190,960.000000
2.289082,960.000000
1.970939,960.000000
2.501858,960.000000
2.479776,960.000000
2.215250,960.000000
2.379924,960.000000
2.152046,960.000000
1.775275,960.000000
2.252922,960.000000
2.001135,960.000000
2.276303,960.000000
2.893869,960.000000
2.352889,960.000000
2.553139,960.000000
2.476716,960.000000
2.129166,960.000000
2.092349,960.000000
2.126714,960.000000
2.061909,960.000000
2.149975,960.000000
2.289663,960.000000
1.899487,960.000000
2.420776,960.000000
1.911353,960.000000
2.046345,960.000000
2.422124,960.000000
2.090305,960.000000
2.298132,960.000000
2.156746,960.000000
1.965746,960.000000
1.915579,960.000000
2.248705,960.000000
2.525004,960.000000
2.115070,960.000000
2.625760,960.000000
2.422891,960.000000
2.604738,960.000000
2.537016,960.000000
2.141515,960.000000
1.991083,960.000000
2.337663,960.000000
2.163450,960.000000
2.132593,960.000000
2.197327,960.000000
2.019178,960.000000
2.307346,960.000000
2.206257,960.000000
1.960479,960.000000
1.919029,960.000000
1.957832,960.000000
2.037003,960.000000
1.518490,960.000000
1.868728,960.000000
1.870608,960.000000
1.987979,960.000000
1.962656,960.000000
1.844442,960.000000
2.034732,960.000000
1.702360,960.000000
1.727231,960.000000
1.673689,960.000000
1.788914,960.000000
1.896290,960.000000
1.755170,960.000000
1.659469,960.000000
1.992781,960.000000
2.083512,960.000000
1.619003,960.000000
1.682774,960.000000
1.856122,960.000000
1.873490,960.000000
1.822839,960.000000
1.443181,960.000000
1.680863,960.000000
1.963290,960.000000
1.869703,960.000000
2.023182,960.000000
1.932424,960.000000
1.894752,960.000000
2.230242,960.000000
1.933910,960.000000
1.954098,960.000000
2.041765,960.000000
2.312379,960.000000
1.837733,960.000000
2.293348,960.000000
1.827650,960.000000
1.971644,960.000000
2.127618,960.000000
1.710062,960.000000
2.106357,960.000000
2.092230,960.000000
1.906946,960.000000
1.736897,960.000000
2.183493,960.000000
2.145794,960.000000
2.471107,960.000000
2.275057,960.000000
1.892521,960.000000
2.040993,960.000000
2.127082,960.000000
1.824458,960.000000
1.684734,960.000000
1.579034,960.000000
2.055586,960.000000
1.789025,960.000000
1.701850,960.000000
1.605616,960.000000
1.848327,960.000000
1.948161,960.000000
1.758088,960.000000
1.607239,960.000000
1.476903,960.000000
1.773319,960.000000
1.549782,960.000000
1.824307,960.000000
1.693412,960.000000
1.698307,960.000000
2.109585,960.000000
1.754984,960.000000
1.786240,960.000000
1.749481,960.000000
1.516149,960.000000
1.639289,960.000000
1.604610,960.000000
1.868577,960.000000
1.487744,960.000000
1.820879,960.000000
1.491079,960.000000
1.798837,960.000000
2.157943,960.000000
1.566485,960.000000
1.945208,960.000000
1.667486,960.000000
1.774605,960.000000
1.723542,960.000000
1.681409,960.000000
1.649354,960.000000
1.460013,960.000000
2.204160,960.000000
1.784449,960.000000
2.035562,960.000000
1.716868,960.000000
1.460780,960.000000
1.734795,960.000000
1.571970,960.000000
1.538719,960.000000
1.347489,960.000000
1.497659,960.000000
1.334718,960.000000
1.496745,960.000000
1.201752,960.000000
1.190277,960.000000
1.412524,960.000000
1.255246,960.000000
1.287428,960.000000
1.336691,960.000000
1.260589,960.000000
1.694254,960.000000
1.608414,960.000000
1.543955,960.000000
1.203508,960.000000
1.387183,960.000000
1.380740,960.000000
1.273120,960.000000
1.332342,960.000000
1.208302,960.000000
1.261241,960.000000
1.310845,960.000000
1.190920,960.000000
1.348615,960.000000
1.350388,960.000000
1.361465,960.000000
1.279012,960.000000
1.334909,960.000000
1.444578,960.000000
1.327344,960.000000
1.263848,960.000000
1.552394,960.000000
1.576223,960.000000
1.451792,960.000000
1.548758,960.000000
1.321407,960.000000
1.512127,960.000000
1.431781,960.000000
1.312534,960.000000
1.823207,960.000000
1.420372,960.000000
1.638602,960.000000
1.606095,960.000000
1.408338,960.000000
2.111979,960.000000
1.739190,960.000000
1.599590,960.000000
1.629108,960.000000
1.860888,960.000000
1.421560,960.000000
1.462461,960.000000
1.791548,960.000000
1.632132,960.000000
2.868670,960.000000
1.914896,960.000000
2.239598,960.000000
1.880181,960.000000
1.697340,960.000000
1.767737,960.000000
1.597772,960.000000
1.800536,960.000000
1.715822,960.000000
1.641821,960.000000
1.576945,960.000000
1.631254,960.000000
1.639267,960.000000
1.661548,960.000000
1.648955,960.000000
1.770557,960.000000
1.818618,960.000000
1.963370,960.000000
1.464638,960.000000
1.880891,960.000000
2.150303,960.000000
2.495987,960.000000
2.383148,960.000000
2.356202,960.000000
2.252692,960.000000
2.174412,960.000000
2.181670,960.000000
2.168128,960.000000
2.020730,960.000000
2.051680,960.000000
2.172625,960.000000
2.087787,960.000000
2.199943,960.000000
2.392721,960.000000
2.378816,960.000000
2.641213,960.000000
2.416563,960.000000
2.328329,960.000000
2.369127,960.000000
2.439581,960.000000
1.920709,960.000000
2.727971,960.000000
2.801298,960.000000
2.622195,960.000000
2.594513,960.000000
2.626842,960.000000
2.901696,960.000000
2.693953,960.000000
2.401824,960.000000
2.299347,960.000000
2.251029,960.000000
2.846287,960.000000
2.435634,960.000000
2.459760,960.000000
3.055586,960.000000
3.015701,960.000000
2.633405,960.000000
2.929023,960.000000
3.149150,960.000000
2.823881,960.000000
2.900303,960.000000
2.721755,960.000000
2.715405,960.000000
3.404192,960.000000
3.172820,960.000000
3.745695,960.000000
3.247730,960.000000
3.472992,960.000000
4.022752,960.000000
3.591401,960.000000
3.237722,960.000000
3.605869,960.000000
3.643457,960.000000
3.244298,960.000000
3.940419,960.000000
3.141448,960.000000
3.142286,960.000000
3.849963,960.000000
3.163091,960.000000
3.519275,960.000000
3.651217,960.000000
3.700852,960.000000
3.211241,960.000000
4.228796,960.000000
3.664275,960.000000
4.479794,960.000000
4.620901,960.000000
3.828355,960.000000
4.033606,960.000000
4.152117,960.000000
3.546008,960.000000
3.364680,960.000000
3.258341,960.000000
3.918927,960.000000
3.451318,960.000000
3.880439,960.000000
3.136096,960.000000
3.997681,960.000000
3.823491,960.000000
3.797121,960.000000
3.457273,960.000000
3.478650,960.000000
3.801604,960.000000
3.001375,960.000000
3.801862,960.000000
3.908706,960.000000
3.737026,960.000000
4.067381,960.000000
3.708191,960.000000
3.487833,960.000000
3.385542,960.000000
3.119832,960.000000
3.024969,960.000000
3.131964,960.000000
3.484303,960.000000
2.846442,960.000000
3.171999,960.000000
2.838997,960.000000
2.888362,960.000000
3.642184,960.000000
2.954213,960.000000
3.057772,960.000000
2.993030,960.000000
2.884992,960.000000
2.957845,960.000000
3.061670,960.000000
3.024206,960.000000
3.053054,960.000000
4.349209,960.000000
3.438712,960.000000
3.705663,960.000000
2.968247,960.000000
2.651904,960.000000
118.195772,960.000000
22.731149,960.000000
37.807135,960.000000
42.057399,960.000000
19.713466,960.000000
95.481201,960.000000
22.727952,960.000000
19.785580,960.000000
22.174955,960.000000
56.916922,960.000000
10.604878,960.000000
13.975911,960.000000
68.420568,960.000000
22.785028,960.000000
165.035709,960.000000
80.107639,960.000000
51.244969,960.000000
53.835175,960.000000
16.794421,960.000000
10.704228,960.000000
8.899941,960.000000
