2,20,0,2,4474040,0.616734
3,8,2,0,1,0.581981
3,14,20,2,3,0.356249
3,11,3,0,1,0.259597
3,1,20,2,2,0.223837
2,0,2,1,2,0.211084
3,2,19,2,2,0.160858
3,9,20,1,1,0.142107
2,17,2,1,1,0.121087
2,5,2,1,1,0.116093
3,7,19,1,0,0.113736
3,6,18,1,3,0.107562
2,10,2,1,3,0.102449
3,1,1,1,2,0.096810
3,8,2,1,0,0.089719
3,4,11,1,1,0.092116
2,14,2,1,1,0.076497
2,20,2,1,1,0.081435
2,3,2,1,1,0.075884
3,11,3,1,1,0.075246
3,8,2,2,0,0.100820
2,1,2,1,0,0.074222
2,0,2,1,0,0.072094
2,12,2,1,0,0.069030
3,7,11,1,2,0.071330
3,14,20,1,3,0.132207
2,20,1,0,3,0.070296
2,14,2,1,3,0.082512
3,16,20,0,3,0.062684
2,5,2,1,3,0.059415
3,19,4,0,2,0.060060
2,8,2,1,2,0.058170
3,11,3,1,1,0.054010
2,3,2,1,1,0.061495
2,17,2,1,1,0.053372
3,18,17,1,0,0.048485
0,3,2,1,0,0.044581
2,0,1,0,0,0.058264
2,11,1,2,0,0.043565
3,11,3,0,1,0.050604
2,19,1,0,1,0.050366
2,20,1,0,1,0.055103
3,4,11,1,1,0.055101
2,0,1,0,1,0.046757
2,15,1,0,1,0.039436
0,2,1,0,1,0.039440
0,3,1,2,1,0.037042
2,0,1,1,1,0.038143
2,14,2,2,1,0.051642
2,5,2,1,1,0.043612
3,4,20,2,0,0.050681
3,3,10,1,3,0.036006
2,16,1,1,3,0.033655
3,2,8,1,1,0.042525
3,19,7,2,3,0.045009
3,19,13,1,2,0.037070
3,3,20,1,2,0.035175
2,5,1,1,2,0.037364
2,20,2,0,2,0.043031
2,5,1,1,2,0.037951
2,12,2,0,2,0.041747
3,1,18,1,0,0.032366
3,2,2,1,0,0.031441
3,6,16,1,1,0.029585
3,11,4,1,1,0.029912
2,12,1,1,1,0.033379
3,18,17,2,3,0.033647
2,10,1,1,3,0.028020
2,16,1,1,3,0.027472
3,1,16,1,2,0.032306
3,4,1,1,2,0.023770
3,4,2,1,0,0.034319
2,5,1,1,0,0.028477
2,5,1,1,0,0.031533
2,5,1,1,0,0.027304
2,14,1,1,0,0.029727
2,0,1,1,0,0.031390
3,15,20,1,3,0.030618
2,3,1,1,3,0.027842
3,11,3,1,1,0.030394
2,11,1,1,1,0.027357
2,11,1,1,1,0.029410
2,20,1,1,1,0.031333
2,5,1,1,1,0.029719
2,17,1,1,1,0.031414
2,9,1,1,1,0.024580
3,2,8,1,1,0.025412
2,3,1,1,1,0.022186
3,3,10,1,3,0.028844
3,19,4,1,2,0.022999
2,12,1,1,2,0.025380
2,0,2,0,2,0.030112
2,7,1,1,2,0.022471
3,4,11,1,0,0.020361
2,0,1,1,0,0.021962
2,0,1,1,0,0.023992
2,9,2,0,0,0.027024
2,11,1,1,0,0.026292
3,2,8,1,1,0.022565
2,8,1,1,1,0.026092
2,5,1,1,1,0.023630
3,4,1,1,1,0.023264
3,1,6,1,1,0.019068
3,7,11,1,2,0.023533
2,20,2,0,2,0.025587
3,2,8,1,1,0.024240
3,11,3,1,1,0.025255
2,3,1,1,1,0.025435
2,14,1,1,1,0.025933
2,15,1,1,1,0.024501
2,9,1,1,1,0.023041
2,14,2,1,1,0.018048
2,14,2,0,1,0.021504
2,8,2,1,1,0.018516
3,13,4,1,0,0.018664
3,8,20,1,2,0.016212
2,5,2,1,2,0.021810
2,9,2,2,2,0.023255
2,12,2,1,2,0.020386
2,16,2,2,2,0.022728
2,14,2,1,2,0.015934
2,14,2,0,2,0.019653
2,5,2,1,2,0.019451
3,2,8,0,1,0.021634
3,2,8,1,1,0.018817
3,18,14,2,1,0.022372
2,14,2,1,1,0.016556
3,2,20,0,2,0.017756
3,4,11,1,1,0.017436
3,15,20,0,3,0.019136
3,2,4,1,1,0.020602
3,4,20,0,0,0.018074
2,12,2,1,0,0.019580
2,14,2,0,0,0.021193
2,8,2,1,0,0.019616
2,20,2,0,0,0.019803
3,19,4,1,2,0.018961
3,3,20,0,2,0.017886
2,5,2,0,2,0.014345
3,11,3,0,1,0.013822
2,5,2,1,1,0.018098
3,11,4,0,2,0.017505
2,3,2,1,2,0.014956
3,3,10,0,3,0.017328
2,10,2,0,3,0.019153
2,10,2,0,3,0.014607
2,15,2,1,3,0.016515
3,15,1,0,3,0.017499
3,1,18,0,0,0.022254
3,1,16,0,3,0.013760
3,4,11,0,1,0.014071
2,0,2,0,1,0.015584
3,18,19,1,2,0.014726
3,19,1,0,0,0.014716
2,0,2,1,0,0.015741
2,14,2,0,0,0.017085
2,12,2,1,0,0.017044
2,20,2,0,0,0.017899
3,16,20,1,0,0.020167
3,6,16,1,1,0.013898
3,6,0,1,3,0.023872
3,4,11,0,1,0.014852
3,2,8,0,1,0.013260
2,9,2,0,1,0.013077
2,9,2,0,1,0.016168
2,15,2,1,1,0.016368
3,2,8,0,1,0.016917
3,2,8,1,1,0.015798
2,18,2,0,1,0.017309
2,3,2,1,1,0.014482
3,8,20,0,0,0.015040
2,8,2,0,0,0.013736
2,5,2,0,0,0.015184
3,19,18,0,0,0.012964
2,9,2,0,0,0.011515
2,9,2,0,0,0.013911
2,12,2,1,0,0.016671
2,9,2,0,0,0.015074
2,5,2,1,0,0.014536
3,19,4,0,2,0.015141
2,19,2,0,2,0.014813
3,4,11,0,1,0.010931
3,19,11,0,3,0.021050
2,11,2,1,3,0.017891
2,6,2,0,3,0.014798
3,7,11,1,2,0.014325
2,6,2,0,2,0.011856
3,15,6,0,2,0.016006
3,15,6,1,2,0.018575
3,19,4,1,2,0.015886
2,0,2,0,2,0.014584
2,17,2,0,2,0.012174
2,17,3,1,2,0.013645
2,0,2,0,2,0.014456
3,2,8,1,1,0.012365
2,14,2,0,1,0.012606
2,13,3,1,1,0.013889
2,20,2,0,1,0.014423
2,19,3,1,1,0.013023
3,18,19,0,2,0.013340
0,3,2,0,2,0.010828
2,8,3,1,2,0.009823
3,8,20,1,1,0.009865
3,8,20,1,3,0.010193
3,2,8,1,1,0.012518
2,16,2,2,1,0.013987
2,11,3,1,1,0.013320
2,10,2,2,1,0.013401
2,13,3,1,1,0.012494
2,9,2,2,1,0.013233
2,12,3,1,1,0.012413
3,4,1,2,1,0.013192
2,1,3,1,1,0.010115
2,12,3,1,1,0.009924
3,4,2,1,0,0.010577
2,13,3,1,0,0.010774
2,5,3,1,0,0.010587
3,2,8,1,1,0.009376
3,2,8,1,1,0.009279
2,13,3,1,1,0.014200
2,14,2,2,1,0.012674
2,5,3,1,1,0.012436
2,16,2,2,1,0.012452
3,2,8,1,1,0.011937
2,17,1,0,1,0.011731
2,17,3,1,1,0.011844
2,13,3,1,1,0.008539
0,1,3,1,1,0.009283
3,4,6,1,1,0.008442
2,6,2,1,1,0.011081
3,6,16,1,3,0.010732
2,16,2,1,3,0.008751
2,9,1,0,3,0.011849
2,12,2,1,3,0.010490
3,3,10,2,3,0.012866
2,11,2,1,3,0.011772
3,2,8,2,1,0.011443
2,2,2,1,1,0.010479
3,3,10,2,3,0.010456
2,10,2,1,3,0.011074
2,14,2,1,3,0.008083
2,14,2,1,3,0.011868
2,14,2,2,3,0.011921
3,3,11,1,1,0.009377
2,16,1,2,1,0.010890
2,8,2,1,1,0.011256
2,20,1,2,1,0.011226
2,5,2,1,1,0.010325
2,10,1,2,1,0.010885
2,13,2,1,1,0.010072
2,6,1,0,1,0.010936
2,6,2,1,1,0.009493
2,14,2,1,1,0.008338
2,14,2,1,1,0.008640
2,14,2,1,1,0.010431
2,14,2,2,1,0.008803
2,12,2,1,1,0.011172
2,17,2,2,1,0.010603
3,3,11,1,1,0.010612
2,12,2,1,1,0.009332
2,15,2,1,1,0.007259
2,14,2,2,1,0.010319
3,11,4,1,2,0.010062
2,17,2,2,2,0.009204
2,0,2,1,2,0.007283
2,17,2,2,2,0.010117
2,5,2,1,2,0.010223
2,17,2,2,2,0.009804
2,13,2,1,2,0.009908
2,9,2,2,2,0.009847
2,19,2,1,2,0.009241
2,16,2,2,2,0.009551
2,8,2,1,2,0.009353
3,2,8,2,1,0.009361
3,2,8,1,1,0.008404
3,4,2,2,2,0.011244
2,2,2,1,2,0.008904
3,19,4,2,2,0.009785
2,19,2,1,2,0.007538
3,19,4,1,2,0.007797
2,17,2,2,2,0.010784
3,19,4,1,2,0.009730
2,7,2,2,2,0.009352
2,15,2,1,2,0.007723
3,3,10,1,3,0.009870
2,3,2,2,3,0.009295
3,11,3,1,1,0.011936
2,13,2,1,1,0.012285
2,6,2,2,1,0.009946
2,11,2,1,1,0.008511
2,7,2,2,1,0.009502
0,3,2,1,1,0.007074
2,17,2,2,1,0.007599
2,17,1,1,1,0.007879
2,15,2,2,1,0.008787
2,3,1,1,1,0.009254
2,18,2,2,1,0.008383
2,12,1,1,1,0.008365
2,14,2,2,1,0.009435
2,13,1,1,1,0.008960
2,17,2,2,1,0.009166
2,15,1,1,1,0.009106
2,13,2,2,1,0.008760
2,0,2,2,1,0.007560
2,0,1,1,1,0.007789
3,8,20,2,0,0.008266
3,8,20,1,1,0.009005
3,8,20,2,3,0.008224
2,8,1,1,3,0.007974
2,16,2,2,3,0.008605
2,13,1,1,3,0.008823
2,17,2,2,3,0.008916
2,12,1,1,3,0.008824
2,17,2,2,3,0.008546
3,19,4,1,0,0.008606
3,11,4,2,3,0.007966
2,12,1,1,3,0.007446
2,12,1,1,3,0.007805
2,2,2,2,3,0.007287
3,2,4,1,2,0.007588
3,2,8,2,1,0.007178
3,2,8,1,1,0.007581
3,19,18,1,0,0.006396
3,8,20,1,3,0.006176
3,8,20,1,2,0.007312
3,8,20,2,0,0.007432
2,16,1,1,0,0.007800
3,8,20,2,3,0.007932
3,8,20,1,3,0.006943
3,8,20,1,2,0.007140
2,16,2,2,2,0.006378
2,5,1,1,2,0.008907
2,16,2,2,2,0.008283
2,13,1,1,2,0.008214
2,17,2,2,2,0.008268
2,0,1,1,2,0.008299
2,16,2,2,2,0.008016
2,4,1,1,2,0.006322
2,4,2,2,2,0.007791
3,2,8,1,1,0.008360
3,8,20,2,3,0.008020
3,2,8,1,1,0.007952
2,5,2,2,1,0.006297
2,9,1,1,1,0.006509
2,9,2,2,1,0.007476
2,11,1,1,1,0.008187
2,14,2,2,1,0.008068
2,13,1,1,1,0.007885
2,17,2,2,1,0.008017
2,12,1,1,1,0.007944
2,10,2,2,1,0.007877
2,13,1,1,1,0.007245
2,16,2,2,1,0.007836
2,8,1,1,1,0.007669
2,9,2,2,1,0.007418
2,5,1,1,1,0.007245
2,17,2,2,1,0.007494
2,13,1,1,1,0.007549
2,4,2,2,1,0.007403
2,15,1,1,1,0.007022
2,1,2,2,1,0.006921
3,3,11,1,1,0.006390
2,14,2,2,1,0.006876
2,13,1,1,1,0.007105
2,16,2,2,1,0.007315
2,12,1,1,1,0.007182
2,17,2,2,1,0.007210
2,11,1,1,1,0.007233
3,2,8,2,1,0.007036
3,2,8,1,1,0.006291
2,2,1,1,1,0.006308
2,2,1,1,1,0.007730
3,8,20,2,3,0.007010
3,8,20,2,1,0.005910
3,8,20,2,1,0.007154
3,8,20,1,1,0.006628
3,8,20,2,3,0.006302
3,2,8,1,1,0.007089
3,8,20,2,1,0.006863
3,4,11,1,1,0.005863
3,4,11,2,1,0.007627
2,11,2,2,1,0.006503
2,8,1,1,1,0.006156
2,18,2,2,1,0.006686
2,19,1,1,1,0.005869
2,17,2,2,1,0.006986
2,13,1,1,1,0.007028
2,16,2,2,1,0.006921
2,13,1,1,1,0.006709
2,17,2,2,1,0.006793
2,11,1,1,1,0.006757
2,14,2,2,1,0.006550
2,13,1,1,1,0.006338
2,17,2,2,1,0.006538
2,12,1,1,1,0.006485
3,2,8,2,1,0.006391
3,2,8,1,1,0.005368
2,16,2,2,1,0.006337
2,8,1,1,1,0.006272
3,19,4,2,2,0.006146
2,19,1,1,2,0.006101
2,12,1,1,2,0.005432
2,14,1,1,2,0.005343
2,14,1,1,2,0.007352
3,18,14,2,3,0.013880
3,19,18,0,1,0.009059
2,14,1,0,1,0.006724
3,4,11,0,1,0.004861
2,11,2,2,1,0.006472
3,19,4,1,2,0.004527
2,17,2,2,2,0.006763
2,0,1,1,2,0.006490
3,8,20,2,3,0.006238
2,5,1,1,3,0.006025
2,3,2,2,3,0.006257
2,13,1,1,3,0.006210
2,4,2,2,3,0.006229
2,14,1,1,3,0.005935
0,3,2,2,3,0.006324
2,0,1,0,3,0.004672
2,14,1,1,3,0.005249
2,14,1,0,3,0.006227
2,15,1,0,3,0.004535
3,8,20,1,3,0.004946
3,6,16,0,1,0.004693
3,16,20,0,0,0.009335
2,16,1,0,0,0.008602
2,12,1,1,0,0.006169
2,20,1,0,0,0.006942
2,13,1,1,0,0.006333
2,9,1,0,0,0.006332
3,19,4,1,2,0.005930
2,7,1,0,2,0.006017
2,9,1,1,2,0.004527
0,3,1,0,2,0.005265
0,3,1,2,2,0.004704
2,13,1,1,2,0.005480
2,10,1,2,2,0.006095
2,11,1,1,2,0.005575
3,8,20,2,0,0.006072
2,10,1,1,0,0.004625
3,3,10,1,3,0.008701
2,3,1,1,3,0.005464
2,3,1,2,3,0.006956
2,0,1,1,3,0.005997
3,8,20,2,0,0.006071
2,10,1,1,0,0.005349
3,3,11,1,1,0.004680
3,2,8,1,1,0.004483
2,2,1,1,1,0.006058
3,2,8,1,1,0.004871
2,9,1,2,1,0.005862
3,2,8,1,1,0.004843
2,18,1,2,1,0.005900
2,6,1,1,1,0.005840
2,17,1,2,1,0.005992
2,13,1,1,1,0.005915
2,17,1,2,1,0.005802
2,5,1,1,1,0.005767
3,19,4,2,2,0.005675
3,4,2,1,2,0.005241
3,2,4,1,0,0.004734
2,4,1,1,0,0.006019
2,4,1,1,0,0.004943
3,19,4,1,2,0.005638
2,12,1,1,2,0.005032
2,6,1,2,2,0.005777
2,6,1,1,2,0.005795
2,13,1,1,2,0.004538
2,19,1,1,2,0.005137
2,16,1,2,2,0.005596
2,13,1,1,2,0.005611
2,17,1,2,2,0.005624
2,15,1,1,2,0.005597
2,3,1,2,2,0.005401
2,6,1,1,2,0.005569
2,6,1,2,2,0.005549
2,3,1,1,2,0.004870
2,5,1,1,2,0.004013
2,10,1,2,2,0.004037
2,6,1,1,2,0.004642
2,3,1,2,2,0.005547
2,13,1,1,2,0.005455
2,14,1,2,2,0.005446
2,11,1,1,2,0.005256
2,4,1,2,2,0.005358
3,19,4,1,0,0.005176
2,17,1,2,0,0.005036
2,6,1,1,0,0.005351
2,9,1,2,0,0.005342
2,17,1,1,0,0.005227
2,17,1,2,0,0.005983
2,14,1,1,0,0.004191
2,16,1,2,0,0.004554
2,12,1,1,0,0.005257
2,3,1,2,0,0.005210
2,13,1,1,0,0.005236
2,18,1,2,0,0.005243
2,14,1,1,0,0.004998
2,14,1,1,0,0.004730
1,0.300000
1,0.900000
1,0.300000
1,0.900000
1,0.300000
1,0.300000
0,0.100000
1,0.100000
1,0.300000
1,0.100000
1,0.100000
1,0.100000
1,0.100000
1,0.100000
1,0.100000
1,0.100000
1,0.100000
1,0.100000
1,0.200000
1,0.200000
0,0.100000
1,0.200000
1,0.100000
1,0.100000
1,0.100000
1,0.100000
0,0.100000
1,0.400000
0,0.100000
1,0.200000
0,0.100000
1,0.200000
1,0.200000
1,0.200000
1,0.200000
1,0.200000
1,0.200000
0,0.100000
0,0.100000
0,0.100000
0,0.100000
0,0.100000
1,0.200000
0,0.100000
0,0.100000
0,0.100000
0,0.100000
1,0.200000
0,0.100000
1,0.200000
0,0.100000
1,0.200000
1,0.200000
1,0.200000
0,0.100000
1,0.200000
1,0.200000
1,0.200000
0,0.100000
1,0.200000
0,0.100000
1,0.200000
1,0.200000
1,0.200000
1,0.200000
1,0.200000
0,0.100000
1,0.200000
1,0.200000
1,0.200000
1,0.200000
1,0.200000
1,0.200000
1,0.200000
1,0.200000
1,0.200000
1,0.200000
1,0.200000
1,0.200000
1,0.200000
1,0.200000
1,0.200000
1,0.200000
1,0.200000
1,0.200000
1,0.200000
1,0.200000
1,0.200000
1,0.200000
1,0.200000
1,0.200000
0,0.100000
1,0.200000
1,0.200000
1,0.200000
1,0.200000
0,0.100000
1,0.200000
1,0.200000
1,0.200000
1,0.200000
1,0.200000
1,0.200000
1,0.200000
0,0.100000
1,0.200000
1,0.200000
1,0.200000
1,0.200000
1,0.200000
1,0.200000
1,0.200000
0,0.100000
1,0.200000
1,0.200000
1,0.200000
1,0.200000
0,0.100000
1,0.200000
0,0.100000
1,0.200000
0,0.100000
1,0.200000
0,0.100000
1,0.200000
0,0.100000
1,0.200000
0,0.100000
1,0.200000
0,0.100000
1,0.200000
0,0.100000
1,0.200000
0,0.100000
1,0.200000
0,0.100000
1,0.200000
0,0.100000
0,0.100000
0,0.100000
1,0.200000
0,0.100000
1,0.200000
0,0.100000
0,0.100000
0,0.100000
1,0.200000
0,0.100000
0,0.100000
0,0.100000
0,0.100000
0,0.100000
1,0.200000
0,0.100000
1,0.200000
0,0.100000
1,0.200000
0,0.100000
1,0.200000
1,0.200000
1,0.200000
0,0.100000
0,0.100000
0,0.100000
0,0.100000
1,0.200000
0,0.100000
1,0.200000
0,0.100000
1,0.200000
0,0.100000
0,0.100000
0,0.100000
0,0.100000
0,0.100000
0,0.100000
1,0.200000
0,0.100000
1,0.200000
0,0.100000
0,0.100000
0,0.100000
0,0.100000
1,0.200000
0,0.100000
1,0.200000
0,0.100000
0,0.100000
1,0.200000
1,0.300000
0,0.100000
0,0.100000
1,0.300000
0,0.100000
1,0.300000
0,0.100000
1,0.300000
0,0.100000
1,0.300000
0,0.100000
0,0.100000
1,0.300000
1,0.300000
1,0.300000
1,0.300000
0,0.100000
1,0.300000
0,0.100000
1,0.300000
0,0.100000
1,0.300000
0,0.100000
1,0.300000
1,0.300000
1,0.300000
1,0.300000
1,0.300000
1,0.300000
1,0.300000
1,0.300000
0,0.200000
1,0.300000
0,0.200000
1,0.300000
0,0.100000
1,0.300000
1,0.300000
1,0.300000
1,0.100000
1,0.200000
1,0.100000
1,0.100000
0,0.100000
1,0.200000
0,0.200000
1,0.200000
0,0.200000
1,0.200000
0,0.100000
1,0.100000
1,0.100000
1,0.200000
0,0.100000
1,0.200000
0,0.200000
1,0.200000
0,0.200000
1,0.200000
0,0.200000
1,0.200000
0,0.100000
1,0.200000
1,0.100000
1,0.100000
1,0.100000
0,0.200000
1,0.100000
0,0.200000
1,0.100000
1,0.100000
1,0.100000
0,0.200000
1,0.100000
0,0.200000
1,0.100000
0,0.200000
1,0.100000
0,0.200000
1,0.100000
0,0.200000
1,0.100000
0,0.200000
1,0.100000
0,0.200000
1,0.100000
0,0.200000
1,0.100000
0,0.200000
1,0.100000
1,0.100000
0,0.200000
1,0.100000
0,0.200000
1,0.100000
1,0.100000
0,0.200000
1,0.100000
1,0.100000
0,0.200000
1,0.100000
0,0.200000
1,0.100000
0,0.100000
1,0.200000
0,0.100000
1,0.200000
0,0.100000
1,0.200000
0,0.200000
1,0.200000
0,0.200000
1,0.200000
0,0.100000
0,0.100000
1,0.200000
0,0.100000
1,0.200000
0,0.100000
1,0.200000
0,0.100000
1,0.200000
0,0.200000
1,0.200000
0,0.100000
1,0.200000
0,0.100000
1,0.200000
1,0.200000
0,0.100000
1,0.200000
0,0.100000
1,0.200000
1,0.200000
1,0.200000
1,0.200000
0,0.100000
1,0.200000
0,0.100000
1,0.200000
1,0.200000
0,0.100000
1,0.200000
0,0.200000
1,0.200000
0,0.200000
1,0.200000
0,0.200000
1,0.200000
0,0.100000
1,0.200000
0,0.200000
1,0.200000
0,0.100000
1,0.200000
0,0.100000
1,0.200000
0,0.200000
1,0.200000
0,0.200000
1,0.200000
0,0.200000
1,0.200000
0,0.200000
1,0.200000
0,0.200000
1,0.200000
0,0.200000
1,0.200000
0,0.200000
1,0.200000
0,0.100000
1,0.200000
0,0.100000
1,0.200000
0,0.200000
1,0.200000
0,0.200000
1,0.200000
0,0.200000
1,0.200000
1,0.200000
1,0.200000
0,0.100000
0,0.100000
0,0.200000
1,0.200000
0,0.100000
1,0.200000
0,0.200000
1,0.200000
0,0.100000
0,0.100000
1,0.200000
0,0.100000
1,0.200000
0,0.100000
1,0.200000
0,0.200000
1,0.200000
0,0.200000
1,0.200000
0,0.200000
1,0.200000
0,0.200000
1,0.200000
0,0.200000
1,0.200000
0,0.200000
1,0.200000
0,0.200000
1,0.200000
1,0.200000
1,0.200000
1,0.200000
0,0.100000
0,0.100000
0,0.100000
0,0.100000
0,0.200000
1,0.200000
0,0.200000
1,0.200000
0,0.200000
1,0.200000
0,0.200000
1,0.200000
0,0.200000
1,0.200000
0,0.100000
0,0.100000
1,0.200000
0,0.100000
0,0.100000
1,0.200000
0,0.100000
0,0.100000
0,0.100000
1,0.200000
0,0.100000
1,0.200000
0,0.100000
1,0.200000
0,0.100000
1,0.200000
0,0.100000
0,0.200000
1,0.200000
0,0.200000
1,0.200000
0,0.200000
1,0.200000
1,0.200000
1,0.200000
0,0.200000
1,0.200000
0,0.200000
1,0.200000
1,0.200000
1,0.200000
1,0.200000
1,0.200000
0,0.200000
1,0.200000
0,0.200000
1,0.200000
0,0.200000
1,0.200000
0,0.200000
1,0.200000
0,0.200000
1,0.200000
1,0.200000
1,0.200000
1,0.200000
1,0.200000
1,0.200000
0,0.200000
1,0.200000
1,0.200000
1,0.200000
0,0.200000
1,0.200000
0,0.200000
1,0.200000
0,0.200000
1,0.200000
0,0.200000
1,0.200000
1,0.200000
0,0.200000
1,0.200000
0,0.200000
1,0.200000
0,0.200000
1,0.200000
0,0.200000
1,0.200000
0,0.200000
1,0.200000
0,0.200000
1,0.200000
0,0.200000
1,0.200000
0,0.200000
1,0.200000
0,0.200000
1,0.200000
0,0.200000
1,0.200000
1,0.200000
1,3.932189
0,0.759755
1,1.592679
0,1.217353
1,3.580001
0,0.960830
0,1.884896
1,1.576859
1,4.255629
0,1.517763
0,1.517763
1,4.255629
0,8.907043
1,2.692579
0,0.926833
0,1.513147
0,1.262495
1,3.417425
0,0.782101
1,1.567353
1,0.826833
0,1.182897
0,0.914726
0,0.914726
0,0.914726
0,1.592679
1,3.074836
0,1.182897
1,3.074836
0,0.844701
0,1.259275
0,0.844701
1,1.217353
1,1.763147
0,2.438288
1,1.581947
1,1.392977
1,1.716813
1,1.763147
1,1.217353
1,1.763147
1,2.167972
1,1.763147
0,2.438288
0,2.438288
1,2.167972
1,1.392977
1,1.442977
1,2.167972
0,0.644701
1,2.167972
1,1.442977
0,1.394578
0,0.644701
0,1.394578
1,1.167836
0,2.066813
1,1.674077
0,1.553152
0,0.644701
0,1.553152
0,4.315498
0,1.757629
1,1.674077
0,1.553152
1,1.182707
1,1.450452
1,1.182707
1,1.182707
1,1.372458
0,1.425886
1,1.182707
0,2.432021
0,1.313147
0,0.844701
0,2.432021
0,0.644701
0,2.432021
0,0.644701
1,1.217353
0,1.313147
0,0.644701
0,1.309275
0,0.644701
0,1.309275
0,0.844701
0,0.894701
0,1.966813
1,1.392977
0,1.309275
0,0.644701
1,0.694701
1,1.115238
1,1.434155
0,1.325115
0,1.313147
1,0.694701
0,0.644701
1,0.694701
0,0.644701
1,1.217353
0,1.325115
1,2.245222
1,1.014726
1,1.217353
0,0.644701
1,1.217353
0,1.916813
1,0.694701
1,1.409275
1,0.694701
1,1.115238
1,0.694701
1,1.019637
1,1.019637
0,2.370775
1,1.409275
1,0.694701
1,1.409275
1,0.694701
0,1.313147
0,1.611139
0,1.313147
1,0.694701
0,0.644701
1,1.038917
0,1.313147
0,2.096810
0,1.313147
1,1.982021
1,1.115238
0,2.517972
1,1.409275
0,1.611139
1,1.409275
0,2.066813
1,1.409275
0,2.066813
1,1.217353
1,1.217353
0,0.644701
0,1.611139
1,1.513147
1,1.292977
1,1.513147
1,1.232239
0,0.644701
1,0.781082
0,4.315498
1,1.338487
1,1.513147
0,1.463147
1,4.194892
0,1.909140
0,0.644701
1,0.694701
0,0.644701
1,0.694701
0,3.567425
1,1.524077
0,1.335885
0,1.463147
0,0.844701
1,0.944701
1,2.138055
1,0.944701
1,0.694701
0,0.644701
1,2.138055
1,0.944701
1,2.138055
0,2.417973
0,1.309275
0,2.417973
1,0.944701
0,1.309275
0,0.644701
0,1.309275
1,0.944701
0,1.309275
1,3.694892
1,1.513147
0,1.376507
1,1.409275
1,1.264074
1,0.864726
1,0.944701
0,1.266465
1,1.116465
1,1.409275
0,1.475115
1,3.694892
1,0.944701
1,2.067563
1,0.944701
1,2.067563
0,0.644701
1,2.067563
0,0.644701
1,3.694892
0,1.475115
0,1.475115
0,2.184004
1,2.067563
0,0.644701
0,1.475115
1,1.043083
0,1.475115
1,1.043083
0,1.475115
1,1.043083
0,1.475115
1,1.132707
1,1.132707
1,1.132707
0,0.844701
0,0.844701
0,0.844701
1,0.744701
0,0.644701
1,1.264074
0,0.644701
1,1.264074
0,0.644701
1,0.694701
1,1.264074
1,1.264074
1,1.043083
1,1.264074
1,1.043083
1,1.455931
1,1.292977
1,0.694701
1,1.043083
0,1.592977
1,1.043083
1,0.694701
1,1.043083
1,1.292977
1,1.043083
0,1.556237
0,1.323171
0,1.556237
1,1.043083
0,1.556237
0,0.743083
1,2.138055
1,1.542977
1,0.694701
1,1.811139
1,0.694701
1,1.811139
1,0.744701
0,0.743083
0,0.743083
0,1.556237
1,1.811139
0,1.556237
0,0.743083
0,1.309275
1,1.811139
0,1.309275
1,1.811139
0,1.556237
0,0.644701
0,1.556237
0,0.644701
0,1.556237
0,0.644701
0,1.556237
0,0.644701
0,1.556237
0,0.644701
1,0.694701
0,0.644701
1,0.966016
0,0.794701
0,1.309275
1,1.409275
1,1.409275
0,2.370775
1,1.409275
0,2.370775
1,1.394337
1,1.542977
0,2.006115
1,1.217353
1,1.394337
1,2.138055
1,1.394337
1,2.138055
1,2.138055
1,2.138055
1,1.394337
1,2.138055
1,1.394337
1,2.138055
1,1.394337
1,2.138055
1,1.394337
1,2.138055
1,1.394337
1,2.138055
0,2.417973
1,1.394337
1,2.138055
0,2.034004
1,2.067563
0,2.070775
0,1.556237
1,1.394337
0,1.556237
1,1.394337
0,1.556237
1,1.394337
0,1.556237
1,1.513147
1,1.513147
0,2.370775
1,1.123800
1,0.744701
0,0.794701
0,2.417973
1,2.167563
0,2.070775
1,2.138055
0,0.644701
0,2.417563
1,2.367563
0,2.220775
1,2.167563
0,0.644701
0,2.567563
0,0.644701
0,2.567563
0,0.644701
0,2.567563
1,0.944701
0,2.567563
0,0.644701
0,2.567563
1,0.944701
1,2.167563
1,1.043083
1,2.167563
1,1.043083
0,2.567563
1,1.043083
0,2.567563
1,1.043083
0,2.567563
1,1.043083
0,2.567563
1,1.043083
1,2.167563
1,1.043083
1,0.744701
1,1.043083
1,0.744701
1,1.043083
1,2.167563
1,1.043083
1,0.744701
0,0.644701
1,0.744701
0,0.644701
1,0.744701
0,0.644701
1,0.744701
0,0.844701
1,1.513147
0,0.644701
1,2.167563
0,2.034004
1,1.984004
0,2.034004
0,2.567563
0,0.644701
1,1.984004
1,1.513147
0,1.463147
1,1.363147
0,2.188055
0,1.309275
0,0.743083
0,1.309275
0,0.743083
0,1.309275
0,0.743083
0,1.309275
0,0.743083
0,1.309275
1,1.811139
1,0.694701
1,1.811139
1,0.694701
0,0.644701
0,1.309275
1,1.811139
0,1.309275
1,1.513147
1,1.409275
1,1.409275
1,1.409275
1,1.162213
0,2.462656
1,1.059275
1,1.513147
0,1.463147
1,1.409275
0,2.567563
1,1.409275
0,2.567563
1,1.409275
1,1.059275
1,1.409275
1,1.059275
1,1.409275
1,1.059275
1,2.367563
1,1.409275
1,2.367563
1,2.367563
1,2.367563
1,1.574077
0,3.417425
0,2.567563
1,1.409275
1,1.059275
1,1.409275
1,1.059275
1,1.409275
0,2.488055
1,0.893083
0,2.488055
0,2.488055
0,0.644701
0,2.488055
0,0.644701
0,2.488055
1,0.893083
1,1.392977
1,1.059275
1,2.138055
1,1.811139
1,2.138055
0,2.188055
1,0.893083
0,0.844701
1,1.017413
1,0.994701
1,1.059275
0,0.644701
1,1.059275
1,1.811139
1,1.059275
1,1.811139
1,1.059275
1,1.811139
1,1.059275
0,1.116016
1,1.017413
1,1.394337
1,1.513147
0,1.309275
1,1.394337
0,1.613147
1,1.394337
1,1.524077
1,1.394337
0,1.613147
1,1.394337
0,1.613147
0,0.693083
0,1.613147
1,1.394337
1,1.311139
0,0.743083
0,1.613147
1,1.311139
1,1.394337
1,1.311139
1,1.394337
1,1.311139
1,1.394337
1,1.311139
1,1.394337
1,1.311139
1,1.811139
1,1.311139
1,1.811139
1,1.311139
1,1.811139
1,1.311139
1,1.811139
1,1.311139
1,1.811139
1,1.311139
1,1.811139
1,1.311139
0,0
1,3
0,0
1,2
1,1
1,2
1,0
1,1
1,2
1,1
1,0
1,0
1,0
1,1
1,0
1,0
0,1
0,0
1,1
1,1
1,0
1,1
1,1
1,1
1,1
1,2
0,1
0,0
1,1
1,2
1,1
1,1
1,1
1,2
1,1
1,0
1,0
1,0
1,1
0,2
1,2
0,1
1,8
0,2
0,2
1,0
1,0
1,4
0,5
1,8
0,1
1,8
1,0
1,8
0,1
1,8
1,0
1,8
0,1
1,8
1,0
1,0
1,0
1,4
1,1
1,4
0,1
1,0
1,1
1,4
1,4
1,7
1,0
0,1
1,3
0,6
1,5
0,1
1,3
1,0
1,0
1,3
0,1
1,8
1,0
1,4
1,0
1,1
1,0
1,0
1,6
1,0
1,1
1,2
0,2
1,3
0,6
1,2
1,0
1,3
1,0
1,6
1,1
1,6
0,1
1,7
0,6
1,2
0,6
1,7
1,1
1,3
0,2
0,1
1,0
1,3
1,7
0,6
1,8
1,0
1,3
0,4
1,8
0,1
1,5
0,1
1,3
0,2
1,4
0,1
1,6
1,0
1,8
0,6
1,5
0,1
1,7
0,2
0,1
0,2
1,4
0,2
1,3
0,2
1,0
0,1
1,7
0,1
0,2
0,1
0,2
0,2
1,4
0,2
1,4
0,6
1,8
0,1
1,4
1,3
1,1
1,4
1,4
1,4
0,5
1,6
0,1
1,3
0,1
1,3
1,0
1,3
1,0
1,4
1,4
0,7
1,7
0,7
1,8
0,2
0,0
0,2
0,2
1,4
0,2
1,1
1,1
0,2
1,2
1,5
0,2
0,2
1,3
1,0
1,5
0,6
1,5
0,1
1,2
0,5
0,1
0,1
0,1
0,1
1,5
0,5
1,4
0,2
1,5
0,7
1,8
0,7
0,0
0,1
0,1
0,1
0,1
0,2
0,2
1,5
0,7
1,8
0,5
1,8
0,2
1,1
1,0
1,8
1,0
1,1
0,2
1,3
0,6
1,8
0,7
1,4
0,7
1,2
0,7
1,0
0,2
1,3
0,4
1,5
0,5
1,5
0,1
1,8
0,2
1,5
0,2
1,1
1,1
0,2
1,3
0,7
1,8
0,7
1,7
1,0
1,7
0,7
1,6
1,0
1,6
0,7
1,8
0,7
1,6
0,7
1,3
0,5
1,5
1,0
1,8
0,2
1,2
0,2
0,0
1,1
0,7
1,8
0,2
0,3
1,2
1,0
1,0
1,6
0,2
1,3
1,0
0,2
0,2
1,3
1,0
1,3
0,1
1,8
0,7
1,6
0,7
1,8
0,1
0,2
1,3
0,6
1,3
0,6
1,3
0,6
1,6
0,7
1,8
0,7
1,6
0,1
0,1
1,2
1,0
0,1
1,0
1,3
1,1
0,1
1,3
1,0
1,3
0,4
1,2
1,2
0,4
1,8
0,6
1,5
0,7
1,6
1,0
1,2
0,4
1,4
0,7
1,4
1,0
1,4
0,5
1,4
0,7
1,6
0,7
1,8
0,2
1,6
0,6
1,5
0,7
1,8
0,7
1,6
0,4
1,7
0,2
1,4
0,7
1,6
0,6
1,8
0,7
1,4
0,1
0,2
0,1
1,2
0,1
0,2
0,1
1,3
0,1
1,3
0,1
1,3
1,1
0,1
1,3
0,1
1,3
0,7
1,6
0,6
1,6
0,7
1,4
0,7
1,6
0,7
1,8
0,8
1,5
0,6
1,5
0,7
0,0
0,1
0,2
1,3
0,4
1,1
1,1
1,0
1,0
1,0
0,7
1,6
0,8
1,8
0,8
1,6
0,4
0,0
0,2
0,2
1,3
0,2
0,3
1,3
1,3
1,3
0,4
1,8
0,1
1,6
0,7
1,5
0,2
1,4
0,5
1,0
1,6
0,2
1,4
0,2
1,0
0,5
1,2
0,8
1,6
0,2
1,0
1,3
0,5
0,1
1,2
0,5
1,5
0,2
1,5
0,7
1,6
0,7
1,8
0,2
1,1
1,3
1,1
0,0
0,2
1,8
0,2
1,1
0,2
1,3
0,6
1,6
0,7
1,8
0,8
1,5
0,2
1,2
0,1
0,1
1,5
0,8
1,6
0,7
1,4
0,4
1,5
0,7
1,5
0,8
1,3
0,2
0,0
0,6
1,8
0,8
1,6
0,2
1,3
0,4
1.571536,960.000000
1.372017,960.000000
1.387102,960.000000
1.386696,960.000000
1.522260,960.000000
1.610734,960.000000
1.267087,960.000000
1.649483,960.000000
1.629334,960.000000
1.797046,960.000000
1.691544,960.000000
1.376183,960.000000
1.684378,960.000000
1.916024,960.000000
1.848300,960.000000
1.848916,960.000000
1.966547,960.000000
1.955628,960.000000
1.989493,960.000000
2.286168,960.000000
1.953614,960.000000
1.851169,960.000000
2.139367,960.000000
2.096459,960.000000
1.760666,960.000000
2.210967,960.000000
2.352211,960.000000
1.927834,960.000000
2.173761,960.000000
2.145960,960.000000
2.124332,960.000000
2.351436,960.000000
2.362557,960.000000
1.918719,960.000000
2.288958,960.000000
1.873362,960.000000
2.032626,960.000000
2.061724,960.000000
1.751884,960.000000
2.427782,960.000000
2.132273,960.000000
2.157879,960.000000
2.055116,960.000000
1.624385,960.000000
1.991058,960.000000
1.368814,960.000000
1.653795,960.000000
2.063731,960.000000
1.586687,960.000000
1.840185,960.000000
1.455470,960.000000
1.500139,960.000000
1.760492,960.000000
1.342542,960.000000
1.315415,960.000000
1.525143,960.000000
1.355961,960.000000
1.558893,960.000000
1.661301,960.000000
1.509935,960.000000
1.529860,960.000000
1.811732,960.000000
1.689232,960.000000
1.620219,960.000000
1.535258,960.000000
1.542192,960.000000
1.705267,960.000000
1.605663,960.000000
1.750225,960.000000
1.495009,960.000000
1.814623,960.000000
1.633246,960.000000
1.785815,960.000000
1.578101,960.000000
1.700325,960.000000
1.560465,960.000000
1.885455,960.000000
1.684458,960.000000
1.501407,960.000000
2.006223,960.000000
1.857669,960.000000
1.831592,960.000000
1.967569,960.000000
1.969786,960.000000
1.717555,960.000000
1.958975,960.000000
1.676430,960.000000
1.640550,960.000000
1.987805,960.000000
2.127180,960.000000
1.915162,960.000000
2.029778,960.000000
1.931768,960.000000
2.508815,960.000000
1.839722,960.000000
2.038227,960.000000
1.873442,960.000000
2.168646,960.000000
2.265431,960.000000
2.145859,960.000000
1.872319,960.000000
1.988501,960.000000
2.326794,960.000000
2.248151,960.000000
2.117949,960.000000
2.072208,960.000000
1.768774,960.000000
2.081403,960.000000
1.667358,960.000000
1.873073,960.000000
2.340698,960.000000
1.902562,960.000000
2.184318,960.000000
2.291834,960.000000
2.111740,960.000000
2.125484,960.000000
1.834715,960.000000
1.902084,960.000000
2.292819,960.000000
2.083656,960.000000
2.241101,960.000000
2.181543,960.000000
2.013701,960.000000
2.231762,960.000000
2.597268,960.000000
2.549644,960.000000
2.282190,960.000000
2.359319,960.000000
2.490883,960.000000
2.011187,960.000000
2.180420,960.000000
2.482688,960.000000
2.334329,960.000000
2.264671,960.000000
2.276437,960.000000
2.465741,960.000000
2.319048,960.000000
2.440352,960.000000
2.089808,960.000000
2.256259,960.000000
2.095510,960.000000
2.212815,960.000000
2.601616,960.000000
1.938094,960.000000
2.042342,960.000000
2.174008,960.000000
2.343125,960.000000
1.800147,960.000000
1.617234,960.000000
1.736567,960.000000
1.373270,960.000000
1.733828,960.000000
2.111269,960.000000
1.405701,960.000000
1.729133,960.000000
1.571529,960.000000
1.666692,960.000000
1.817152,960.000000
1.326848,960.000000
1.253343,960.000000
1.747588,960.000000
1.508971,960.000000
1.724373,960.000000
1.655874,960.000000
1.519876,960.000000
1.758268,960.000000
1.742653,960.000000
1.956084,960.000000
1.591490,960.000000
1.661866,960.000000
1.752855,960.000000
1.675234,960.000000
1.747109,960.000000
1.886332,960.000000
1.624617,960.000000
2.253947,960.000000
2.199258,960.000000
2.046769,960.000000
1.969764,960.000000
1.952012,960.000000
1.966627,960.000000
2.269424,960.000000
2.073070,960.000000
2.253621,960.000000
2.296196,960.000000
2.136070,960.000000
2.455300,960.000000
2.619027,960.000000
2.412609,960.000000
2.137555,960.000000
2.331068,960.000000
2.057029,960.000000
1.829578,960.000000
2.494911,960.000000
2.509409,960.000000
2.222132,960.000000
2.565924,960.000000
2.499302,960.000000
3.212369,960.000000
2.606622,960.000000
2.522096,960.000000
2.651030,960.000000
3.053214,960.000000
3.220433,960.000000
2.900326,960.000000
3.118423,960.000000
2.778254,960.000000
3.321001,960.000000
3.478061,960.000000
3.289562,960.000000
2.861193,960.000000
2.859918,960.000000
3.518310,960.000000
2.596855,960.000000
3.079283,960.000000
3.693275,960.000000
3.225925,960.000000
3.835946,960.000000
3.323029,960.000000
3.092890,960.000000
3.692253,960.000000
3.269036,960.000000
3.686645,960.000000
4.103501,960.000000
3.296148,960.000000
3.581484,960.000000
3.762752,960.000000
3.264246,960.000000
3.591671,960.000000
3.239018,960.000000
3.601047,960.000000
2.874808,960.000000
2.267004,960.000000
2.511170,960.000000
2.115413,960.000000
2.155032,960.000000
2.179811,960.000000
1.515797,960.000000
1.956599,960.000000
1.572783,960.000000
1.765216,960.000000
1.530679,960.000000
1.151985,960.000000
1.128292,960.000000
1.440182,960.000000
1.422967,960.000000
1.160810,960.000000
1.146203,960.000000
1.022109,960.000000
1.289809,960.000000
1.290990,960.000000
1.298149,960.000000
1.168114,960.000000
1.244880,960.000000
1.424445,960.000000
1.219448,960.000000
1.295910,960.000000
1.411258,960.000000
1.354207,960.000000
1.522651,960.000000
1.536301,960.000000
1.543960,960.000000
1.546452,960.000000
1.581224,960.000000
1.596671,960.000000
1.483547,960.000000
1.682943,960.000000
1.563979,960.000000
1.835258,960.000000
1.778975,960.000000
1.639202,960.000000
1.918031,960.000000
1.781591,960.000000
1.589592,960.000000
1.856495,960.000000
1.919719,960.000000
1.473483,960.000000
1.718193,960.000000
2.121898,960.000000
1.649599,960.000000
1.815000,960.000000
1.936268,960.000000
2.092155,960.000000
2.179319,960.000000
1.985095,960.000000
1.923907,960.000000
2.258331,960.000000
1.916546,960.000000
1.871421,960.000000
2.174218,960.000000
2.047081,960.000000
2.603471,960.000000
2.180036,960.000000
2.428607,960.000000
2.028489,960.000000
1.920226,960.000000
1.843250,960.000000
1.533700,960.000000
1.999666,960.000000
2.410189,960.000000
1.932834,960.000000
2.025554,960.000000
2.200874,960.000000
2.256106,960.000000
1.970184,960.000000
2.209177,960.000000
2.144069,960.000000
2.381997,960.000000
2.623830,960.000000
2.404060,960.000000
2.441120,960.000000
2.238369,960.000000
3.024891,960.000000
2.857817,960.000000
2.742237,960.000000
2.435723,960.000000
2.437577,960.000000
2.512974,960.000000
2.386642,960.000000
2.990555,960.000000
3.060539,960.000000
2.785507,960.000000
3.852176,960.000000
3.325326,960.000000
3.809572,960.000000
3.564674,960.000000
3.341397,960.000000
3.931638,960.000000
3.801327,960.000000
3.604068,960.000000
4.553527,960.000000
4.213321,960.000000
3.586215,960.000000
4.922664,960.000000
4.667846,960.000000
4.402494,960.000000
3.987696,960.000000
3.764969,960.000000
3.913596,960.000000
3.291040,960.000000
4.140257,960.000000
4.499729,960.000000
3.476069,960.000000
4.243064,960.000000
4.207988,960.000000
3.622935,960.000000
3.952403,960.000000
3.649396,960.000000
3.517491,960.000000
4.070947,960.000000
3.285106,960.000000
3.865457,960.000000
4.231775,960.000000
3.487915,960.000000
4.050442,960.000000
4.210466,960.000000
4.087177,960.000000
3.657149,960.000000
2.958667,960.000000
3.273129,960.000000
2.684526,960.000000
3.188458,960.000000
3.484336,960.000000
2.692228,960.000000
3.020689,960.000000
2.603644,960.000000
3.345679,960.000000
2.722956,960.000000
2.465081,960.000000
2.362159,960.000000
2.698075,960.000000
2.583031,960.000000
2.544304,960.000000
2.836732,960.000000
2.486419,960.000000
2.813112,960.000000
2.898131,960.000000
2.762901,960.000000
2.422579,960.000000
2.411436,960.000000
2.524531,960.000000
1.995493,960.000000
2.212199,960.000000
2.585792,960.000000
2.452706,960.000000
2.086149,960.000000
2.213488,960.000000
2.519973,960.000000
2.570409,960.000000
2.109559,960.000000
1.955498,960.000000
2.468059,960.000000
1.899917,960.000000
1.969880,960.000000
2.236196,960.000000
1.718939,960.000000
2.370006,960.000000
2.165827,960.000000
2.110051,960.000000
1.726793,960.000000
1.326971,960.000000
1.616408,960.000000
1.211427,960.000000
1.243279,960.000000
1.755811,960.000000
1.067785,960.000000
1.413244,960.000000
1.154391,960.000000
1.263747,960.000000
1.284904,960.000000
1.098397,960.000000
1.133640,960.000000
1.175316,960.000000
1.101752,960.000000
1.067785,960.000000
1.008256,960.000000
0.956132,960.000000
1.099397,960.000000
1.214876,960.000000
1.109171,960.000000
0.930113,960.000000
0.953502,960.000000
1.029572,960.000000
0.870323,960.000000
1.108860,960.000000
1.160926,960.000000
1.026594,960.000000
1.310046,960.000000
1.175801,960.000000
1.211862,960.000000
1.328964,960.000000
1.064488,960.000000
1.243126,960.000000
1.200472,960.000000
1.404071,960.000000
1.509268,960.000000
1.330804,960.000000
1.062177,960.000000
1.513985,960.000000
1.435313,960.000000
1.382102,960.000000
1.504829,960.000000
1.215643,960.000000
1.444217,960.000000
1.424490,960.000000
1.522300,960.000000
1.680497,960.000000
1.393814,960.000000
1.843025,960.000000
1.623600,960.000000
1.869246,960.000000
1.573835,960.000000
1.607950,960.000000
1.744823,960.000000
1.950623,960.000000
1.827310,960.000000
1.822195,960.000000
1.921659,960.000000
1.981335,960.000000
2.149755,960.000000
2.143631,960.000000
1.898065,960.000000
1.826309,960.000000
2.073225,960.000000
1.867882,960.000000
1.799587,960.000000
2.147157,960.000000
2.391193,960.000000
2.063713,960.000000
2.243153,960.000000
2.177826,960.000000
2.319952,960.000000
2.183115,960.000000
2.295080,960.000000
2.053381,960.000000
2.311724,960.000000
2.047744,960.000000
2.090122,960.000000
2.242043,960.000000
1.803048,960.000000
2.192518,960.000000
2.154253,960.000000
2.248522,960.000000
1.976046,960.000000
1.629956,960.000000
1.924460,960.000000
1.463473,960.000000
1.650576,960.000000
1.618216,960.000000
1.534061,960.000000
1.820062,960.000000
1.527299,960.000000
1.593047,960.000000
1.597459,960.000000
1.346545,960.000000
1.548557,960.000000
1.507426,960.000000
1.405227,960.000000
1.693578,960.000000
1.665130,960.000000
1.437869,960.000000
1.587969,960.000000
1.703772,960.000000
1.570715,960.000000
1.511141,960.000000
1.630594,960.000000
1.315020,960.000000
1.440466,960.000000
1.753900,960.000000
1.753631,960.000000
1.338165,960.000000
1.908614,960.000000
1.630558,960.000000
1.597299,960.000000
1.703533,960.000000
1.451850,960.000000
1.384614,960.000000
1.912880,960.000000
1.807430,960.000000
1.545488,960.000000
1.795996,960.000000
1.858196,960.000000
1.945783,960.000000
2.201595,960.000000
1.818915,960.000000
1.579814,960.000000
1.753399,960.000000
1.772495,960.000000
1.654929,960.000000
1.750794,960.000000
2.220713,960.000000
1.800088,960.000000
2.116177,960.000000
2.019752,960.000000
2.214763,960.000000
2.115676,960.000000
2.146707,960.000000
1.941778,960.000000
2.174133,960.000000
2.048636,960.000000
1.973739,960.000000
2.149290,960.000000
1.773787,960.000000
2.375557,960.000000
2.512706,960.000000
2.214596,960.000000
2.282333,960.000000
1.922029,960.000000
2.035134,960.000000
1.644263,960.000000
1.825888,960.000000
2.545530,960.000000
1.854656,960.000000
2.359146,960.000000
2.247703,960.000000
2.310796,960.000000
2.098829,960.000000
2.072564,960.000000
1.749670,960.000000
2.139155,960.000000
2.435835,960.000000
2.337307,960.000000
2.177391,960.000000
2.016633,960.000000
2.483438,960.000000
2.568711,960.000000
2.456687,960.000000
2.260001,960.000000
2.017822,960.000000
2.000562,960.000000
1.870393,960.000000
2.228853,960.000000
2.354720,960.000000
2.276376,960.000000
2.446370,960.000000
2.221989,960.000000
2.228411,960.000000
2.374005,960.000000
2.316469,960.000000
1.996644,960.000000
2.138327,960.000000
2.093017,960.000000
2.266189,960.000000
2.456695,960.000000
1.875587,960.000000
2.383531,960.000000
2.015501,960.000000
2.473375,960.000000
1.859328,960.000000
1.642674,960.000000
1.905160,960.000000
1.422458,960.000000
1.831975,960.000000
2.068429,960.000000
1.293421,960.000000
1.883431,960.000000
1.726315,960.000000
1.792506,960.000000
1.712740,960.000000
1.499823,960.000000
1.492030,960.000000
1.739208,960.000000
1.546809,960.000000
1.589986,960.000000
1.715439,960.000000
1.494439,960.000000
1.853067,960.000000
1.678973,960.000000
1.795154,960.000000
1.795604,960.000000
1.508486,960.000000
1.638350,960.000000
1.671877,960.000000
1.942417,960.000000
2.028691,960.000000
1.632082,960.000000
2.050776,960.000000
2.012330,960.000000
2.137740,960.000000
2.070787,960.000000
1.909223,960.000000
2.091189,960.000000
2.295545,960.000000
2.123338,960.000000
2.126189,960.000000
2.123759,960.000000
1.972447,960.000000
2.479774,960.000000
2.470777,960.000000
2.256975,960.000000
2.172421,960.000000
2.245512,960.000000
2.245018,960.000000
1.926847,960.000000
2.466221,960.000000
2.492544,960.000000
2.371589,960.000000
2.573739,960.000000
2.448670,960.000000
3.086181,960.000000
2.475646,960.000000
2.518366,960.000000
2.581212,960.000000
2.839468,960.000000
3.036452,960.000000
2.753245,960.000000
3.237848,960.000000
2.787127,960.000000
3.088691,960.000000
3.589735,960.000000
3.342115,960.000000
3.063841,960.000000
3.159758,960.000000
3.475179,960.000000
2.718078,960.000000
3.214304,960.000000
3.780313,960.000000
3.243667,960.000000
3.440172,960.000000
3.454886,960.000000
3.214202,960.000000
3.850378,960.000000
3.313391,960.000000
3.672758,960.000000
4.048886,960.000000
3.082292,960.000000
3.577067,960.000000
3.440694,960.000000
3.215820,960.000000
3.703333,960.000000
3.155499,960.000000
4.076536,960.000000
2.705511,960.000000
2.280388,960.000000
2.575422,960.000000
2.181976,960.000000
2.064315,960.000000
2.134025,960.000000
1.716455,960.000000
1.670419,960.000000
1.419781,960.000000
1.601551,960.000000
1.566442,960.000000
1.206131,960.000000
1.250745,960.000000
1.301917,960.000000
1.385739,960.000000
1.265553,960.000000
1.241342,960.000000
1.178894,960.000000
1.247103,960.000000
1.394017,960.000000
1.392254,960.000000
1.299087,960.000000
1.192288,960.000000
1.329684,960.000000
1.095319,960.000000
1.393850,960.000000
1.509770,960.000000
1.324010,960.000000
1.558272,960.000000
1.416632,960.000000
1.751085,960.000000
1.482265,960.000000
1.437288,960.000000
1.577666,960.000000
1.670463,960.000000
1.568045,960.000000
1.694536,960.000000
1.964742,960.000000
1.686483,960.000000
1.955310,960.000000
1.736168,960.000000
1.790735,960.000000
1.511402,960.000000
1.609778,960.000000
1.887109,960.000000
1.460034,960.000000
1.851064,960.000000
2.249785,960.000000
1.601645,960.000000
1.978839,960.000000
2.105040,960.000000
1.977083,960.000000
2.024338,960.000000
2.002470,960.000000
1.973347,960.000000
2.194883,960.000000
1.990803,960.000000
1.970800,960.000000
2.166217,960.000000
1.932941,960.000000
2.299528,960.000000
2.207116,960.000000
2.160703,960.000000
2.017873,960.000000
1.694362,960.000000
2.132044,960.000000
1.525471,960.000000
2.038950,960.000000
2.541655,960.000000
1.881058,960.000000
2.113202,960.000000
2.069807,960.000000
2.298324,960.000000
2.037325,960.000000
2.113499,960.000000
1.905726,960.000000
2.527544,960.000000
2.483286,960.000000
2.435763,960.000000
2.332497,960.000000
2.538717,960.000000
2.873097,960.000000
2.897185,960.000000
2.571816,960.000000
2.600381,960.000000
2.500024,960.000000
2.851882,960.000000
2.555136,960.000000
3.017574,960.000000
2.946500,960.000000
2.994690,960.000000
3.793706,960.000000
3.377870,960.000000
3.847650,960.000000
3.741308,960.000000
3.507821,960.000000
3.780762,960.000000
3.843036,960.000000
3.878021,960.000000
4.346234,960.000000
4.272940,960.000000
3.739058,960.000000
4.455290,960.000000
4.691171,960.000000
4.545257,960.000000
3.829403,960.000000
3.982724,960.000000
3.753264,960.000000
3.317664,960.000000
4.092099,960.000000
4.342077,960.000000
3.470804,960.000000
4.396906,960.000000
4.320717,960.000000
3.869946,960.000000
3.892742,960.000000
3.742447,960.000000
3.490757,960.000000
4.317807,960.000000
3.540311,960.000000
3.697434,960.000000
4.050243,960.000000
3.435616,960.000000
4.065298,960.000000
4.146290,960.000000
4.009533,960.000000
3.369548,960.000000
3.000538,960.000000
3.292140,960.000000
2.622829,960.000000
2.800071,960.000000
3.733878,960.000000
2.739213,960.000000
3.021223,960.000000
2.775809,960.000000
3.317367,960.000000
2.711033,960.000000
2.196051,960.000000
2.403890,960.000000
2.751337,960.000000
2.613317,960.000000
2.406959,960.000000
2.813704,960.000000
2.539638,960.000000
2.865914,960.000000
2.781563,960.000000
2.680205,960.000000
2.518997,960.000000
2.688809,960.000000
2.508455,960.000000
1.904986,960.000000
2.027450,960.000000
2.654092,960.000000
2.416449,960.000000
2.173676,960.000000
2.052946,960.000000
2.277305,960.000000
2.564793,960.000000
2.149755,960.000000
2.055826,960.000000
2.589338,960.000000
1.848800,960.000000
2.186670,960.000000
2.295639,960.000000
1.732787,960.000000
2.257693,960.000000
2.178609,960.000000
1.981284,960.000000
1.750221,960.000000
1.497951,960.000000
1.643465,960.000000
1.114009,960.000000
1.333318,960.000000
1.507484,960.000000
1.265234,960.000000
1.293958,960.000000
1.197838,960.000000
1.164144,960.000000
1.309136,960.000000
0.935048,960.000000
0.987381,960.000000
1.057961,960.000000
0.955036,960.000000
1.185105,960.000000
1.082260,960.000000
0.830250,960.000000
1.118907,960.000000
1.311393,960.000000
1.008770,960.000000
0.996682,960.000000
1.002922,960.000000
1.059891,960.000000
1.067328,960.000000
1.221672,960.000000
1.241675,960.000000
0.934765,960.000000
1.094362,960.000000
1.338912,960.000000
1.394293,960.000000
1.100239,960.000000
1.158623,960.000000
1.220577,960.000000
1.253458,960.000000
1.117594,960.000000
1.334922,960.000000
1.355897,960.000000
1.256259,960.000000
1.490942,960.000000
1.334298,960.000000
1.516053,960.000000
1.399910,960.000000
1.310916,960.000000
1.648474,960.000000
1.278868,960.000000
1.451437,960.000000
1.785372,960.000000
1.439930,960.000000
1.833444,960.000000
1.471818,960.000000
1.804422,960.000000
1.711355,960.000000
1.479113,960.000000
1.723902,960.000000
1.843103,960.000000
1.708773,960.000000
1.925129,960.000000
2.046963,960.000000
1.786878,960.000000
2.146860,960.000000
2.323538,960.000000
1.962239,960.000000
1.799999,960.000000
2.218993,960.000000
1.913251,960.000000
1.792639,960.000000
2.029034,960.000000
2.392136,960.000000
1.926955,960.000000
2.077622,960.000000
2.157356,960.000000
2.211174,960.000000
2.273124,960.000000
2.249470,960.000000
2.102891,960.000000
2.380913,960.000000
2.179570,960.000000
2.091158,960.000000
2.226733,960.000000
1.813783,960.000000
2.330863,960.000000
2.320294,960.000000
2.211894,960.000000
2.016130,960.000000
1.548861,960.000000
1.815929,960.000000
1.502294,960.000000
1.663247,960.000000
1.793882,960.000000
1.578697,960.000000
1.656897,960.000000
1.543034,960.000000
1.667953,960.000000
1.663298,960.000000
1.316197,960.000000
1.476851,960.000000
1.644328,960.000000
1.542096,960.000000
1.537426,960.000000
1.505371,960.000000
1.495290,960.000000
1.547093,960.000000
1.659581,960.000000
1.500280,960.000000
1.671095,960.000000
1.481630,960.000000
1.415759,960.000000
1.429914,960.000000
1.593863,960.000000
1.891066,960.000000
1.380591,960.000000
1.841852,960.000000
1.470763,960.000000
1.555836,960.000000
1.624187,960.000000
1.500054,960.000000
1.639302,960.000000
1.830527,960.000000
1.794959,960.000000
1.848188,960.000000
1.841510,960.000000
1.749884,960.000000
2.075054,960.000000
2.056470,960.000000
1.931195,960.000000
1.611800,960.000000
1.692829,960.000000
1.725728,960.000000
1.537681,960.000000
2.065831,960.000000
2.234450,960.000000
1.898987,960.000000
2.267960,960.000000
1.899671,960.000000
2.180748,960.000000
1.861702,960.000000
1.975630,960.000000
1.956820,960.000000
2.259850,960.000000
2.016210,960.000000
1.928547,960.000000
2.065242,960.000000
1.974503,960.000000
2.218004,960.000000
2.341191,960.000000
2.166114,960.000000
1.973026,960.000000
1.900275,960.000000
2.065242,960.000000
1.631010,960.000000
1.963498,960.000000
2.585144,960.000000
1.757761,960.000000
2.378993,960.000000
2.164244,960.000000
2.064413,960.000000
2.264759,960.000000
1.949488,960.000000
1.806633,960.000000
2.333038,960.000000
2.306110,960.000000
2.190386,960.000000
2.221990,960.000000
2.037733,960.000000
2.479974,960.000000
2.406189,960.000000
2.393657,960.000000
2.242007,960.000000
2.227009,960.000000
2.340420,960.000000
1.995393,960.000000
2.214535,960.000000
2.507308,960.000000
2.378971,960.000000
2.461149,960.000000
2.216622,960.000000
2.364475,960.000000
2.372650,960.000000
2.401250,960.000000
1.910305,960.000000
2.393897,960.000000
2.056739,960.000000
2.349178,960.000000
2.506937,960.000000
1.710708,960.000000
2.409608,960.000000
2.091362,960.000000
2.486760,960.000000
2.073221,960.000000
1.474065,960.000000
1.812510,960.000000
1.258837,960.000000
1.974466,960.000000
1.995160,960.000000
1.442694,960.000000
1.881632,960.000000
1.676383,960.000000
1.952376,960.000000
1.679947,960.000000
1.354347,960.000000
1.372946,960.000000
1.724935,960.000000
1.519024,960.000000
1.582341,960.000000
1.692720,960.000000
1.533200,960.000000
1.677641,960.000000
1.849941,960.000000
1.602671,960.000000
1.775167,960.000000
1.494301,960.000000
1.892383,960.000000
1.691541,960.000000
1.810226,960.000000
1.827676,960.000000
1.835146,960.000000
2.162913,960.000000
2.119948,960.000000
1.895365,960.000000
2.121519,960.000000
2.008704,960.000000
1.902129,960.000000
2.048876,960.000000
2.186022,960.000000
2.358517,960.000000
2.211363,960.000000
2.062594,960.000000
2.380120,960.000000
2.517899,960.000000
2.294123,960.000000
2.120013,960.000000
2.088220,960.000000
2.223881,960.000000
1.836288,960.000000
2.452144,960.000000
2.471732,960.000000
2.197747,960.000000
2.648738,960.000000
2.539116,960.000000
2.823743,960.000000
2.478497,960.000000
2.658354,960.000000
2.619454,960.000000
2.984601,960.000000
3.004509,960.000000
2.823939,960.000000
3.133581,960.000000
2.998188,960.000000
3.183369,960.000000
3.795465,960.000000
3.150863,960.000000
2.903077,960.000000
3.190097,960.000000
3.521065,960.000000
2.742074,960.000000
2.952771,960.000000
3.569697,960.000000
3.301930,960.000000
3.535045,960.000000
3.379468,960.000000
3.418229,960.000000
3.624104,960.000000
3.271883,960.000000
3.422877,960.000000
4.012541,960.000000
3.168793,960.000000
3.377955,960.000000
3.519559,960.000000
3.017092,960.000000
3.654079,960.000000
3.324231,960.000000
3.814500,960.000000
2.816477,960.000000
2.442078,960.000000
2.391293,960.000000
2.280463,960.000000
2.143951,960.000000
2.477930,960.000000
1.506644,960.000000
1.870954,960.000000
1.635178,960.000000
1.805928,960.000000
1.554410,960.000000
1.236943,960.000000
1.245518,960.000000
1.432743,960.000000
1.133118,960.000000
1.201934,960.000000
1.185489,960.000000
1.238187,960.000000
1.322183,960.000000
1.340418,960.000000
1.410449,960.000000
1.229735,960.000000
1.158176,960.000000
1.475593,960.000000
1.097230,960.000000
1.398637,960.000000
1.460471,960.000000
1.221675,960.000000
1.565663,960.000000
1.490984,960.000000
1.766213,960.000000
1.466777,960.000000
1.571053,960.000000
1.383304,960.000000
1.739300,960.000000
1.681613,960.000000
1.854145,960.000000
1.755637,960.000000
1.604912,960.000000
1.829771,960.000000
1.818642,960.000000
1.899467,960.000000
1.671837,960.000000
1.686166,960.000000
1.909985,960.000000
1.427746,960.000000
1.876468,960.000000
2.192204,960.000000
1.661239,960.000000
1.934272,960.000000
1.836943,960.000000
1.881203,960.000000
2.084728,960.000000
1.890419,960.000000
2.057481,960.000000
2.003677,960.000000
1.982351,960.000000
2.156381,960.000000
2.291338,960.000000
1.898143,960.000000
2.344450,960.000000
2.170645,960.000000
2.279481,960.000000
2.022960,960.000000
1.747913,960.000000
1.956013,960.000000
1.597587,960.000000
1.914131,960.000000
2.489248,960.000000
1.873449,960.000000
2.217626,960.000000
2.048818,960.000000
2.376025,960.000000
1.944848,960.000000
2.102200,960.000000
2.131644,960.000000
2.181068,960.000000
2.380659,960.000000
2.385125,960.000000
2.408495,960.000000
2.532882,960.000000
2.845840,960.000000
2.935591,960.000000
2.669352,960.000000
2.637304,960.000000
2.671250,960.000000
2.889017,960.000000
2.443307,960.000000
3.044652,960.000000
3.403027,960.000000
3.205321,960.000000
3.467174,960.000000
3.375642,960.000000
4.021255,960.000000
3.718560,960.000000
3.371838,960.000000
3.396481,960.000000
3.981046,960.000000
3.849639,960.000000
4.308108,960.000000
4.410580,960.000000
3.851807,960.000000
4.811724,960.000000
4.783887,960.000000
4.200035,960.000000
3.728758,960.000000
4.107536,960.000000
3.849661,960.000000
3.405180,960.000000
3.829746,960.000000
4.128535,960.000000
3.483373,960.000000
4.346775,960.000000
4.040479,960.000000
4.007253,960.000000
4.015625,960.000000
3.727405,960.000000
3.592725,960.000000
4.129924,960.000000
3.620053,960.000000
3.788322,960.000000
4.084187,960.000000
3.594711,960.000000
4.309926,960.000000
3.811227,960.000000
4.039607,960.000000
3.582069,960.000000
2.925997,960.000000
3.259990,960.000000
2.641784,960.000000
2.883555,960.000000
3.377024,960.000000
2.490440,960.000000
2.814760,960.000000
2.757705,960.000000
3.189937,960.000000
2.786960,960.000000
2.310446,960.000000
2.522496,960.000000
2.645705,960.000000
2.485378,960.000000
2.548565,960.000000
2.740568,960.000000
2.467674,960.000000
2.670988,960.000000
2.914584,960.000000
2.641711,960.000000
2.479894,960.000000
2.461637,960.000000
2.469609,960.000000
2.013941,960.000000
2.310751,960.000000
2.835206,960.000000
2.302641,960.000000
2.385110,960.000000
2.435349,960.000000
2.403476,960.000000
2.481174,960.000000
2.293985,960.000000
2.212207,960.000000
2.522997,960.000000
1.915368,960.000000
2.069875,960.000000
2.335162,960.000000
1.631679,960.000000
2.124763,960.000000
1.722418,960.000000
2.328157,960.000000
1.703296,960.000000
1.523977,960.000000
1.565132,960.000000
1.260997,960.000000
1.258204,960.000000
1.609494,960.000000
1.239925,960.000000
1.305228,960.000000
1.230978,960.000000
1.177233,960.000000
1.258800,960.000000
1.036000,960.000000
0.944758,960.000000
1.012440,960.000000
0.903982,960.000000
1.066542,960.000000
1.053151,960.000000
0.891311,960.000000
1.242034,960.000000
1.262335,960.000000
1.236659,960.000000
0.834635,960.000000
0.915307,960.000000
1.008243,960.000000
0.904433,960.000000
1.087861,960.000000
1.115923,960.000000
1.016222,960.000000
1.134638,960.000000
1.221384,960.000000
1.290041,960.000000
1.075481,960.000000
1.143039,960.000000
1.222475,960.000000
1.254291,960.000000
1.258058,960.000000
1.364014,960.000000
1.403394,960.000000
1.193366,960.000000
1.512499,960.000000
1.489711,960.000000
1.604017,960.000000
1.490965,960.000000
1.460080,960.000000
1.422044,960.000000
1.394550,960.000000
1.477119,960.000000
1.612760,960.000000
1.330863,960.000000
2.011879,960.000000
1.602151,960.000000
1.695293,960.000000
1.793815,960.000000
1.482485,960.000000
1.796411,960.000000
1.781698,960.000000
1.957628,960.000000
1.730406,960.000000
1.925467,960.000000
1.910791,960.000000
2.039592,960.000000
2.122869,960.000000
1.775435,960.000000
1.792350,960.000000
2.078701,960.000000
2.081566,960.000000
1.879163,960.000000
2.244803,960.000000
2.386021,960.000000
2.075121,960.000000
2.187642,960.000000
2.201057,960.000000
2.437188,960.000000
2.173942,960.000000
2.175823,960.000000
1.876407,960.000000
2.444144,960.000000
1.988549,960.000000
1.957445,960.000000
2.251824,960.000000
1.875371,960.000000
2.126755,960.000000
2.304676,960.000000
2.200744,960.000000
1.830773,960.000000
1.800982,960.000000
2.019025,960.000000
1.332985,960.000000
1.617076,960.000000
1.785052,960.000000
1.648274,960.000000
1.889691,960.000000
1.439469,960.000000
1.606446,960.000000
1.473000,960.000000
1.498890,960.000000
1.681185,960.000000
1.616959,960.000000
1.433425,960.000000
1.497104,960.000000
1.821222,960.000000
1.373508,960.000000
1.586381,960.000000
1.725711,960.000000
1.549270,960.000000
1.490228,960.000000
1.178665,960.000000
1.417341,960.000000
1.471104,960.000000
1.729538,960.000000
1.805721,960.000000
1.473955,960.000000
1.972173,960.000000
1.633634,960.000000
1.771104,960.000000
1.371182,960.000000
1.580548,960.000000
1.450661,960.000000
1.769544,960.000000
1.677926,960.000000
1.631971,960.000000
1.776222,960.000000
1.734992,960.000000
1.861154,960.000000
2.118210,960.000000
1.815192,960.000000
1.750033,960.000000
1.970635,960.000000
1.779321,960.000000
1.504548,960.000000
1.828972,960.000000
2.205242,960.000000
1.916521,960.000000
2.184470,960.000000
1.756683,960.000000
2.294767,960.000000
2.037150,960.000000
1.942011,960.000000
1.909595,960.000000
2.339519,960.000000
2.163319,960.000000
2.038827,960.000000
2.157552,960.000000
1.988352,960.000000
2.382105,960.000000
2.456903,960.000000
2.221559,960.000000
2.058527,960.000000
1.805816,960.000000
2.185440,960.000000
1.738834,960.000000
1.880242,960.000000
2.484309,960.000000
1.810490,960.000000
2.141600,960.000000
2.013389,960.000000
2.295890,960.000000
2.273463,960.000000
1.835942,960.000000
2.009517,960.000000
2.088237,960.000000
2.401375,960.000000
2.224111,960.000000
2.052526,960.000000
2.196763,960.000000
2.351163,960.000000
2.306819,960.000000
2.496172,960.000000
2.234544,960.000000
2.214494,960.000000
2.251452,960.000000
2.146521,960.000000
2.113690,960.000000
2.767642,960.000000
2.277838,960.000000
2.341779,960.000000
2.273704,960.000000
2.338710,960.000000
2.185520,960.000000
2.358060,960.000000
1.958160,960.000000
2.311004,960.000000
2.003889,960.000000
2.519444,960.000000
2.353612,960.000000
1.741481,960.000000
2.262928,960.000000
2.185702,960.000000
2.539006,960.000000
2.060255,960.000000
1.758870,960.000000
1.848767,960.000000
1.391094,960.000000
1.777680,960.000000
2.048341,960.000000
1.185869,960.000000
1.742720,960.000000
1.671554,960.000000
1.709634,960.000000
1.698224,960.000000
1.484031,960.000000
1.383475,960.000000
1.486700,960.000000
1.672655,960.000000
1.568052,960.000000
1.670044,960.000000
1.548206,960.000000
1.680142,960.000000
1.737661,960.000000
1.869218,960.000000
1.822279,960.000000
1.499196,960.000000
1.767845,960.000000
1.612534,960.000000
1.685472,960.000000
1.794027,960.000000
1.810665,960.000000
2.123263,960.000000
1.997064,960.000000
2.164486,960.000000
2.230731,960.000000
1.840251,960.000000
2.177208,960.000000
2.232554,960.000000
2.075843,960.000000
2.352059,960.000000
2.211469,960.000000
1.851027,960.000000
2.759673,960.000000
2.409344,960.000000
2.341393,960.000000
2.185265,960.000000
2.175196,960.000000
2.095966,960.000000
1.864515,960.000000
2.298559,960.000000
2.652329,960.000000
2.327110,960.000000
2.564830,960.000000
2.670658,960.000000
2.939095,960.000000
2.492504,960.000000
2.522580,960.000000
2.647830,960.000000
3.050924,960.000000
3.103768,960.000000
2.972050,960.000000
3.158180,960.000000
2.837394,960.000000
3.108857,960.000000
3.450080,960.000000
3.283978,960.000000
2.886579,960.000000
2.897610,960.000000
3.483290,960.000000
2.784674,960.000000
3.328540,960.000000
3.826649,960.000000
3.236696,960.000000
3.604524,960.000000
3.717948,960.000000
3.229347,960.000000
3.720420,960.000000
3.578553,960.000000
3.507379,960.000000
3.871801,960.000000
3.234633,960.000000
3.380000,960.000000
3.675034,960.000000
3.014505,960.000000
3.417701,960.000000
3.300536,960.000000
3.734951,960.000000
2.711648,960.000000
2.277357,960.000000
2.431129,960.000000
2.052949,960.000000
2.068552,960.000000
2.310764,960.000000
1.679246,960.000000
1.823635,960.000000
1.478497,960.000000
1.664496,960.000000
1.584515,960.000000
1.099347,960.000000
1.224000,960.000000
1.398647,960.000000
1.140913,960.000000
1.387208,960.000000
1.318556,960.000000
1.127381,960.000000
1.406696,960.000000
1.302079,960.000000
1.281679,960.000000
1.255679,960.000000
1.336397,960.000000
1.281263,960.000000
1.141875,960.000000
1.450792,960.000000
1.501675,960.000000
1.168866,960.000000
1.562255,960.000000
1.491439,960.000000
1.654347,960.000000
1.599308,960.000000
1.346058,960.000000
1.570523,960.000000
1.743355,960.000000
1.557035,960.000000
1.763988,960.000000
1.920036,960.000000
1.665838,960.000000
1.894255,960.000000
2.031106,960.000000
1.828724,960.000000
1.573936,960.000000
1.781209,960.000000
1.917498,960.000000
1.401724,960.000000
1.771469,960.000000
2.091234,960.000000
1.633933,960.000000
1.965910,960.000000
2.021066,960.000000
2.057550,960.000000
2.029560,960.000000
1.884186,960.000000
1.748582,960.000000
2.179461,960.000000
2.016626,960.000000
1.910098,960.000000
2.138078,960.000000
1.900314,960.000000
2.310931,960.000000
2.175947,960.000000
2.401033,960.000000
2.013731,960.000000
1.901597,960.000000
2.025397,960.000000
1.697867,960.000000
1.958364,960.000000
2.462568,960.000000
1.765490,960.000000
2.241894,960.000000
1.940822,960.000000
2.527822,960.000000
2.165915,960.000000
1.840062,960.000000
2.022925,960.000000
2.406741,960.000000
2.455758,960.000000
2.407368,960.000000
2.648603,960.000000
2.175714,960.000000
2.977533,960.000000
2.949536,960.000000
2.778141,960.000000
2.657440,960.000000
2.505533,960.000000
2.740075,960.000000
2.282446,960.000000
3.086890,960.000000
3.041015,960.000000
2.952387,960.000000
3.491018,960.000000
3.406568,960.000000
3.737889,960.000000
3.457327,960.000000
3.661138,960.000000
3.412721,960.000000
3.868827,960.000000
3.876643,960.000000
4.257273,960.000000
4.461105,960.000000
4.102348,960.000000
4.557681,960.000000
4.600026,960.000000
4.518725,960.000000
3.990578,960.000000
3.615606,960.000000
3.807627,960.000000
3.738356,960.000000
3.992911,960.000000
4.330729,960.000000
3.655844,960.000000
4.281296,960.000000
4.069830,960.000000
3.739231,960.000000
4.026427,960.000000
3.789830,960.000000
3.838504,960.000000
4.066119,960.000000
3.490953,960.000000
4.005087,960.000000
4.079833,960.000000
3.520824,960.000000
4.238324,960.000000
4.015017,960.000000
3.649654,960.000000
3.235865,960.000000
3.109098,960.000000
3.386423,960.000000
2.476144,960.000000
2.861746,960.000000
3.611909,960.000000
2.569387,960.000000
2.908357,960.000000
2.632818,960.000000
2.980625,960.000000
2.937214,960.000000
2.687158,960.000000
2.321146,960.000000
2.654910,960.000000
2.500080,960.000000
2.580528,960.000000
2.776916,960.000000
2.427936,960.000000
3.006332,960.000000
2.983344,960.000000
2.731610,960.000000
2.478827,960.000000
2.325068,960.000000
2.369208,960.000000
1.905600,960.000000
2.399808,960.000000
2.597231,960.000000
2.406785,960.000000
2.454191,960.000000
2.316203,960.000000
2.298719,960.000000
2.430707,960.000000
2.303166,960.000000
2.132340,960.000000
2.486934,960.000000
1.808951,960.000000
1.961667,960.000000
2.024981,960.000000
1.791096,960.000000
2.580608,960.000000
1.894605,960.000000
2.197514,960.000000
1.873994,960.000000
1.592287,960.000000
1.674018,960.000000
1.155014,960.000000
1.421256,960.000000
1.484549,960.000000
1.198205,960.000000
1.448379,960.000000
1.085167,960.000000
1.119346,960.000000
1.261563,960.000000
1.029143,960.000000
0.893918,960.000000
1.062237,960.000000
0.929236,960.000000
1.101702,960.000000
1.109416,960.000000
1.019993,960.000000
1.017332,960.000000
1.230795,960.000000
0.939640,960.000000
0.889055,960.000000
0.959158,960.000000
1.066283,960.000000
1.020584,960.000000
1.058234,960.000000
1.070709,960.000000
1.094419,960.000000
1.248906,960.000000
1.417953,960.000000
1.304798,960.000000
1.257838,960.000000
1.056521,960.000000
1.222717,960.000000
1.335078,960.000000
1.284763,960.000000
1.273790,960.000000
1.242979,960.000000
1.084481,960.000000
1.395067,960.000000
1.527150,960.000000
1.619030,960.000000
53.935780,960.000000
28.664717,960.000000
34.481385,960.000000
46.190551,960.000000
41.205419,960.000000
57.162116,960.000000
27.698969,960.000000
44.424253,960.000000
47.526160,960.000000
96.641027,960.000000
19.749403,960.000000
31.995586,960.000000
49.500383,960.000000
35.752904,960.000000
79.559417,960.000000
95.237414,960.000000
52.426656,960.000000
56.156251,960.000000
18.006425,960.000000
23.278086,960.000000
20.407097,960.000000
