3,14,20,2,0,0.498472
3,8,2,0,1,0.497590
3,20,12,2,0,0.368283
3,8,2,0,1,0.293771
3,20,1,2,0,0.290852
3,19,19,0,3,0.189731
3,6,20,0,3,0.189771
2,12,2,3,3,0.172460
3,10,11,0,0,0.168314
3,15,20,0,1,0.144320
2,3,3,0,1,0.131539
2,0,3,0,1,0.116658
3,7,4,0,3,0.130091
3,13,18,0,2,0.106052
0,1,3,0,2,0.101039
3,14,20,0,2,0.094512
2,14,1,0,2,0.104758
3,8,2,0,1,0.117099
3,12,8,0,2,0.097361
0,2,1,0,2,0.109139
3,14,20,0,2,0.091521
2,0,2,3,2,0.096661
3,20,16,0,0,0.094373
3,14,20,0,2,0.103311
3,11,11,0,1,0.101131
0,2,3,0,1,0.074421
2,1,1,0,1,0.067513
2,1,1,0,1,0.073714
3,10,8,0,1,0.074918
2,17,1,0,1,0.058532
3,8,2,0,1,0.069123
2,3,2,3,1,0.069626
3,4,19,0,0,0.072658
0,1,1,0,0,0.060258
3,5,10,3,2,0.066335
2,2,2,3,2,0.063827
3,16,16,0,2,0.053898
2,0,2,3,2,0.058279
2,5,2,0,2,0.058605
2,6,2,0,2,0.050657
0,3,2,0,2,0.063785
3,10,9,1,0,0.048154
2,15,2,1,0,0.049066
3,20,16,1,1,0.058587
3,7,8,2,3,0.057405
3,8,2,1,1,0.051951
3,11,5,3,3,0.051976
2,2,2,1,3,0.051280
3,14,20,1,3,0.054065
2,14,2,1,3,0.051225
2,12,2,1,3,0.051939
3,1,8,1,2,0.046973
0,0,2,1,2,0.044355
3,1,6,2,2,0.046088
2,20,1,0,2,0.048538
2,19,2,3,2,0.054520
2,14,1,0,2,0.045333
2,14,1,0,2,0.050628
3,2,16,2,3,0.041132
3,15,20,0,3,0.042291
3,11,5,2,0,0.040260
2,5,1,0,0,0.041389
3,20,16,0,0,0.046955
3,6,16,0,2,0.036494
0,3,1,0,2,0.036997
3,6,1,2,0,0.035961
2,9,2,2,0,0.034356
2,20,2,2,0,0.041914
2,14,2,2,0,0.042888
3,8,2,1,1,0.039200
3,2,16,2,3,0.034074
3,15,11,1,1,0.036580
2,14,2,2,1,0.033644
3,4,3,0,2,0.032526
2,0,2,0,2,0.037067
3,7,8,0,3,0.031078
3,7,2,0,1,0.031977
3,10,9,0,1,0.030036
3,0,10,0,0,0.048346
2,19,3,1,0,0.031252
0,3,2,0,0,0.026543
2,15,3,1,0,0.025451
2,20,3,1,0,0.033404
2,8,2,3,0,0.034748
2,14,3,1,0,0.034537
2,19,2,2,0,0.027972
3,4,18,1,2,0.030657
3,7,8,1,3,0.025055
3,2,1,2,1,0.025707
3,1,18,1,1,0.041498
2,2,3,1,1,0.027436
3,2,16,2,2,0.026730
3,12,18,1,2,0.024149
2,14,2,2,2,0.027415
0,1,3,1,2,0.025805
2,16,2,3,2,0.021786
3,11,9,0,3,0.022226
3,11,9,3,0,0.021134
3,15,6,3,0,0.026851
3,9,4,0,1,0.029406
2,11,2,3,1,0.026641
3,15,20,0,3,0.026744
2,8,2,3,3,0.026600
3,12,8,0,2,0.027635
2,12,2,3,2,0.021259
3,2,8,2,3,0.030794
2,2,1,0,3,0.028349
2,4,1,0,3,0.021925
2,13,1,0,3,0.018801
2,8,2,2,3,0.025121
3,8,2,0,2,0.028543
2,8,2,2,2,0.023349
3,11,18,0,3,0.020150
3,15,6,2,2,0.020153
3,6,20,0,3,0.025171
2,20,1,0,3,0.026586
2,15,2,3,3,0.027952
3,11,18,0,0,0.020172
2,0,2,3,0,0.023114
3,15,20,0,3,0.019181
2,2,2,2,3,0.026174
2,5,1,0,3,0.021191
2,17,2,2,3,0.020319
2,17,1,0,3,0.025799
3,13,8,0,1,0.017777
2,14,2,2,1,0.019660
2,14,1,0,1,0.022227
3,11,5,2,3,0.018885
2,5,1,0,3,0.017547
3,9,10,0,3,0.021869
2,9,2,2,3,0.018793
2,20,1,0,3,0.024301
2,19,2,2,3,0.020605
3,9,10,0,3,0.019756
2,10,2,2,3,0.019649
0,3,1,0,3,0.019468
2,3,2,2,3,0.016825
3,8,2,0,2,0.023078
3,2,16,2,3,0.020383
2,3,1,0,3,0.018999
3,1,2,0,3,0.017918
3,3,13,0,1,0.018534
2,8,2,2,1,0.018879
0,1,1,0,1,0.019664
3,6,1,2,2,0.016135
2,7,2,2,2,0.016597
2,17,2,2,2,0.017475
3,5,18,1,3,0.017577
3,11,18,2,3,0.017533
2,14,2,2,3,0.016116
2,9,2,2,3,0.017203
3,15,11,1,2,0.019546
2,3,2,2,2,0.014392
2,17,2,1,2,0.016782
2,5,2,2,2,0.018568
2,13,2,1,2,0.017513
3,6,20,2,3,0.022625
3,15,20,2,3,0.016602
2,8,2,2,3,0.022119
3,15,20,1,3,0.019007
3,2,13,2,2,0.017749
3,15,20,1,3,0.017613
0,0,2,2,3,0.014567
2,3,2,3,3,0.012884
2,0,2,1,3,0.016480
2,9,2,1,3,0.013086
2,7,2,1,3,0.012534
2,19,2,3,3,0.014065
2,14,2,1,3,0.014848
2,2,2,3,3,0.014630
2,17,2,1,3,0.016008
2,8,2,3,3,0.015923
2,20,2,1,3,0.015900
2,11,2,3,3,0.015092
3,11,5,1,3,0.015279
3,9,10,1,0,0.014235
3,11,5,0,0,0.012206
3,12,8,1,2,0.013868
3,12,8,0,2,0.014865
3,7,17,1,2,0.012181
2,19,2,1,2,0.012587
2,3,2,1,2,0.011411
2,10,2,0,2,0.012631
2,17,2,1,2,0.014700
2,3,2,3,2,0.015264
3,6,1,1,2,0.013790
3,2,13,1,3,0.011732
3,2,8,1,2,0.023637
2,17,2,1,2,0.018256
3,12,8,3,2,0.014610
3,8,2,1,2,0.015987
2,2,2,0,2,0.013093
3,3,20,1,2,0.010697
2,0,2,0,2,0.011585
2,18,2,1,2,0.013343
2,6,2,3,2,0.014135
2,9,2,1,2,0.014249
2,6,2,3,2,0.012902
2,20,2,1,2,0.013873
2,8,2,3,2,0.012874
2,5,2,1,2,0.013545
3,2,8,3,0,0.017138
3,2,8,1,0,0.017573
2,8,2,0,0,0.015151
2,5,2,3,0,0.015427
2,2,2,1,0,0.013718
2,8,2,0,0,0.010974
3,8,2,1,3,0.015354
2,2,2,3,3,0.014230
0,0,2,1,3,0.013105
3,2,8,0,2,0.012397
2,14,2,0,2,0.010618
2,14,1,0,2,0.014625
2,14,2,0,2,0.014569
2,14,2,0,2,0.010996
2,14,2,0,2,0.011179
3,11,18,0,0,0.009886
3,11,18,0,3,0.011679
2,8,2,3,3,0.012996
3,9,10,0,3,0.010960
2,10,2,0,3,0.011510
3,9,10,0,3,0.011991
2,9,2,0,3,0.010382
2,17,1,0,3,0.012370
2,5,2,3,3,0.012850
2,5,1,0,3,0.013392
2,5,2,3,3,0.011689
2,16,1,0,3,0.012464
2,6,2,3,3,0.012446
3,15,6,0,0,0.012552
2,2,1,0,0,0.010758
3,9,10,0,1,0.012534
2,17,1,0,1,0.009744
0,3,1,0,1,0.011535
2,14,2,0,1,0.008711
2,19,2,0,1,0.010615
3,8,2,0,3,0.010101
2,11,2,0,3,0.011419
2,17,1,0,3,0.011881
2,6,2,0,3,0.011879
2,14,1,0,3,0.012060
2,6,2,0,3,0.010898
3,11,9,0,3,0.011961
3,11,9,0,0,0.009050
3,11,9,0,0,0.013331
3,10,9,0,1,0.011640
2,5,1,0,1,0.010664
3,11,9,0,0,0.010968
2,12,1,0,0,0.011056
2,1,1,1,0,0.008675
3,12,8,0,2,0.009314
3,12,8,1,2,0.011312
3,12,8,1,2,0.011016
2,18,1,0,2,0.011572
2,2,2,3,2,0.011486
2,17,1,0,2,0.010968
2,15,1,1,2,0.011167
2,20,1,0,2,0.009021
2,15,1,1,2,0.010954
0,3,1,1,2,0.008410
3,2,13,0,3,0.009120
2,2,3,1,3,0.010790
3,8,2,0,3,0.008524
3,15,11,0,2,0.010477
2,16,1,0,2,0.011290
2,8,2,0,2,0.011066
2,17,1,0,2,0.010738
2,9,2,0,2,0.010829
0,1,1,0,2,0.010669
3,7,2,0,3,0.008997
3,7,2,0,1,0.014738
3,7,2,0,3,0.013021
3,15,11,0,2,0.008851
3,15,11,0,2,0.011977
2,13,2,0,2,0.009073
2,16,2,0,2,0.008408
2,7,2,0,2,0.008794
2,4,2,0,2,0.009431
2,13,2,0,2,0.009361
2,14,2,0,2,0.009539
0,3,2,0,2,0.008824
2,14,3,1,2,0.011279
2,16,2,0,2,0.011456
2,11,3,1,2,0.010429
3,7,8,0,3,0.010068
2,1,3,1,3,0.007881
3,7,8,1,3,0.007618
3,8,2,0,3,0.011769
3,5,18,1,3,0.009756
3,5,18,0,3,0.009641
2,9,3,1,3,0.008495
3,11,9,0,0,0.010366
3,11,9,1,0,0.008025
3,15,11,0,2,0.009163
3,15,11,1,2,0.008823
2,18,2,0,2,0.010017
3,5,18,3,3,0.010299
3,4,18,0,2,0.008368
2,17,2,0,2,0.007263
3,11,18,1,3,0.007426
3,11,5,0,0,0.008566
2,3,3,1,0,0.008297
2,17,2,0,0,0.009389
2,6,2,3,0,0.010409
2,10,2,0,0,0.010550
2,6,2,3,0,0.010234
2,17,2,0,0,0.010273
2,6,2,3,0,0.010104
2,4,2,0,0,0.010152
2,6,2,3,0,0.009729
2,17,2,0,0,0.009857
3,7,8,3,3,0.009764
2,18,2,0,3,0.008802
2,2,2,3,3,0.009343
2,20,2,0,3,0.009534
2,6,2,3,3,0.008969
2,10,2,0,3,0.009589
2,6,2,3,3,0.009306
2,17,2,0,3,0.009417
2,13,2,3,3,0.009322
3,2,16,0,0,0.009335
3,2,16,3,0,0.009006
2,2,2,0,0,0.008835
3,2,8,1,2,0.007646
3,15,6,1,2,0.007533
2,6,2,0,2,0.009472
3,2,7,0,3,0.007607
3,15,6,0,2,0.007818
3,12,8,3,2,0.009573
3,8,2,0,3,0.008927
2,8,2,0,3,0.008232
3,12,8,0,2,0.007826
2,8,2,0,2,0.007275
2,9,2,0,2,0.008933
2,6,2,3,2,0.008626
2,14,2,0,2,0.009388
2,2,2,3,2,0.008525
2,5,2,0,2,0.009242
2,5,2,3,2,0.007917
2,4,2,0,2,0.009141
2,13,2,3,2,0.008870
3,11,5,0,3,0.009057
2,6,2,3,3,0.007870
2,17,2,0,3,0.009060
2,2,2,3,3,0.008947
3,8,2,0,3,0.009330
2,6,2,3,3,0.008256
3,2,16,0,0,0.008811
3,2,16,3,0,0.007853
2,3,2,0,0,0.007632
3,15,6,0,2,0.007717
3,15,6,0,0,0.006774
3,15,6,0,2,0.007567
2,2,2,3,2,0.008751
2,18,2,0,2,0.007086
3,11,18,0,0,0.006659
2,5,3,1,0,0.006784
3,15,11,0,2,0.007212
3,11,5,1,0,0.008366
3,11,5,0,0,0.009051
3,15,11,3,2,0.009919
3,15,11,0,1,0.007886
2,15,3,1,1,0.008693
2,16,2,0,1,0.008538
3,15,11,1,1,0.008572
3,15,11,0,1,0.008316
3,15,11,1,1,0.007760
2,13,3,1,1,0.006716
2,17,2,0,1,0.008680
2,2,2,3,1,0.008542
2,7,2,0,1,0.008578
2,8,3,1,1,0.007698
3,2,16,0,0,0.008363
2,6,3,1,0,0.007614
2,10,2,0,0,0.008540
2,13,2,3,0,0.008348
2,4,2,0,0,0.008361
2,2,2,3,0,0.008046
2,17,2,0,0,0.008313
2,6,2,3,0,0.008242
3,8,2,0,3,0.008201
3,12,8,1,2,0.006350
3,15,6,1,2,0.006047
3,7,8,0,3,0.005897
2,15,2,0,3,0.006446
3,15,6,0,2,0.007754
2,2,3,1,2,0.007147
2,18,2,0,2,0.008249
2,6,2,3,2,0.007775
3,9,10,0,0,0.008132
2,10,3,1,0,0.007522
3,9,10,0,0,0.008298
3,10,9,1,1,0.009382
3,9,10,0,0,0.008104
2,13,3,1,0,0.006677
2,13,2,0,0,0.008112
2,13,3,1,0,0.007384
3,11,5,0,0,0.008137
3,11,5,1,0,0.007525
2,5,2,0,0,0.007283
2,2,3,1,0,0.006565
2,17,2,0,0,0.008087
2,6,2,3,0,0.007977
2,16,2,0,0,0.007950
2,13,3,1,0,0.007618
3,11,5,0,0,0.007902
3,11,5,1,0,0.007228
0,0,2,0,0,0.006553
2,16,2,0,0,0.005635
2,6,2,0,0,0.005793
2,3,2,0,0,0.005999
2,6,2,0,0,0.006675
2,11,2,0,0,0.007409
2,10,1,0,0,0.007727
2,2,2,0,0,0.007754
2,17,1,0,0,0.007821
2,6,2,0,0,0.007750
2,12,1,0,0,0.007773
2,2,2,0,0,0.006624
3,11,5,0,0,0.007645
2,8,2,0,0,0.006614
3,9,10,0,0,0.007434
2,10,2,0,0,0.006806
3,9,10,0,0,0.006503
3,2,16,0,0,0.005874
3,2,16,0,0,0.006533
3,11,9,0,0,0.006653
3,11,9,0,0,0.006410
2,14,1,0,0,0.007054
2,13,2,0,0,0.006710
2,17,1,0,0,0.007588
2,6,2,0,0,0.007519
2,20,1,0,0,0.007577
2,2,2,0,0,0.006977
3,11,5,0,0,0.007614
3,15,11,0,2,0.007734
3,15,6,0,2,0.006043
2,7,1,0,2,0.005880
3,15,11,0,2,0.006033
3,7,17,0,2,0.007821
2,16,1,0,2,0.011392
3,10,9,0,1,0.008024
3,9,10,0,0,0.005828
2,15,2,0,0,0.006799
2,0,3,1,0,0.007333
0,1,3,1,0,0.006072
2,0,2,0,0,0.005990
3,8,2,0,3,0.006666
2,6,2,0,3,0.007252
2,10,1,0,3,0.007502
2,20,2,0,3,0.007335
3,15,6,0,2,0.007315
3,7,8,0,3,0.006398
2,4,1,0,3,0.006869
2,13,2,0,3,0.007156
2,17,1,0,3,0.007324
2,6,2,0,3,0.007263
2,17,1,0,3,0.007155
2,4,2,0,3,0.007094
2,4,1,0,3,0.006245
2,2,2,0,3,0.007336
2,18,1,0,3,0.007070
2,13,2,0,3,0.006656
2,10,1,0,3,0.006952
2,17,2,0,3,0.006841
2,17,1,0,3,0.005553
2,2,2,0,3,0.006842
2,17,1,0,3,0.006911
2,6,2,0,3,0.006849
2,1,1,0,3,0.006905
2,1,2,0,3,0.007049
0,1,1,0,3,0.005769
2,14,2,0,3,0.005200
3,2,8,0,3,0.009361
2,2,2,1,3,0.009719
3,2,8,1,0,0.014763
2,8,2,3,0,0.011698
2,14,2,1,0,0.007234
2,14,2,0,0,0.006061
2,4,2,0,0,0.007099
2,2,2,0,0,0.007225
0,3,2,0,0,0.006219
3,2,8,1,3,0.006109
2,8,2,1,3,0.006715
2,20,2,1,3,0.005058
2,14,2,1,3,0.006455
2,1,2,1,3,0.005873
2,2,2,1,3,0.006036
3,8,2,1,3,0.006906
2,5,2,1,3,0.006150
2,5,2,1,3,0.006936
2,5,2,1,3,0.006053
2,17,2,1,3,0.006592
2,2,2,1,3,0.006416
2,9,2,1,3,0.006779
2,15,2,1,3,0.006140
0,0,2,1,3,0.006499
3,7,8,0,3,0.004924
2,2,1,0,3,0.005780
2,13,2,0,3,0.006770
1,1.000000
1,0.900000
1,0.300000
1,0.900000
1,0.300000
0,0.100000
0,0.100000
1,0.500000
0,0.100000
0,0.100000
0,0.100000
0,0.100000
0,0.100000
0,0.100000
0,0.100000
0,0.100000
0,0.100000
0,0.100000
0,0.100000
0,0.100000
0,0.100000
1,0.400000
0,0.100000
0,0.100000
0,0.100000
0,0.100000
0,0.100000
0,0.100000
0,0.100000
0,0.100000
0,0.100000
1,0.500000
0,0.100000
0,0.100000
1,0.500000
1,0.500000
0,0.200000
1,0.500000
0,0.200000
0,0.200000
0,0.200000
0,0.100000
0,0.100000
0,0.100000
1,0.200000
0,0.100000
1,0.500000
0,0.100000
0,0.100000
0,0.100000
0,0.100000
0,0.100000
0,0.100000
1,0.100000
0,0.200000
1,0.400000
0,0.100000
0,0.200000
1,0.100000
0,0.200000
1,0.100000
0,0.100000
0,0.100000
0,0.100000
0,0.100000
1,0.100000
1,0.100000
1,0.100000
1,0.100000
0,0.200000
1,0.200000
0,0.200000
1,0.200000
0,0.100000
0,0.100000
0,0.100000
0,0.100000
0,0.100000
0,0.100000
0,0.200000
0,0.100000
0,0.200000
0,0.200000
1,0.500000
0,0.200000
1,0.100000
0,0.200000
0,0.200000
1,0.100000
0,0.200000
0,0.200000
1,0.100000
0,0.200000
1,0.100000
0,0.200000
1,0.400000
0,0.200000
1,0.500000
1,0.500000
0,0.200000
1,0.500000
0,0.200000
1,0.500000
0,0.200000
1,0.500000
1,0.200000
0,0.200000
0,0.200000
0,0.200000
1,0.200000
0,0.200000
1,0.200000
0,0.200000
1,0.200000
0,0.200000
0,0.200000
1,0.500000
0,0.200000
1,0.400000
0,0.200000
1,0.200000
0,0.200000
1,0.200000
0,0.200000
0,0.200000
1,0.100000
0,0.200000
1,0.100000
0,0.200000
0,0.200000
1,0.100000
0,0.200000
1,0.200000
0,0.200000
1,0.100000
0,0.200000
1,0.100000
0,0.100000
1,0.200000
0,0.100000
0,0.100000
0,0.100000
1,0.200000
0,0.100000
1,0.100000
1,0.100000
1,0.100000
0,0.200000
1,0.100000
1,0.100000
1,0.100000
0,0.200000
1,0.100000
0,0.200000
1,0.100000
0,0.200000
1,0.100000
1,0.100000
1,0.100000
0,0.200000
1,0.100000
0,0.200000
1,0.100000
1,0.400000
0,0.200000
0,0.200000
0,0.200000
1,0.400000
0,0.200000
1,0.400000
0,0.200000
1,0.400000
0,0.200000
1,0.400000
0,0.200000
0,0.200000
0,0.100000
0,0.200000
0,0.100000
0,0.200000
0,0.200000
0,0.200000
0,0.100000
0,0.200000
1,0.400000
0,0.200000
0,0.200000
0,0.100000
0,0.200000
1,0.400000
0,0.200000
0,0.100000
0,0.200000
0,0.100000
0,0.200000
1,0.400000
0,0.200000
1,0.400000
0,0.200000
1,0.400000
0,0.200000
1,0.400000
0,0.200000
0,0.100000
1,0.500000
0,0.200000
0,0.100000
0,0.200000
1,0.500000
0,0.200000
0,0.100000
0,0.100000
0,0.100000
0,0.100000
0,0.100000
0,0.100000
0,0.100000
0,0.100000
1,0.400000
0,0.100000
0,0.100000
0,0.100000
0,0.100000
0,0.100000
1,0.400000
0,0.100000
1,0.400000
0,0.100000
1,0.400000
0,0.100000
0,0.100000
0,0.100000
0,0.100000
0,0.100000
0,0.100000
0,0.100000
0,0.100000
0,0.100000
0,0.200000
0,0.100000
0,0.200000
0,0.100000
0,0.200000
0,0.100000
0,0.100000
0,0.100000
0,0.200000
0,0.100000
0,0.100000
0,0.100000
0,0.100000
0,0.100000
0,0.100000
0,0.100000
1,0.400000
0,0.100000
0,0.100000
0,0.100000
0,0.100000
0,0.100000
0,0.100000
0,0.100000
0,0.100000
0,0.100000
0,0.200000
0,0.100000
0,0.200000
0,0.100000
0,0.100000
0,0.100000
0,0.100000
0,0.100000
0,0.100000
0,0.100000
0,0.100000
0,0.100000
0,0.100000
0,0.100000
0,0.100000
0,0.100000
0,0.100000
0,0.100000
0,0.300000
0,0.100000
0,0.300000
0,0.100000
0,0.100000
0,0.300000
0,0.100000
0,0.300000
0,0.100000
0,0.300000
0,0.100000
0,0.300000
0,0.100000
0,0.300000
1,0.400000
0,0.300000
0,0.200000
0,0.100000
0,0.200000
0,0.100000
0,0.300000
1,0.400000
0,0.300000
1,0.400000
0,0.300000
1,0.400000
0,0.300000
1,0.400000
0,0.300000
1,0.400000
0,0.300000
1,0.400000
0,0.300000
1,0.400000
0,0.300000
1,0.400000
0,0.300000
1,0.400000
0,0.300000
1,0.400000
0,0.200000
0,0.100000
0,0.100000
0,0.200000
0,0.100000
0,0.300000
1,0.400000
0,0.300000
0,0.100000
0,0.300000
0,0.100000
0,0.300000
1,0.400000
0,0.300000
1,0.400000
0,0.300000
1,0.400000
0,0.300000
1,0.400000
0,0.300000
1,0.400000
0,0.300000
1,0.400000
0,0.300000
1,0.400000
0,0.300000
1,0.400000
0,0.300000
0,0.300000
0,0.200000
0,0.300000
1,0.400000
0,0.300000
0,0.300000
0,0.100000
0,0.300000
0,0.100000
0,0.300000
1,0.400000
0,0.300000
0,0.200000
0,0.300000
0,0.100000
0,0.300000
0,0.100000
0,0.100000
0,0.300000
1,0.400000
0,0.300000
0,0.100000
0,0.300000
0,0.100000
0,0.300000
1,0.400000
0,0.300000
1,0.400000
0,0.300000
1,0.400000
0,0.300000
0,0.100000
0,0.100000
0,0.300000
0,0.200000
0,0.300000
0,0.100000
0,0.300000
1,0.400000
0,0.300000
0,0.100000
0,0.300000
0,0.100000
0,0.300000
0,0.100000
0,0.300000
0,0.100000
0,0.300000
0,0.100000
0,0.300000
0,0.100000
0,0.300000
1,0.400000
0,0.300000
0,0.100000
0,0.300000
0,0.100000
0,0.300000
0,0.100000
0,0.100000
0,0.100000
0,0.100000
0,0.100000
0,0.100000
0,0.100000
0,0.100000
0,0.100000
0,0.100000
0,0.100000
0,0.100000
0,0.100000
0,0.100000
0,0.100000
0,0.100000
0,0.100000
0,0.100000
0,0.100000
0,0.100000
0,0.100000
0,0.100000
0,0.100000
0,0.100000
0,0.100000
0,0.100000
0,0.100000
0,0.100000
0,0.100000
0,0.100000
0,0.100000
0,0.100000
0,0.100000
0,0.100000
0,0.100000
0,0.100000
0,0.100000
0,0.100000
0,0.100000
0,0.100000
0,0.100000
0,0.100000
0,0.100000
0,0.100000
0,0.100000
0,0.100000
0,0.100000
0,0.100000
0,0.100000
0,0.100000
0,0.100000
0,0.100000
0,0.100000
0,0.100000
0,0.100000
0,0.100000
0,0.100000
0,0.100000
0,0.100000
0,0.100000
0,0.100000
0,0.100000
0,0.100000
0,0.100000
0,0.100000
0,0.100000
0,0.100000
0,0.100000
1,0.500000
0,0.100000
0,0.100000
0,0.100000
0,0.100000
0,0.100000
0,0.100000
0,0.100000
0,0.100000
0,0.100000
0,0.100000
0,0.100000
0,0.100000
0,0.100000
0,0.100000
0,0.100000
0,0.100000
0,0.100000
0,0.100000
0,0.100000
0,0.100000
0,0.100000
0,0.100000
0,0.300000
1,1.481444
0,1.406269
1,1.299494
1,1.856269
1,3.336472
0,6.118566
1,4.931485
0,1.185867
0,5.341640
1,2.259341
0,1.237987
1,2.800127
0,2.018372
1,2.800127
1,1.406269
0,1.429765
0,4.440396
1,1.406269
0,0.907216
1,1.950247
1,1.379765
0,1.429765
1,1.950247
0,1.429765
0,4.440396
0,1.187987
0,1.187987
0,3.531640
0,3.531640
0,1.187987
1,1.406269
1,1.077333
0,2.825010
0,1.707198
1,1.077333
0,1.217821
0,1.707198
0,0.976131
1,1.766183
0,1.233682
1,1.766183
0,1.233682
1,1.522726
1,1.766183
0,1.471344
1,1.406269
0,0.976131
0,1.392976
0,1.392976
0,1.207118
0,1.207118
0,1.370544
1,2.094842
1,1.930508
1,2.094842
1,1.531620
1,2.094842
1,2.094842
1,1.531620
1,2.094842
1,1.236783
0,2.200247
0,2.200247
1,1.522726
0,1.838921
0,1.838921
0,1.231620
1,1.406269
1,1.736310
1,1.406269
0,1.231620
0,1.474807
0,1.187987
0,1.187987
0,1.270372
0,1.621344
1,1.486310
0,1.270372
1,0.827274
1,2.654610
0,1.110884
1,1.796658
0,2.544842
1,1.946658
0,1.771344
1,1.591129
1,2.654610
0,1.771344
1,1.591129
0,3.094440
0,1.110884
1,1.467891
1,1.040465
0,0.832377
0,2.544842
1,1.196760
1,1.196760
0,1.302237
0,0.832377
1,0.693627
1,1.207216
0,2.544842
1,1.207216
1,0.907216
1,1.095948
1,1.796658
0,1.795303
0,0.893627
1,1.095948
1,1.095948
1,1.422160
0,1.523291
1,4.285765
1,1.095948
0,4.731485
1,2.044842
1,1.531620
0,4.433910
1,1.531620
1,2.044842
1,1.531620
0,2.544842
1,1.226131
0,1.303997
0,1.491703
1,1.422160
0,1.303997
1,1.226131
0,1.303997
0,1.303997
1,1.383682
1,1.003997
1,1.918403
1,1.003997
1,1.467891
0,1.556234
1,1.422160
1,1.422160
1,1.481620
0,1.556234
0,1.079595
0,1.556234
1,1.764810
1,1.664810
1,1.764810
1,1.036954
1,1.036954
1,1.036954
0,4.335765
0,1.403285
0,1.353285
0,1.403285
0,1.324202
1,0.907216
1,1.918403
1,0.907216
0,4.731485
0,2.544842
1,1.918403
0,2.544842
1,1.918403
1,2.044842
1,1.207216
1,1.207216
1,1.664810
0,1.303997
1,1.092176
0,1.473414
1,1.092176
1,1.207216
1,1.092176
1,1.207216
1,1.092176
1,1.207216
1,1.126131
1,1.092176
0,1.036783
1,0.907216
0,0.957216
0,1.201537
1,1.664810
0,1.545303
0,1.545303
1,1.664810
1,1.157216
1,1.664810
0,1.545303
1,1.791389
0,1.923291
1,1.207216
1,1.422160
0,1.473414
0,3.274204
0,0.932377
1,1.046760
1,1.971344
1,1.046760
1,1.971344
1,1.046760
1,1.971344
1,1.046760
1,1.610196
1,1.310196
0,1.473414
0,0.936954
0,1.795303
0,0.807216
0,1.923291
1,1.591389
1,1.046760
1,1.591389
0,4.433910
0,4.433910
0,1.292176
0,1.007216
0,4.433910
0,4.433910
1,4.285765
1,1.971344
1,1.003997
0,1.203997
0,1.303997
1,1.383682
1,0.985053
1,1.971344
0,1.332377
0,0.936954
1,0.985053
1,1.971344
0,1.332377
1,1.971344
1,0.985053
1,1.971344
0,1.923291
1,0.907216
1,1.402237
0,1.923291
1,1.402237
1,1.046760
1,1.402237
1,1.046760
1,1.402237
1,1.046760
1,1.402237
0,1.302237
0,1.120372
1,1.092176
1,1.402237
1,1.473291
1,1.157216
1,0.907216
0,1.007216
1,1.157216
1,1.003997
0,1.167891
1,1.473291
1,1.971344
1,1.473291
1,1.971344
1,1.253285
1,1.445303
0,1.345955
1,1.473291
1,1.503285
0,1.453285
0,0.807216
0,1.453285
0,1.167891
0,1.352237
0,1.345955
1,1.436310
0,1.445955
0,1.353285
1,1.253285
0,0.936954
0,1.352237
0,1.352237
0,1.771344
0,1.771344
0,0.936954
0,1.473414
0,1.473414
0,1.771344
0,1.473414
0,1.771344
1,1.971344
1,1.971344
0,1.923291
0,0.936954
1,0.986954
0,0.936954
0,1.352237
1,1.402237
0,1.453285
1,1.553285
0,1.567821
0,0.936954
1,2.654610
1,1.136783
0,4.335765
1,1.136783
1,1.971344
0,1.567821
1,1.971344
0,1.567821
1,1.971344
0,1.567821
1,1.971344
0,1.567821
1,1.971344
0,1.567821
1,1.971344
0,1.567821
0,0.807216
0,1.567821
0,0.807216
0,1.567821
0,0.807216
0,1.567821
0,0.807216
0,1.567821
1,1.417821
1,1.045948
1,1.591389
1,1.045948
0,0.932377
0,1.473414
0,1.345948
0,0.807216
1,1.473291
1,0.995948
1,0.907216
0,0.957216
0,1.476131
0,0.832377
0,1.476131
0,0.832377
0,1.476131
1,1.095948
0,1.476131
0,0.832377
0,1.476131
1,1.326131
0,1.567821
0,0.832377
0,1.923291
0,1.167821
0,1.567821
1,1.517821
1,0.995948
1,0.995948
0,0.932377
0,1.345948
0,1.167821
1,1.473291
0,4.433910
1,1.286783
0,1.353285
1,1.286783
0,1.386783
1,1.553285
0,1.524807
1,1.374807
0,1.567821
1,1.674807
0,1.524807
1,1.374807
1,1.095948
0,1.567821
0,0.807216
0,1.567821
0,0.807216
0,1.567821
1,1.095948
1,1.473291
1,1.452237
1,1.473291
1,1.452237
1,1.473291
1,1.452237
1,1.473291
0,1.007216
1,1.095948
0,1.771344
1,1.971344
0,1.345948
1,1.971344
0,1.392176
1,1.971344
0,1.392176
1,1.971344
1,0.992176
0,1.020372
1,0.992176
1,1.971344
0,1.386783
1,1.971344
0,1.386783
1,1.336783
0,1.386783
1,1.971344
0,1.386783
1,1.971344
0,1.386783
1,1.971344
0,1.386783
1,1.336783
0,1.392176
1,1.971344
0,3.274204
1,0.995948
1,0.945948
1,1.971344
0,1.386783
1,1.971344
0,1.386783
1,1.971344
0,1.386783
1,1.971344
0,1.386783
1,1.971344
0,1.392176
1,1.971344
1,1.092176
1,1.267821
0,1.167821
0,1.352237
1,1.402237
1,1.086783
1,1.971344
1,1.086783
1,1.971344
1,1.086783
1,1.971344
1,1.086783
0,1.353285
1,1.095948
0,1.345948
1,1.503285
1,1.351537
0,1.345948
0,1.120372
1,1.092176
0,1.295955
0,1.345948
1,1.971344
1,1.971344
0,1.923291
1,1.452237
0,1.345948
1,1.452237
0,1.345948
1,1.971344
0,1.386783
1,1.452237
0,1.386783
1,1.452237
0,1.386783
1,1.452237
0,1.386783
1,1.452237
0,1.386783
1,1.452237
0,1.386783
1,1.452237
0,1.771344
1,1.452237
0,1.386783
1,1.452237
0,1.567821
1,1.452237
0,1.386783
0,0.886954
1,1.796658
0,1.386783
1,1.310196
0,1.546658
0,1.771344
0,1.295955
0,1.332377
0,1.295955
1,1.367821
1,1.646658
0,1.332377
0,1.771344
0,0.886954
0,1.923291
0,0.886954
0,1.923291
0,0.886954
0,1.386783
0,0.886954
0,1.386783
0,0.886954
0,1.386783
0,0.886954
0,1.771344
0,1.771344
1,1.367821
0,1.386783
1,2
1,3
0,0
1,3
0,0
1,0
1,3
1,3
1,0
1,1
1,1
1,2
1,0
0,0
1,0
0,0
0,1
0,0
1,1
1,0
1,0
1,6
1,0
1,0
1,0
1,1
1,1
0,0
1,0
1,2
1,0
1,3
1,0
1,0
0,0
1,1
1,1
1,4
1,1
1,1
0,5
1,4
1,4
0,1
1,1
1,3
1,1
1,0
1,3
0,4
1,3
0,1
1,3
1,3
0,1
1,1
1,3
0,5
0,0
0,1
0,0
1,2
1,0
0,0
1,1
0,0
0,0
0,1
0,0
1,1
1,4
1,1
1,3
1,1
1,1
1,1
1,4
0,0
1,4
0,0
0,4
0,0
0,1
1,4
0,6
1,2
0,1
1,0
0,0
1,0
1,0
0,0
0,1
0,0
0,1
1,1
1,3
0,0
0,0
0,1
1,2
0,1
1,4
0,1
1,1
1,0
1,0
1,0
0,2
1,3
0,1
1,1
1,1
1,2
0,1
0,1
1,4
1,2
1,3
1,1
1,2
1,0
0,0
1,1
1,3
1,3
0,4
1,2
1,3
0,1
0,0
0,1
1,2
1,1
1,1
0,6
1,2
0,1
1,3
0,1
1,1
1,0
1,3
0,6
1,0
1,0
0,0
0,6
1,1
1,1
0,0
0,6
1,2
0,6
1,8
0,2
0,0
0,0
1,5
0,0
1,4
0,1
0,0
1,4
1,1
1,2
0,1
1,1
0,7
1,4
0,6
1,5
0,1
1,2
0,6
0,0
1,1
0,1
1,3
0,1
0,0
0,1
1,1
0,6
1,4
0,6
1,3
1,3
0,6
1,5
0,2
1,1
1,0
0,0
0,2
1,4
0,6
1,5
0,1
1,5
0,5
1,3
1,0
1,0
1,3
1,0
1,3
0,7
1,4
0,7
1,1
0,2
1,3
0,4
1,3
0,2
1,1
1,2
1,2
1,1
1,1
0,6
0,0
0,6
1,8
0,5
1,8
0,5
1,5
1,0
1,5
0,6
1,3
1,1
1,1
1,1
1,0
1,3
0,6
1,7
0,8
1,7
0,2
1,1
0,2
1,0
1,0
0,0
1,0
1,1
0,2
1,3
1,3
0,2
1,4
0,6
0,0
0,1
1,4
1,3
1,3
1,1
1,3
1,1
0,5
1,5
0,8
0,0
0,5
1,1
0,1
1,0
0,1
1,3
1,1
1,1
0,1
1,1
0,2
1,3
0,2
0,0
0,5
1,2
0,2
0,0
1,0
0,4
1,7
0,2
0,0
0,2
1,3
0,2
1,3
0,2
1,7
1,0
1,1
1,0
1,0
1,3
0,6
1,7
0,3
1,7
0,8
1,7
0,4
1,7
0,8
1,5
0,2
1,5
0,1
1,7
0,3
1,7
0,8
1,6
0,5
1,5
1,0
1,5
1,2
1,0
1,3
0,1
1,5
0,8
1,1
0,1
1,3
0,6
1,7
0,8
1,8
0,5
1,8
0,4
1,6
0,8
1,7
0,8
1,8
0,5
1,7
0,5
1,6
0,1
0,0
0,0
0,0
1,2
0,0
1,2
1,2
1,1
0,0
0,3
1,6
0,5
0,0
0,5
1,6
0,3
0,0
1,6
0,8
1,8
0,3
1,5
0,3
1,7
0,3
1,6
0,4
1,8
0,8
1,7
0,2
1,0
1,1
1,0
1,6
0,2
1,8
0,2
1,7
0,8
1,1
0,3
1,6
0,3
1,6
0,3
1,6
0,8
1,8
1,0
1,8
0,8
1,7
0,5
1,6
0,3
1,3
0,5
1,1
1,0
1,2
0,2
1,3
0,3
1,8
0,8
1,7
0,5
1,8
0,8
1,5
0,8
1,1
0,3
1,3
1,0
0,7
1,6
0,7
1,6
0,8
1,7
0,1
1,8
0,5
0,4
0,0
0,1
0,0
0,5
0,5
0,0
1,0
0,0
0,4
1,5
1,5
0,4
1,7
0,3
1,2
0,4
1,6
0,4
1,6
0,8
1,7
0,8
1,2
0,3
1,8
0,2
1,6
0,3
1,3
0,4
1,8
0,8
1,7
0,2
1,1
1,0
0,2
1,1
1,0
1,1
1,2
1,1
0,0
0,4
1,2
0,5
0,0
1,0
0,0
0,0
0,2
1,5
0,5
1,8
0,5
1,8
0,5
1,8
0,6
0,0
0,3
0,3
1,8
0,3
1.297542,960.000000
1.165780,960.000000
1.272629,960.000000
1.172543,960.000000
1.321468,960.000000
1.463319,960.000000
1.291014,960.000000
1.501907,960.000000
1.401213,960.000000
1.326756,960.000000
1.169296,960.000000
1.505808,960.000000
1.251870,960.000000
1.338298,960.000000
1.459235,960.000000
1.460457,960.000000
1.591353,960.000000
1.250952,960.000000
1.327290,960.000000
1.380281,960.000000
1.551033,960.000000
1.342210,960.000000
1.547287,960.000000
1.117194,960.000000
1.232102,960.000000
1.704982,960.000000
1.395024,960.000000
1.809933,960.000000
1.404936,960.000000
1.497737,960.000000
1.574511,960.000000
1.454509,960.000000
1.777454,960.000000
1.507093,960.000000
1.870089,960.000000
1.781470,960.000000
2.002769,960.000000
1.975625,960.000000
1.528088,960.000000
1.830893,960.000000
1.799023,960.000000
2.118549,960.000000
2.189071,960.000000
1.922381,960.000000
1.752421,960.000000
1.645337,960.000000
2.288836,960.000000
2.023305,960.000000
1.752163,960.000000
2.009004,960.000000
1.864112,960.000000
2.316060,960.000000
1.955726,960.000000
2.300125,960.000000
2.207324,960.000000
1.990459,960.000000
2.179359,960.000000
2.177151,960.000000
2.509980,960.000000
2.365908,960.000000
1.914063,960.000000
1.948211,960.000000
2.585521,960.000000
2.179727,960.000000
2.030681,960.000000
1.956827,960.000000
2.101478,960.000000
2.620415,960.000000
2.381769,960.000000
2.183099,960.000000
2.422829,960.000000
2.523369,960.000000
2.272241,960.000000
2.307054,960.000000
2.408127,960.000000
1.951452,960.000000
2.396006,960.000000
2.168438,960.000000
2.088778,960.000000
2.322049,960.000000
1.838993,960.000000
1.974541,960.000000
2.131026,960.000000
2.302867,960.000000
1.840937,960.000000
1.690062,960.000000
1.816002,960.000000
1.926402,960.000000
2.227148,960.000000
1.923247,960.000000
1.912646,960.000000
2.139005,960.000000
1.819925,960.000000
1.916186,960.000000
1.573731,960.000000
1.991262,960.000000
1.785473,960.000000
1.815704,960.000000
2.158847,960.000000
2.001122,960.000000
1.881539,960.000000
1.646725,960.000000
1.712101,960.000000
1.530778,960.000000
1.470897,960.000000
1.651865,960.000000
1.313827,960.000000
1.495465,960.000000
1.501477,960.000000
1.759907,960.000000
1.663102,960.000000
1.605969,960.000000
1.812084,960.000000
1.517975,960.000000
1.608074,960.000000
1.715933,960.000000
1.627732,960.000000
1.603594,960.000000
1.863796,960.000000
1.971678,960.000000
1.681188,960.000000
1.964691,960.000000
1.771913,960.000000
1.698443,960.000000
1.872739,960.000000
2.108459,960.000000
1.820746,960.000000
1.673949,960.000000
1.621646,960.000000
1.589597,960.000000
2.102568,960.000000
1.659471,960.000000
1.982365,960.000000
1.931020,960.000000
1.755129,960.000000
1.964387,960.000000
2.015033,960.000000
1.847414,960.000000
1.754567,960.000000
1.919014,960.000000
1.730629,960.000000
1.927819,960.000000
2.162070,960.000000
1.874684,960.000000
2.039452,960.000000
1.891921,960.000000
2.292696,960.000000
2.147902,960.000000
1.672716,960.000000
2.042705,960.000000
2.030555,960.000000
2.041942,960.000000
2.217379,960.000000
2.050793,960.000000
2.184499,960.000000
2.085623,960.000000
2.221877,960.000000
2.011029,960.000000
2.126724,960.000000
2.119071,960.000000
2.025691,960.000000
2.207094,960.000000
2.132689,960.000000
2.752469,960.000000
2.229253,960.000000
2.103067,960.000000
2.161755,960.000000
2.402506,960.000000
2.110106,960.000000
1.882055,960.000000
1.980655,960.000000
2.111838,960.000000
2.509424,960.000000
2.498662,960.000000
2.017706,960.000000
2.233160,960.000000
2.153265,960.000000
2.147850,960.000000
2.031668,960.000000
2.022398,960.000000
1.728008,960.000000
2.029224,960.000000
1.859156,960.000000
1.995214,960.000000
1.880110,960.000000
1.830457,960.000000
1.911149,960.000000
1.947236,960.000000
2.039486,960.000000
1.962173,960.000000
1.752909,960.000000
1.857745,960.000000
1.753591,960.000000
2.077896,960.000000
1.782691,960.000000
1.747941,960.000000
2.137118,960.000000
1.908505,960.000000
1.945286,960.000000
1.683580,960.000000
1.770708,960.000000
1.895644,960.000000
1.890493,960.000000
1.944035,960.000000
1.899510,960.000000
1.855261,960.000000
1.756196,960.000000
1.533027,960.000000
1.774999,960.000000
1.907702,960.000000
1.656442,960.000000
1.743318,960.000000
1.508384,960.000000
1.693613,960.000000
1.861645,960.000000
1.910386,960.000000
1.823929,960.000000
2.028393,960.000000
2.138707,960.000000
1.739836,960.000000
2.069114,960.000000
2.083948,960.000000
1.896579,960.000000
2.227183,960.000000
1.791284,960.000000
2.160367,960.000000
2.242808,960.000000
1.936469,960.000000
1.942240,960.000000
2.104111,960.000000
2.436573,960.000000
1.986862,960.000000
2.005608,960.000000
2.312968,960.000000
1.986128,960.000000
2.078705,960.000000
2.106377,960.000000
2.080856,960.000000
2.402368,960.000000
2.031857,960.000000
2.366195,960.000000
2.081413,960.000000
2.224521,960.000000
2.142710,960.000000
2.206377,960.000000
2.386874,960.000000
2.306624,960.000000
2.312659,960.000000
2.236722,960.000000
1.919191,960.000000
2.104455,960.000000
2.609326,960.000000
2.200670,960.000000
1.924044,960.000000
1.984636,960.000000
2.046307,960.000000
2.364996,960.000000
2.832713,960.000000
1.944127,960.000000
2.113886,960.000000
2.267055,960.000000
2.297630,960.000000
2.376262,960.000000
2.136033,960.000000
2.042980,960.000000
1.808413,960.000000
1.962523,960.000000
1.878051,960.000000
1.873978,960.000000
1.659385,960.000000
1.649966,960.000000
1.708143,960.000000
1.853397,960.000000
1.495391,960.000000
1.685186,960.000000
1.704908,960.000000
1.607833,960.000000
1.987636,960.000000
1.676806,960.000000
1.961869,960.000000
1.887986,960.000000
1.758433,960.000000
1.509823,960.000000
1.776932,960.000000
2.107444,960.000000
1.788973,960.000000
1.974030,960.000000
1.904793,960.000000
1.867823,960.000000
2.229139,960.000000
1.493010,960.000000
1.849146,960.000000
1.704076,960.000000
1.943421,960.000000
1.823402,960.000000
1.592288,960.000000
1.840616,960.000000
1.473909,960.000000
1.854050,960.000000
2.023958,960.000000
1.942670,960.000000
1.937570,960.000000
1.715382,960.000000
1.976835,960.000000
1.782473,960.000000
2.035058,960.000000
1.887722,960.000000
1.832092,960.000000
2.386536,960.000000
2.014861,960.000000
2.516451,960.000000
2.086507,960.000000
2.039573,960.000000
2.210220,960.000000
2.661463,960.000000
2.438059,960.000000
2.082382,960.000000
2.445774,960.000000
1.959626,960.000000
2.748046,960.000000
2.755716,960.000000
2.830149,960.000000
2.696672,960.000000
3.120834,960.000000
2.631704,960.000000
2.587357,960.000000
2.664618,960.000000
2.406727,960.000000
2.765829,960.000000
2.749320,960.000000
2.809872,960.000000
3.232427,960.000000
2.580565,960.000000
3.133443,960.000000
3.080772,960.000000
3.312804,960.000000
2.858349,960.000000
2.866827,960.000000
2.906642,960.000000
2.753834,960.000000
3.556635,960.000000
3.270814,960.000000
3.138496,960.000000
3.519154,960.000000
3.576867,960.000000
3.321443,960.000000
3.098142,960.000000
3.350772,960.000000
3.353921,960.000000
3.615001,960.000000
4.238768,960.000000
3.616063,960.000000
4.032326,960.000000
3.297993,960.000000
3.478100,960.000000
3.280687,960.000000
3.729927,960.000000
3.460277,960.000000
3.186451,960.000000
3.584066,960.000000
3.033609,960.000000
4.749433,960.000000
4.213643,960.000000
3.675215,960.000000
3.323330,960.000000
4.208113,960.000000
4.226016,960.000000
3.799875,960.000000
3.795321,960.000000
3.201234,960.000000
3.772944,960.000000
3.554341,960.000000
3.361333,960.000000
3.652557,960.000000
3.420720,960.000000
3.201956,960.000000
3.410378,960.000000
3.876930,960.000000
3.156697,960.000000
3.296559,960.000000
3.101916,960.000000
3.056703,960.000000
3.733495,960.000000
3.676632,960.000000
3.266346,960.000000
3.729417,960.000000
3.396112,960.000000
3.067556,960.000000
3.588018,960.000000
3.727008,960.000000
2.918981,960.000000
3.247313,960.000000
3.166116,960.000000
2.999662,960.000000
3.448983,960.000000
2.777083,960.000000
2.845580,960.000000
2.760391,960.000000
2.762215,960.000000
2.560264,960.000000
2.423850,960.000000
2.375138,960.000000
2.430424,960.000000
2.716353,960.000000
2.749739,960.000000
2.550920,960.000000
2.480175,960.000000
2.452623,960.000000
2.190918,960.000000
2.186731,960.000000
2.631709,960.000000
2.370101,960.000000
2.426191,960.000000
2.676085,960.000000
2.391991,960.000000
2.499924,960.000000
2.179732,960.000000
1.941597,960.000000
2.145854,960.000000
2.092266,960.000000
1.729952,960.000000
1.572429,960.000000
1.676697,960.000000
1.631243,960.000000
1.938115,960.000000
1.804139,960.000000
1.659087,960.000000
1.726080,960.000000
1.738350,960.000000
1.613219,960.000000
1.604506,960.000000
1.685313,960.000000
1.397788,960.000000
1.548704,960.000000
1.852467,960.000000
1.509737,960.000000
1.692426,960.000000
1.348468,960.000000
1.217601,960.000000
1.494467,960.000000
1.306221,960.000000
1.444000,960.000000
1.196442,960.000000
1.329643,960.000000
1.297554,960.000000
1.381707,960.000000
1.353962,960.000000
1.312460,960.000000
1.547059,960.000000
1.400148,960.000000
1.265487,960.000000
1.246501,960.000000
1.404366,960.000000
1.297232,960.000000
1.388241,960.000000
1.303720,960.000000
1.543675,960.000000
1.465435,960.000000
1.435552,960.000000
1.381960,960.000000
1.394625,960.000000
1.526475,960.000000
1.216751,960.000000
1.507529,960.000000
1.201281,960.000000
1.292295,960.000000
1.642844,960.000000
1.643137,960.000000
1.777705,960.000000
1.588159,960.000000
1.341745,960.000000
1.628339,960.000000
1.527762,960.000000
1.759592,960.000000
1.460246,960.000000
1.876380,960.000000
1.604112,960.000000
2.097969,960.000000
2.073373,960.000000
1.475244,960.000000
1.813190,960.000000
1.857663,960.000000
2.267649,960.000000
2.122633,960.000000
1.623075,960.000000
1.808156,960.000000
1.806254,960.000000
2.082234,960.000000
2.122001,960.000000
1.940701,960.000000
2.150562,960.000000
2.038405,960.000000
2.367777,960.000000
2.032756,960.000000
2.262212,960.000000
2.027642,960.000000
2.071460,960.000000
2.042939,960.000000
2.300904,960.000000
2.463039,960.000000
2.363645,960.000000
1.983261,960.000000
2.066477,960.000000
2.563300,960.000000
2.336274,960.000000
2.054875,960.000000
1.902653,960.000000
2.025131,960.000000
2.759948,960.000000
2.482158,960.000000
2.151820,960.000000
2.434030,960.000000
2.301743,960.000000
2.292187,960.000000
2.246995,960.000000
2.315679,960.000000
1.888350,960.000000
2.091331,960.000000
2.187725,960.000000
2.080166,960.000000
2.459165,960.000000
1.882138,960.000000
1.871323,960.000000
1.919606,960.000000
2.275573,960.000000
1.885396,960.000000
1.822959,960.000000
1.899533,960.000000
1.829217,960.000000
2.110715,960.000000
1.961590,960.000000
1.746237,960.000000
2.087366,960.000000
1.956993,960.000000
1.931955,960.000000
1.727434,960.000000
2.043727,960.000000
1.697293,960.000000
1.864731,960.000000
1.957844,960.000000
1.879282,960.000000
1.923163,960.000000
1.691742,960.000000
1.760218,960.000000
1.578126,960.000000
1.644671,960.000000
1.527124,960.000000
1.409762,960.000000
1.568356,960.000000
1.646981,960.000000
1.852618,960.000000
1.905733,960.000000
1.643154,960.000000
1.618237,960.000000
1.717314,960.000000
1.544841,960.000000
1.621547,960.000000
1.663118,960.000000
1.528555,960.000000
1.862077,960.000000
1.919336,960.000000
1.708556,960.000000
1.946086,960.000000
1.676277,960.000000
1.596382,960.000000
1.747397,960.000000
1.909808,960.000000
1.669933,960.000000
1.638154,960.000000
1.810639,960.000000
1.610456,960.000000
1.779820,960.000000
1.782072,960.000000
1.893516,960.000000
2.032975,960.000000
1.711895,960.000000
2.019039,960.000000
1.913399,960.000000
1.935581,960.000000
1.788474,960.000000
1.937776,960.000000
1.736950,960.000000
2.047169,960.000000
2.064345,960.000000
1.793726,960.000000
2.242909,960.000000
2.070207,960.000000
2.100704,960.000000
2.103342,960.000000
1.748541,960.000000
1.770217,960.000000
1.949425,960.000000
2.078264,960.000000
2.175858,960.000000
2.094435,960.000000
2.501248,960.000000
2.072247,960.000000
2.278964,960.000000
2.065569,960.000000
2.132431,960.000000
2.156256,960.000000
2.041347,960.000000
2.241691,960.000000
2.163474,960.000000
2.671985,960.000000
2.160923,960.000000
2.161423,960.000000
2.029877,960.000000
2.299180,960.000000
2.137339,960.000000
1.841170,960.000000
1.978899,960.000000
1.879845,960.000000
2.650131,960.000000
2.382052,960.000000
1.960205,960.000000
2.170818,960.000000
2.289307,960.000000
2.104985,960.000000
2.100624,960.000000
2.028343,960.000000
1.832303,960.000000
2.086010,960.000000
2.121564,960.000000
1.802266,960.000000
1.951994,960.000000
1.738645,960.000000
1.783130,960.000000
1.888741,960.000000
1.850060,960.000000
1.976060,960.000000
1.870300,960.000000
1.903659,960.000000
1.720664,960.000000
2.192851,960.000000
1.969377,960.000000
1.701252,960.000000
1.982703,960.000000
1.939696,960.000000
1.867789,960.000000
1.673927,960.000000
1.926145,960.000000
1.855089,960.000000
1.877466,960.000000
1.962780,960.000000
1.930450,960.000000
1.880443,960.000000
1.898452,960.000000
1.799841,960.000000
1.885327,960.000000
1.897895,960.000000
1.614657,960.000000
1.750863,960.000000
1.631241,960.000000
1.678800,960.000000
1.790204,960.000000
2.017671,960.000000
1.854135,960.000000
2.003587,960.000000
2.006546,960.000000
1.721796,960.000000
2.046812,960.000000
1.931972,960.000000
1.786842,960.000000
2.032624,960.000000
1.924404,960.000000
2.244541,960.000000
2.123438,960.000000
1.633632,960.000000
2.120346,960.000000
2.026090,960.000000
2.275803,960.000000
2.153722,960.000000
2.039692,960.000000
2.339332,960.000000
2.099871,960.000000
2.301145,960.000000
2.000351,960.000000
2.147257,960.000000
2.382701,960.000000
2.138724,960.000000
2.197189,960.000000
1.895326,960.000000
2.218601,960.000000
2.217929,960.000000
2.309357,960.000000
2.443345,960.000000
2.126006,960.000000
2.302714,960.000000
2.196167,960.000000
1.957407,960.000000
2.150044,960.000000
2.725434,960.000000
2.083844,960.000000
1.754109,960.000000
1.983496,960.000000
2.100957,960.000000
2.407509,960.000000
2.726267,960.000000
2.007517,960.000000
2.052065,960.000000
2.135494,960.000000
2.179329,960.000000
2.334160,960.000000
2.126903,960.000000
1.965515,960.000000
2.030699,960.000000
2.025205,960.000000
1.835838,960.000000
1.765401,960.000000
1.659411,960.000000
1.621351,960.000000
1.825982,960.000000
1.754184,960.000000
1.801306,960.000000
1.705924,960.000000
1.649234,960.000000
1.503178,960.000000
1.923002,960.000000
1.654165,960.000000
1.841532,960.000000
1.949557,960.000000
1.831677,960.000000
1.680133,960.000000
1.816621,960.000000
1.937299,960.000000
1.789353,960.000000
2.066357,960.000000
1.854571,960.000000
1.868863,960.000000
2.081574,960.000000
1.665232,960.000000
1.964699,960.000000
1.836498,960.000000
1.936949,960.000000
1.843251,960.000000
1.526193,960.000000
1.756534,960.000000
1.596003,960.000000
1.947138,960.000000
1.901211,960.000000
1.980250,960.000000
1.933059,960.000000
1.850825,960.000000
2.083309,960.000000
1.675921,960.000000
2.044910,960.000000
1.872363,960.000000
1.896229,960.000000
2.329333,960.000000
2.037491,960.000000
2.443868,960.000000
2.076689,960.000000
1.981020,960.000000
2.220865,960.000000
2.720550,960.000000
2.331286,960.000000
1.972658,960.000000
2.387253,960.000000
2.045175,960.000000
2.904429,960.000000
2.683576,960.000000
2.778326,960.000000
2.570609,960.000000
2.854032,960.000000
2.610922,960.000000
2.692184,960.000000
2.919968,960.000000
2.370409,960.000000
2.943052,960.000000
2.584326,960.000000
2.772568,960.000000
3.196736,960.000000
2.514333,960.000000
3.001501,960.000000
2.957137,960.000000
3.403458,960.000000
2.981756,960.000000
3.057852,960.000000
2.876886,960.000000
2.785480,960.000000
3.505437,960.000000
3.475808,960.000000
3.345866,960.000000
3.521281,960.000000
3.333413,960.000000
3.388098,960.000000
3.163066,960.000000
3.529929,960.000000
3.464625,960.000000
3.595492,960.000000
4.046405,960.000000
3.648556,960.000000
4.255541,960.000000
3.370381,960.000000
3.381598,960.000000
3.336349,960.000000
3.742002,960.000000
3.747197,960.000000
3.089947,960.000000
3.319431,960.000000
3.117599,960.000000
4.206885,960.000000
4.198420,960.000000
3.556122,960.000000
3.469694,960.000000
4.149476,960.000000
3.760414,960.000000
3.911366,960.000000
3.718539,960.000000
3.190828,960.000000
3.548405,960.000000
4.012454,960.000000
3.393660,960.000000
3.807053,960.000000
3.200172,960.000000
3.270183,960.000000
3.410837,960.000000
3.924979,960.000000
3.106704,960.000000
3.195724,960.000000
3.220642,960.000000
2.904113,960.000000
3.770936,960.000000
3.664354,960.000000
3.429904,960.000000
3.668647,960.000000
3.559306,960.000000
3.382253,960.000000
3.208200,960.000000
3.400757,960.000000
3.235600,960.000000
3.120450,960.000000
3.143643,960.000000
3.074690,960.000000
3.127449,960.000000
2.784389,960.000000
2.814219,960.000000
2.710711,960.000000
2.983600,960.000000
2.359767,960.000000
2.302536,960.000000
2.502880,960.000000
2.646407,960.000000
2.851698,960.000000
2.501880,960.000000
2.350020,960.000000
2.544847,960.000000
2.460648,960.000000
2.376518,960.000000
2.244231,960.000000
2.609634,960.000000
2.197304,960.000000
2.367272,960.000000
2.585045,960.000000
2.337975,960.000000
2.422537,960.000000
2.229606,960.000000
1.708981,960.000000
2.108439,960.000000
2.161727,960.000000
1.717699,960.000000
1.747581,960.000000
1.724049,960.000000
1.415658,960.000000
1.892602,960.000000
1.820092,960.000000
1.593894,960.000000
1.820540,960.000000
1.675806,960.000000
1.611841,960.000000
1.739105,960.000000
1.715251,960.000000
1.581470,960.000000
1.544255,960.000000
1.710562,960.000000
1.603548,960.000000
1.624684,960.000000
1.491909,960.000000
1.256517,960.000000
1.444776,960.000000
1.432202,960.000000
1.323290,960.000000
1.230931,960.000000
1.217592,960.000000
1.315048,960.000000
1.346581,960.000000
1.304808,960.000000
1.294360,960.000000
1.322069,960.000000
1.248077,960.000000
1.322668,960.000000
1.322852,960.000000
1.474447,960.000000
1.388804,960.000000
1.496276,960.000000
1.563339,960.000000
1.477442,960.000000
1.506919,960.000000
1.359580,960.000000
1.251009,960.000000
1.387836,960.000000
1.538965,960.000000
1.327633,960.000000
1.274427,960.000000
1.221820,960.000000
1.281085,960.000000
1.693497,960.000000
1.447055,960.000000
1.624787,960.000000
1.389080,960.000000
1.449065,960.000000
1.670742,960.000000
1.562832,960.000000
1.787060,960.000000
1.535250,960.000000
1.897855,960.000000
1.704907,960.000000
1.867865,960.000000
1.910526,960.000000
1.598316,960.000000
1.939524,960.000000
1.715429,960.000000
2.089927,960.000000
2.178997,960.000000
1.776434,960.000000
1.827169,960.000000
1.867289,960.000000
2.235682,960.000000
2.045130,960.000000
2.032943,960.000000
2.119116,960.000000
2.020860,960.000000
2.255443,960.000000
2.017231,960.000000
2.251290,960.000000
2.030294,960.000000
1.977479,960.000000
2.175329,960.000000
2.107448,960.000000
2.510104,960.000000
2.228805,960.000000
1.909823,960.000000
2.023273,960.000000
2.538953,960.000000
2.350307,960.000000
2.047866,960.000000
2.143260,960.000000
2.195763,960.000000
2.541723,960.000000
2.415648,960.000000
2.140922,960.000000
2.320513,960.000000
2.359874,960.000000
2.372349,960.000000
2.321124,960.000000
2.196276,960.000000
2.022501,960.000000
2.219798,960.000000
2.279224,960.000000
2.029182,960.000000
2.318889,960.000000
1.830423,960.000000
1.882339,960.000000
2.014305,960.000000
2.154382,960.000000
1.955651,960.000000
1.853357,960.000000
1.839097,960.000000
1.807414,960.000000
2.082883,960.000000
1.977376,960.000000
1.929739,960.000000
1.923093,960.000000
1.990542,960.000000
1.919654,960.000000
1.667810,960.000000
2.140870,960.000000
1.908354,960.000000
1.919096,960.000000
1.930678,960.000000
1.967366,960.000000
2.050475,960.000000
1.696515,960.000000
1.660449,960.000000
1.670886,960.000000
1.731291,960.000000
1.551307,960.000000
1.398837,960.000000
1.433146,960.000000
1.468187,960.000000
1.644380,960.000000
1.746473,960.000000
1.603557,960.000000
1.793660,960.000000
1.651367,960.000000
1.638713,960.000000
1.432138,960.000000
1.833274,960.000000
1.564168,960.000000
1.656550,960.000000
1.933350,960.000000
1.692299,960.000000
1.856156,960.000000
1.565689,960.000000
1.526018,960.000000
1.882552,960.000000
1.920299,960.000000
1.536961,960.000000
1.611575,960.000000
1.749232,960.000000
1.690594,960.000000
2.112009,960.000000
1.726919,960.000000
1.973701,960.000000
2.154094,960.000000
1.853513,960.000000
2.076675,960.000000
1.977704,960.000000
2.170612,960.000000
1.651154,960.000000
1.905665,960.000000
1.766539,960.000000
1.864467,960.000000
2.224140,960.000000
1.648907,960.000000
2.234150,960.000000
1.815051,960.000000
2.140553,960.000000
2.012676,960.000000
1.746559,960.000000
2.041433,960.000000
1.721287,960.000000
2.193500,960.000000
2.032667,960.000000
2.037194,960.000000
2.491518,960.000000
2.231155,960.000000
1.976207,960.000000
2.033122,960.000000
2.154094,960.000000
2.035564,960.000000
2.257608,960.000000
2.289988,960.000000
2.195308,960.000000
2.602226,960.000000
2.409877,960.000000
2.083880,960.000000
2.094777,960.000000
2.284419,960.000000
2.291180,960.000000
1.785804,960.000000
1.997885,960.000000
2.014150,960.000000
2.422191,960.000000
2.156921,960.000000
2.004100,960.000000
2.343926,960.000000
2.428325,960.000000
2.035218,960.000000
2.246447,960.000000
1.819762,960.000000
1.945958,960.000000
2.137932,960.000000
2.041951,960.000000
1.948279,960.000000
2.045625,960.000000
1.871016,960.000000
1.785096,960.000000
1.958790,960.000000
1.937440,960.000000
1.930027,960.000000
1.797202,960.000000
1.908049,960.000000
1.639992,960.000000
2.113265,960.000000
1.971069,960.000000
1.974145,960.000000
1.849412,960.000000
1.766907,960.000000
1.799471,960.000000
1.710885,960.000000
1.787486,960.000000
2.003345,960.000000
1.859698,960.000000
2.137305,960.000000
1.775829,960.000000
1.996566,960.000000
1.922263,960.000000
1.692426,960.000000
1.851503,960.000000
1.925109,960.000000
1.715383,960.000000
1.739181,960.000000
1.439245,960.000000
1.671387,960.000000
1.738231,960.000000
2.053810,960.000000
1.740702,960.000000
2.134408,960.000000
2.110160,960.000000
1.996336,960.000000
1.892349,960.000000
1.802795,960.000000
1.760722,960.000000
2.296877,960.000000
1.876470,960.000000
2.089248,960.000000
2.323831,960.000000
1.741669,960.000000
2.115874,960.000000
2.098837,960.000000
2.351926,960.000000
2.168550,960.000000
1.783506,960.000000
2.139148,960.000000
2.194416,960.000000
2.331526,960.000000
2.028370,960.000000
2.014208,960.000000
2.356504,960.000000
2.112078,960.000000
2.304721,960.000000
2.168360,960.000000
2.253922,960.000000
2.161708,960.000000
2.104147,960.000000
2.189451,960.000000
2.313688,960.000000
2.250484,960.000000
2.152809,960.000000
2.057087,960.000000
2.223921,960.000000
2.404204,960.000000
2.091517,960.000000
1.964572,960.000000
1.819163,960.000000
2.138048,960.000000
2.296986,960.000000
2.666525,960.000000
2.109665,960.000000
2.047353,960.000000
2.405713,960.000000
2.199922,960.000000
2.090106,960.000000
2.009491,960.000000
1.929618,960.000000
1.877904,960.000000
1.920605,960.000000
1.982484,960.000000
1.849999,960.000000
1.716760,960.000000
1.608781,960.000000
1.892326,960.000000
2.170203,960.000000
1.565211,960.000000
1.640798,960.000000
1.590005,960.000000
1.613936,960.000000
1.910192,960.000000
1.681512,960.000000
1.916101,960.000000
1.919902,960.000000
1.783835,960.000000
1.802754,960.000000
1.908723,960.000000
2.104890,960.000000
1.753044,960.000000
2.102166,960.000000
1.916066,960.000000
1.908481,960.000000
1.929463,960.000000
1.568770,960.000000
1.828413,960.000000
1.852741,960.000000
1.989937,960.000000
1.743184,960.000000
1.538585,960.000000
1.794697,960.000000
1.587039,960.000000
1.887332,960.000000
1.981004,960.000000
1.811935,960.000000
2.007504,960.000000
1.855759,960.000000
2.090307,960.000000
1.808543,960.000000
2.105870,960.000000
1.753200,960.000000
1.983602,960.000000
2.289072,960.000000
2.075701,960.000000
2.382664,960.000000
2.080096,960.000000
2.098601,960.000000
2.265102,960.000000
2.568620,960.000000
2.312738,960.000000
2.231380,960.000000
2.383171,960.000000
2.159237,960.000000
3.173692,960.000000
2.634065,960.000000
2.865636,960.000000
2.653376,960.000000
2.702660,960.000000
2.713787,960.000000
2.789449,960.000000
2.773392,960.000000
2.387565,960.000000
2.956353,960.000000
2.675228,960.000000
2.909316,960.000000
3.367199,960.000000
2.489410,960.000000
2.901552,960.000000
3.013458,960.000000
3.472263,960.000000
2.862888,960.000000
2.891957,960.000000
2.824697,960.000000
2.620346,960.000000
3.508611,960.000000
3.564605,960.000000
3.131458,960.000000
3.730783,960.000000
3.291710,960.000000
3.193344,960.000000
3.083620,960.000000
3.480718,960.000000
3.337238,960.000000
3.586646,960.000000
3.945312,960.000000
3.753418,960.000000
4.215748,960.000000
3.490135,960.000000
3.458205,960.000000
3.463451,960.000000
3.847729,960.000000
3.700776,960.000000
3.179855,960.000000
3.566402,960.000000
3.083027,960.000000
4.268280,960.000000
4.121321,960.000000
3.704952,960.000000
3.571735,960.000000
3.919406,960.000000
3.722875,960.000000
3.792173,960.000000
3.680434,960.000000
3.263684,960.000000
3.525435,960.000000
3.641252,960.000000
3.446231,960.000000
3.776945,960.000000
3.433514,960.000000
3.209154,960.000000
3.386280,960.000000
3.950962,960.000000
3.240497,960.000000
3.280335,960.000000
3.374934,960.000000
3.077970,960.000000
3.743897,960.000000
3.679259,960.000000
3.433168,960.000000
3.420889,960.000000
3.306252,960.000000
3.311799,960.000000
3.215178,960.000000
3.562042,960.000000
3.099390,960.000000
3.174418,960.000000
3.333500,960.000000
3.141295,960.000000
3.191892,960.000000
2.823459,960.000000
2.631513,960.000000
2.551077,960.000000
2.840213,960.000000
2.475731,960.000000
2.345210,960.000000
2.521588,960.000000
2.221923,960.000000
2.950058,960.000000
2.583664,960.000000
2.475743,960.000000
2.353878,960.000000
2.354673,960.000000
2.343845,960.000000
2.308586,960.000000
2.692218,960.000000
2.296825,960.000000
2.404089,960.000000
2.522049,960.000000
2.232676,960.000000
2.372573,960.000000
2.108841,960.000000
2.072632,960.000000
2.038369,960.000000
2.071451,960.000000
1.710148,960.000000
1.678563,960.000000
1.781450,960.000000
1.647001,960.000000
1.903522,960.000000
1.878693,960.000000
1.604583,960.000000
1.910174,960.000000
1.618480,960.000000
1.583630,960.000000
1.714882,960.000000
1.582668,960.000000
1.452688,960.000000
1.641380,960.000000
1.752785,960.000000
1.581424,960.000000
1.468555,960.000000
1.456005,960.000000
1.271852,960.000000
1.395255,960.000000
1.387808,960.000000
1.292443,960.000000
1.224405,960.000000
1.161936,960.000000
1.298705,960.000000
1.461521,960.000000
1.343833,960.000000
1.239748,960.000000
1.488186,960.000000
1.354508,960.000000
1.305591,960.000000
1.302154,960.000000
1.626359,960.000000
1.180572,960.000000
1.361007,960.000000
1.530264,960.000000
1.508775,960.000000
1.489001,960.000000
1.294055,960.000000
1.384466,960.000000
1.372456,960.000000
1.609797,960.000000
1.251972,960.000000
1.457298,960.000000
1.254282,960.000000
1.201668,960.000000
1.698862,960.000000
1.465415,960.000000
1.627682,960.000000
1.364842,960.000000
1.381023,960.000000
1.577893,960.000000
1.508746,960.000000
1.695980,960.000000
1.474773,960.000000
1.876340,960.000000
1.645775,960.000000
1.937036,960.000000
2.046926,960.000000
1.610167,960.000000
1.922305,960.000000
1.706921,960.000000
2.169623,960.000000
2.148006,960.000000
1.722119,960.000000
1.762285,960.000000
1.845469,960.000000
2.100903,960.000000
2.128839,960.000000
1.993347,960.000000
1.985808,960.000000
2.086895,960.000000
2.301135,960.000000
1.815846,960.000000
2.211446,960.000000
2.144355,960.000000
1.893358,960.000000
2.304907,960.000000
2.122872,960.000000
2.534409,960.000000
2.265695,960.000000
1.907522,960.000000
2.267382,960.000000
2.526276,960.000000
2.220931,960.000000
2.071251,960.000000
2.195676,960.000000
2.072690,960.000000
2.460872,960.000000
2.600142,960.000000
2.291626,960.000000
2.241410,960.000000
2.449717,960.000000
2.323999,960.000000
2.277531,960.000000
2.212191,960.000000
1.894288,960.000000
2.283776,960.000000
2.315565,960.000000
2.040496,960.000000
2.301614,960.000000
1.707782,960.000000
2.061263,960.000000
2.147411,960.000000
2.274319,960.000000
1.715967,960.000000
1.901890,960.000000
1.825193,960.000000
1.904640,960.000000
2.246713,960.000000
1.837243,960.000000
1.667177,960.000000
2.162465,960.000000
1.930652,960.000000
1.950114,960.000000
1.700035,960.000000
1.707221,960.000000
1.811745,960.000000
1.980673,960.000000
2.028897,960.000000
1.800625,960.000000
2.059351,960.000000
1.722004,960.000000
1.683577,960.000000
1.701150,960.000000
1.654717,960.000000
1.568084,960.000000
1.326248,960.000000
1.485806,960.000000
1.674999,960.000000
1.664786,960.000000
1.699856,960.000000
1.651413,960.000000
1.700405,960.000000
1.758697,960.000000
1.546369,960.000000
1.653175,960.000000
1.743921,960.000000
1.675317,960.000000
1.856711,960.000000
1.839092,960.000000
1.575253,960.000000
1.907060,960.000000
1.669829,960.000000
1.640489,960.000000
1.729837,960.000000
1.944135,960.000000
1.666201,960.000000
1.753117,960.000000
1.686448,960.000000
1.641910,960.000000
2.099083,960.000000
1.670614,960.000000
1.829127,960.000000
2.010325,960.000000
1.768206,960.000000
1.838491,960.000000
2.064608,960.000000
2.049641,960.000000
1.604997,960.000000
2.077068,960.000000
1.676732,960.000000
1.870725,960.000000
2.221122,960.000000
1.781798,960.000000
2.037331,960.000000
1.878980,960.000000
2.235286,960.000000
2.330896,960.000000
1.888165,960.000000
1.781331,960.000000
1.879841,960.000000
2.131693,960.000000
2.151097,960.000000
2.176202,960.000000
2.511776,960.000000
1.983422,960.000000
2.280021,960.000000
1.897818,960.000000
2.398374,960.000000
2.208748,960.000000
2.003652,960.000000
2.112526,960.000000
2.167924,960.000000
2.560133,960.000000
2.267151,960.000000
2.055446,960.000000
2.020035,960.000000
2.156348,960.000000
2.088553,960.000000
1.777743,960.000000
2.058976,960.000000
2.099759,960.000000
2.764651,960.000000
2.254580,960.000000
2.043321,960.000000
2.116668,960.000000
2.244546,960.000000
2.254205,960.000000
2.197195,960.000000
2.133565,960.000000
1.906685,960.000000
2.051587,960.000000
2.120740,960.000000
1.976184,960.000000
1.971470,960.000000
1.776443,960.000000
1.804611,960.000000
1.931409,960.000000
2.019677,960.000000
1.982966,960.000000
1.752580,960.000000
1.962505,960.000000
1.619121,960.000000
2.056942,960.000000
1.976768,960.000000
1.911214,960.000000
1.787962,960.000000
1.945880,960.000000
1.880401,960.000000
1.699602,960.000000
1.753562,960.000000
1.738190,960.000000
1.924610,960.000000
1.909157,960.000000
1.983561,960.000000
1.847462,960.000000
1.739594,960.000000
1.708001,960.000000
1.747375,960.000000
2.022057,960.000000
1.805327,960.000000
1.605800,960.000000
1.627694,960.000000
1.645705,960.000000
1.757848,960.000000
1.921577,960.000000
1.860512,960.000000
1.942980,960.000000
1.964735,960.000000
1.885305,960.000000
1.915367,960.000000
2.167653,960.000000
1.949201,960.000000
2.306039,960.000000
1.757987,960.000000
2.166590,960.000000
2.088570,960.000000
1.724869,960.000000
2.144916,960.000000
2.003837,960.000000
2.185358,960.000000
2.104352,960.000000
1.816366,960.000000
2.053673,960.000000
2.311204,960.000000
2.374973,960.000000
2.088235,960.000000
2.081118,960.000000
2.382944,960.000000
1.964845,960.000000
2.356245,960.000000
2.117361,960.000000
2.350970,960.000000
2.237083,960.000000
2.171465,960.000000
2.382523,960.000000
2.186964,960.000000
2.243166,960.000000
2.248163,960.000000
1.919977,960.000000
2.149554,960.000000
2.679664,960.000000
2.071315,960.000000
1.820283,960.000000
2.003670,960.000000
1.956104,960.000000
2.354032,960.000000
2.526819,960.000000
2.002717,960.000000
2.211579,960.000000
2.284637,960.000000
2.306473,960.000000
2.156671,960.000000
2.112890,960.000000
1.877489,960.000000
2.043812,960.000000
1.854065,960.000000
1.929792,960.000000
1.877530,960.000000
1.607250,960.000000
1.713466,960.000000
1.809163,960.000000
1.891359,960.000000
1.656981,960.000000
1.653527,960.000000
1.612749,960.000000
1.533897,960.000000
1.911537,960.000000
1.751777,960.000000
1.815829,960.000000
1.931929,960.000000
1.832633,960.000000
1.815627,960.000000
1.772411,960.000000
1.983977,960.000000
1.767004,960.000000
2.025927,960.000000
1.838479,960.000000
1.909550,960.000000
2.237695,960.000000
1.517359,960.000000
1.834355,960.000000
1.784207,960.000000
2.057670,960.000000
1.875780,960.000000
1.509606,960.000000
1.608064,960.000000
1.577910,960.000000
1.932899,960.000000
1.984231,960.000000
1.910469,960.000000
1.915194,960.000000
1.798597,960.000000
2.048335,960.000000
1.883965,960.000000
2.076468,960.000000
1.891174,960.000000
2.090054,960.000000
2.409806,960.000000
2.103653,960.000000
2.479693,960.000000
2.231722,960.000000
2.169478,960.000000
2.216836,960.000000
2.502528,960.000000
2.219204,960.000000
2.155447,960.000000
2.232485,960.000000
2.064013,960.000000
3.043683,960.000000
2.672155,960.000000
2.608940,960.000000
2.737622,960.000000
2.735854,960.000000
2.571028,960.000000
2.699236,960.000000
2.914626,960.000000
2.328632,960.000000
2.841239,960.000000
2.758695,960.000000
3.125308,960.000000
3.210618,960.000000
2.553189,960.000000
2.717981,960.000000
3.079100,960.000000
3.310416,960.000000
2.952636,960.000000
3.028900,960.000000
2.872173,960.000000
2.820598,960.000000
3.574417,960.000000
3.142459,960.000000
3.361349,960.000000
3.481666,960.000000
3.357848,960.000000
3.285299,960.000000
3.102917,960.000000
3.474919,960.000000
3.371354,960.000000
3.652183,960.000000
4.045506,960.000000
3.726869,960.000000
4.134629,960.000000
3.633015,960.000000
3.396500,960.000000
3.278887,960.000000
3.827049,960.000000
3.666457,960.000000
3.135474,960.000000
3.484993,960.000000
3.049500,960.000000
4.417872,960.000000
4.253357,960.000000
3.626990,960.000000
3.676318,960.000000
3.971120,960.000000
3.594733,960.000000
3.933681,960.000000
3.744465,960.000000
3.263659,960.000000
3.373272,960.000000
3.614160,960.000000
3.491394,960.000000
3.950214,960.000000
3.313662,960.000000
3.131858,960.000000
3.373636,960.000000
4.056297,960.000000
3.179961,960.000000
3.215695,960.000000
3.294131,960.000000
3.194483,960.000000
3.825755,960.000000
3.825703,960.000000
3.489557,960.000000
3.519272,960.000000
3.466716,960.000000
3.354937,960.000000
3.337283,960.000000
3.527735,960.000000
3.052175,960.000000
3.264329,960.000000
3.223251,960.000000
2.880832,960.000000
3.037819,960.000000
2.872103,960.000000
2.820957,960.000000
2.867193,960.000000
2.725254,960.000000
2.398027,960.000000
2.315686,960.000000
2.615254,960.000000
2.291390,960.000000
2.666771,960.000000
2.778746,960.000000
2.246129,960.000000
2.498143,960.000000
2.473263,960.000000
2.270305,960.000000
2.288842,960.000000
2.583789,960.000000
2.237857,960.000000
2.306640,960.000000
2.689196,960.000000
2.117788,960.000000
2.645432,960.000000
2.150883,960.000000
2.039803,960.000000
2.026465,960.000000
2.326350,960.000000
1.785669,960.000000
1.641685,960.000000
1.790781,960.000000
1.568390,960.000000
1.806101,960.000000
1.913883,960.000000
1.730334,960.000000
1.697077,960.000000
1.701173,960.000000
1.612824,960.000000
1.731108,960.000000
1.597250,960.000000
1.527895,960.000000
1.589527,960.000000
1.647531,960.000000
1.687869,960.000000
1.378481,960.000000
1.364513,960.000000
1.202298,960.000000
1.463456,960.000000
1.386326,960.000000
83.060013,960.000000
28.914956,960.000000
33.867409,960.000000
42.265573,960.000000
29.577178,960.000000
74.653355,960.000000
27.943022,960.000000
32.661558,960.000000
33.867409,960.000000
79.646646,960.000000
16.336333,960.000000
21.901023,960.000000
64.501464,960.000000
32.619413,960.000000
111.875326,960.000000
89.831535,960.000000
50.180873,960.000000
54.421772,960.000000
18.554629,960.000000
17.904495,960.000000
15.416017,960.000000
