2,20,0,2,4474040,0.727496
3,0,2,0,3,0.625928
3,9,20,2,3,0.291993
3,5,3,0,0,0.284704
3,14,20,2,3,0.248913
3,8,2,0,0,0.207992
3,3,12,2,0,0.158541
3,2,0,2,0,0.165101
3,20,18,2,3,0.133942
2,14,1,2,3,0.119833
2,15,1,2,3,0.113372
2,1,1,2,3,0.108499
3,6,20,2,2,0.097922
3,11,19,2,3,0.101476
2,17,1,2,3,0.088492
3,9,10,2,0,0.085325
2,8,1,2,0,0.078978
0,3,1,2,0,0.074812
3,5,12,1,3,0.077463
2,20,2,1,3,0.069288
3,12,5,1,1,0.064869
3,2,5,1,3,0.060997
3,7,19,1,3,0.056404
3,9,20,1,0,0.053171
3,12,0,1,1,0.055331
2,10,2,1,1,0.047664
2,11,2,1,1,0.047081
3,9,20,1,0,0.051255
0,3,2,1,0,0.058476
3,15,19,1,0,0.043239
2,17,1,1,0,0.050001
2,3,1,1,0,0.045899
3,0,2,1,0,0.044477
3,2,0,1,2,0.053505
3,1,11,1,3,0.043856
3,0,2,1,0,0.040363
3,12,5,1,1,0.042310
3,0,2,1,0,0.047260
3,0,0,1,3,0.031994
3,9,10,1,0,0.031171
3,9,20,1,0,0.035799
3,18,14,1,0,0.035113
3,15,19,1,2,0.032283
2,20,1,1,2,0.040904
2,8,1,1,2,0.041491
2,7,1,1,2,0.035919
3,2,3,1,2,0.029986
2,10,1,1,2,0.027590
2,15,1,1,2,0.029298
2,6,1,1,2,0.027991
2,17,1,1,2,0.031378
3,12,5,1,1,0.029405
3,2,20,1,2,0.032953
3,14,10,1,1,0.025787
2,1,1,1,1,0.029661
3,20,2,1,2,0.034539
2,8,1,1,2,0.025894
3,20,12,1,3,0.024877
2,15,1,1,3,0.032825
3,9,19,1,0,0.032622
2,7,1,1,0,0.021128
3,4,6,1,1,0.020581
2,3,1,1,1,0.021017
3,9,20,3,0,0.031447
3,2,11,1,0,0.028934
2,9,1,1,0,0.027511
3,9,20,1,0,0.025151
2,15,1,1,0,0.018682
2,9,3,3,0,0.027768
2,1,1,1,0,0.020501
2,20,3,3,0,0.026173
2,12,1,1,0,0.022269
2,13,3,3,0,0.025360
2,2,1,1,0,0.022681
3,8,2,1,2,0.026930
3,0,2,1,0,0.034096
3,2,3,1,1,0.029385
3,5,2,3,3,0.022157
3,2,0,1,2,0.028718
3,8,2,3,1,0.023872
3,2,3,1,1,0.030079
2,11,3,3,1,0.018849
2,8,1,1,1,0.021464
3,1,3,3,0,0.020733
3,2,2,1,0,0.019750
2,16,3,3,0,0.022629
2,10,1,1,0,0.019204
0,3,1,1,0,0.018246
3,9,10,3,0,0.016333
2,6,3,1,0,0.018051
3,0,0,3,3,0.018637
2,17,3,3,3,0.016242
2,14,3,3,3,0.021469
2,14,3,1,3,0.024809
2,14,3,3,3,0.019498
3,18,14,3,1,0.015308
3,2,11,1,1,0.018429
2,8,3,3,1,0.020952
2,19,3,1,1,0.016717
3,11,19,3,3,0.042493
2,11,3,1,3,0.025547
2,14,3,3,3,0.020645
2,15,3,1,3,0.020742
3,14,10,3,1,0.019171
2,19,3,3,1,0.016744
0,1,3,3,1,0.015530
3,3,19,1,0,0.015318
2,20,2,2,0,0.021717
3,3,19,1,0,0.017027
3,20,12,2,0,0.018897
3,20,12,1,1,0.018133
2,20,3,1,1,0.016281
3,5,2,2,3,0.018327
2,12,3,1,3,0.015715
3,1,13,2,3,0.017066
2,1,3,1,3,0.014158
2,14,3,1,3,0.016460
2,14,2,2,3,0.017029
3,3,13,1,0,0.018665
3,20,13,1,3,0.015255
3,8,1,1,1,0.015258
3,20,13,1,1,0.014107
2,10,3,1,1,0.014726
2,17,2,2,1,0.015028
2,17,3,1,1,0.019216
3,0,0,1,3,0.012332
3,20,13,2,1,0.017185
2,1,3,1,1,0.017681
2,4,2,2,1,0.016974
2,12,3,1,1,0.014540
2,14,2,2,1,0.016276
2,1,3,1,1,0.015118
2,17,2,2,1,0.015759
2,14,3,1,1,0.012296
2,11,2,2,1,0.014376
3,18,14,1,3,0.011313
2,1,3,1,3,0.011136
3,13,1,1,0,0.013236
2,9,2,2,0,0.013579
2,3,3,1,0,0.014596
3,3,19,2,0,0.015223
2,19,3,1,0,0.012423
3,12,20,1,3,0.011329
2,20,3,1,3,0.013615
3,4,6,2,3,0.013841
2,15,3,1,3,0.011595
2,18,2,2,3,0.014935
2,12,3,1,3,0.014591
2,0,2,2,3,0.014498
2,3,3,1,3,0.012329
3,14,10,2,1,0.013971
2,10,3,1,1,0.011355
3,0,0,1,3,0.011220
3,2,2,1,0,0.011037
3,0,0,1,3,0.013228
2,3,2,2,3,0.013721
2,9,3,1,3,0.010486
2,16,3,1,3,0.011639
3,2,11,1,1,0.013646
3,18,14,1,1,0.010968
2,18,3,1,1,0.011004
2,12,3,1,1,0.014119
2,14,2,2,1,0.013713
2,15,3,1,1,0.012673
2,9,2,2,1,0.013160
2,8,3,1,1,0.012552
3,3,13,2,1,0.012942
0,1,3,1,1,0.010362
3,17,6,2,0,0.009484
3,6,20,2,3,0.013541
3,6,20,2,3,0.017417
2,20,2,2,3,0.014159
3,8,13,2,0,0.011498
3,14,10,2,1,0.012117
2,3,2,2,1,0.011920
2,18,2,2,1,0.012544
2,12,2,2,1,0.012433
2,9,2,2,1,0.012444
2,14,2,2,1,0.010237
3,14,10,2,1,0.011318
3,6,6,2,0,0.009332
3,6,6,2,2,0.012150
3,6,6,2,0,0.009828
3,20,12,2,2,0.008697
3,12,5,2,1,0.010511
2,6,2,2,1,0.011117
2,1,2,2,1,0.011307
2,4,2,2,1,0.012429
2,19,2,1,1,0.011707
3,14,10,2,1,0.011449
2,14,2,2,1,0.011036
2,14,2,2,1,0.009419
2,13,2,2,1,0.011503
2,18,2,2,1,0.011367
2,12,2,2,1,0.011252
2,9,2,2,1,0.011428
3,2,11,2,1,0.011176
3,0,0,2,3,0.010429
2,3,2,2,3,0.009637
2,11,2,2,3,0.010607
2,7,2,2,3,0.009054
3,2,11,2,3,0.011076
2,16,2,2,3,0.010381
3,2,11,2,2,0.011286
2,4,2,2,2,0.010770
3,5,2,2,3,0.010872
3,5,2,2,2,0.013030
3,5,2,1,3,0.014219
2,2,2,2,3,0.014730
2,16,2,2,3,0.009456
3,12,5,2,1,0.008770
3,20,12,2,3,0.009152
3,20,12,2,1,0.011096
3,20,12,2,3,0.008732
3,2,11,2,1,0.008723
2,10,2,2,1,0.008094
3,14,10,2,1,0.009080
3,1,13,2,3,0.007902
2,1,2,2,3,0.008997
3,8,1,2,2,0.007943
2,0,2,2,2,0.008674
2,4,2,2,2,0.007834
2,15,2,2,2,0.007561
2,15,2,2,2,0.009557
3,14,10,2,1,0.008986
2,10,2,2,1,0.010112
3,14,10,2,1,0.007899
2,14,2,2,1,0.009969
0,3,2,2,1,0.008281
2,15,1,2,1,0.009082
2,18,1,2,1,0.010087
2,12,3,1,1,0.010329
2,9,1,2,1,0.010504
2,12,3,1,1,0.010097
3,18,14,2,3,0.010223
2,1,3,1,3,0.009416
2,14,1,2,3,0.009837
2,12,3,1,3,0.009546
3,6,4,2,2,0.009858
2,17,1,2,2,0.008875
3,8,1,2,2,0.008078
2,12,1,2,2,0.008405
2,20,1,2,2,0.009264
2,20,1,2,2,0.010241
3,20,12,2,3,0.009348
3,8,1,2,2,0.008334
2,17,1,2,2,0.008449
3,20,12,2,3,0.007612
3,20,12,2,3,0.007584
3,1,13,2,3,0.007307
2,12,1,2,3,0.008001
3,8,13,2,3,0.009003
2,8,1,2,3,0.008716
2,16,1,2,3,0.009090
3,3,13,2,1,0.008880
2,15,1,2,1,0.007174
3,8,13,2,0,0.007082
3,2,11,2,1,0.006897
3,6,4,2,2,0.007820
3,4,6,2,2,0.010532
2,15,1,2,2,0.006735
3,3,13,2,0,0.006382
2,14,1,2,0,0.006209
2,14,1,2,0,0.008914
2,19,1,2,0,0.007220
3,3,19,2,0,0.012126
2,3,1,2,0,0.007274
3,6,4,2,2,0.006849
3,6,4,2,2,0.008307
2,19,1,2,2,0.007017
3,5,5,2,3,0.006284
2,9,1,2,3,0.006507
2,3,1,2,3,0.008875
2,18,1,2,3,0.009067
2,12,1,2,3,0.009000
3,14,10,2,1,0.009069
2,1,1,2,1,0.008109
2,2,1,2,1,0.008934
2,8,1,2,1,0.008037
2,4,1,2,1,0.008720
2,12,1,2,1,0.008558
2,9,1,2,1,0.008895
2,11,1,2,1,0.008596
3,6,4,2,2,0.008594
3,17,6,2,0,0.008286
2,6,1,2,0,0.007755
2,12,1,2,0,0.009064
2,0,1,2,0,0.008460
3,0,5,2,1,0.007261
2,9,1,2,1,0.007292
2,9,1,2,1,0.006867
3,0,5,2,1,0.006547
2,15,1,2,1,0.008471
3,18,14,2,2,0.008193
2,13,1,2,2,0.007834
2,14,1,2,2,0.008219
2,0,1,2,2,0.008074
2,18,1,2,2,0.008169
2,18,1,2,2,0.008351
3,18,14,2,3,0.007961
2,14,1,2,3,0.009123
3,18,14,2,3,0.007738
2,20,1,2,3,0.007996
2,9,1,2,3,0.008171
2,12,1,2,3,0.007957
2,14,1,2,3,0.007900
2,13,1,2,3,0.007590
2,20,1,2,3,0.007742
2,20,1,2,3,0.008635
3,1,3,2,0,0.006494
3,13,1,2,0,0.007738
2,3,1,2,0,0.006926
2,14,1,2,0,0.006162
2,14,2,2,0,0.007197
2,11,2,2,0,0.005979
3,2,11,2,1,0.005963
3,14,10,2,1,0.005686
2,10,1,2,1,0.008282
3,14,10,2,1,0.006132
3,3,13,2,0,0.007349
3,14,10,2,1,0.007869
2,1,2,2,1,0.007797
2,17,1,2,1,0.007753
2,12,2,2,1,0.007491
3,20,12,2,2,0.007796
2,20,2,2,2,0.007535
2,4,1,2,2,0.007795
2,19,2,2,2,0.007374
2,18,1,2,2,0.007330
3,2,11,2,1,0.007437
2,20,1,2,1,0.006836
2,20,2,2,1,0.007473
2,9,1,2,1,0.007844
3,6,4,2,2,0.007351
2,6,2,2,2,0.006785
2,13,2,2,2,0.008349
3,8,1,2,2,0.007473
2,3,2,2,2,0.006613
3,3,13,2,1,0.007511
3,18,14,2,1,0.006194
3,18,14,2,3,0.007127
3,18,14,2,1,0.006196
3,20,12,2,1,0.005368
3,20,12,2,1,0.007784
3,20,12,2,1,0.007119
3,20,12,2,1,0.006512
3,20,12,2,2,0.006760
2,20,2,2,2,0.006548
3,18,14,2,3,0.006299
2,12,2,2,3,0.007700
2,20,1,2,3,0.007532
2,20,2,2,3,0.006753
2,4,1,2,3,0.007379
2,13,2,2,3,0.007105
2,10,1,2,3,0.007275
2,8,2,2,3,0.007233
2,16,1,2,3,0.007250
2,10,2,2,3,0.006899
3,18,14,2,3,0.006058
3,1,13,2,3,0.005638
3,8,1,2,2,0.006755
2,18,2,2,2,0.006124
2,8,1,2,2,0.005832
2,14,1,2,2,0.005080
3,18,14,2,3,0.006822
2,12,2,2,3,0.007465
2,10,1,2,3,0.007776
2,0,2,2,3,0.007035
2,14,1,2,3,0.007376
2,8,2,2,3,0.006221
3,20,12,2,2,0.006903
2,20,2,2,2,0.007052
2,18,1,2,2,0.007179
2,11,2,2,2,0.006929
2,6,1,2,2,0.006884
2,15,2,2,2,0.006248
2,2,1,2,2,0.006427
2,15,2,2,2,0.006481
3,20,12,2,3,0.006798
2,12,2,2,3,0.006749
2,9,1,2,3,0.006917
2,20,2,2,3,0.006722
2,10,1,2,3,0.006782
2,1,2,2,3,0.006634
3,8,1,2,2,0.006746
2,3,2,2,2,0.005932
3,8,13,2,3,0.006175
2,13,2,2,3,0.005665
2,17,1,2,3,0.006812
2,12,2,2,3,0.006418
2,15,1,2,3,0.006786
3,18,14,2,3,0.005168
3,18,14,2,1,0.005347
2,7,1,2,1,0.004750
3,0,5,2,1,0.005893
3,18,14,2,1,0.005800
3,17,6,2,0,0.005568
0,3,1,2,0,0.005114
3,3,19,2,0,0.007909
3,20,12,2,1,0.004977
3,20,12,2,1,0.006967
3,12,0,2,1,0.011155
3,12,20,2,3,0.011103
3,12,0,1,0,0.013075
3,20,12,2,2,0.009880
3,12,0,2,0,0.007617
2,17,2,2,0,0.005685
3,17,6,2,0,0.005514
2,0,2,2,0,0.005272
2,1,2,2,0,0.006180
2,9,2,2,0,0.006502
2,20,2,2,0,0.006361
2,4,2,2,0,0.006523
2,12,2,2,0,0.006203
2,17,2,2,0,0.006280
2,13,2,2,0,0.006027
3,18,14,2,3,0.006633
2,8,2,2,3,0.006076
2,6,2,2,3,0.006174
2,20,2,2,3,0.005442
2,10,2,2,3,0.006178
2,12,2,2,3,0.006023
2,16,2,2,3,0.006157
2,0,2,2,3,0.005690
2,18,2,2,3,0.006049
2,1,2,2,3,0.005946
2,20,2,2,3,0.006043
2,20,2,2,3,0.005799
2,14,2,2,3,0.006296
2,14,2,2,3,0.005847
3,18,14,2,3,0.004936
2,18,2,2,3,0.005837
3,18,14,2,3,0.006199
2,13,2,2,3,0.005805
3,18,14,2,2,0.005984
2,12,2,2,2,0.005516
2,9,2,2,2,0.005967
2,20,2,2,2,0.005812
3,11,2,2,2,0.005943
2,12,2,2,2,0.005138
3,20,12,2,1,0.005883
3,20,12,2,1,0.007353
3,20,12,2,1,0.006725
3,20,12,2,1,0.006151
3,20,12,2,1,0.005626
2,20,2,2,1,0.005803
3,20,12,2,1,0.007735
2,12,2,2,1,0.006218
2,1,2,2,1,0.005468
2,1,2,2,1,0.005546
2,20,2,2,1,0.005982
3,20,12,2,3,0.005564
3,20,12,2,1,0.005884
2,20,2,2,1,0.006155
3,20,12,2,3,0.005565
3,20,12,2,3,0.006130
3,20,12,2,3,0.005335
3,20,12,2,3,0.006318
3,20,12,2,3,0.006169
3,18,14,2,3,0.004849
2,18,2,2,3,0.005258
3,0,5,2,1,0.004191
3,20,12,2,3,0.005253
3,20,12,2,3,0.004960
2,11,2,2,3,0.005684
3,0,5,2,1,0.006210
3,6,4,2,2,0.004434
2,4,2,2,2,0.005235
2,20,2,2,2,0.005260
3,20,12,2,1,0.005846
2,12,2,2,1,0.005855
2,20,2,2,1,0.005876
2,20,2,2,1,0.005789
3,20,12,2,1,0.005100
3,20,12,2,1,0.006313
3,20,12,2,1,0.005773
3,20,12,2,1,0.005280
3,20,12,2,1,0.005819
3,20,12,2,3,0.004724
2,9,2,2,3,0.005336
2,9,2,2,3,0.006129
3,9,19,2,0,0.008208
2,9,2,2,0,0.006932
2,15,2,2,0,0.004938
3,20,12,2,1,0.005899
2,0,2,2,1,0.005775
2,18,2,2,1,0.005756
2,3,2,2,1,0.005647
2,10,2,2,1,0.005446
2,8,2,2,1,0.005585
3,18,14,2,3,0.005599
2,20,2,2,3,0.005188
2,20,2,2,3,0.005582
2,20,2,2,3,0.005588
3,20,12,2,1,0.004904
3,20,12,2,1,0.005461
3,20,12,2,3,0.005297
3,20,12,2,3,0.004696
3,20,12,2,3,0.004959
2,12,2,2,3,0.004797
1,0.300000
1,1.000000
1,0.300000
1,1.000000
1,0.300000
1,1.000000
0,0.100000
0,0.100000
0,0.100000
0,0.100000
0,0.100000
0,0.100000
0,0.100000
0,0.100000
0,0.100000
0,0.100000
0,0.100000
0,0.100000
1,0.200000
1,0.200000
1,0.200000
1,0.200000
1,0.200000
1,0.200000
1,0.200000
1,0.200000
1,0.200000
1,0.200000
1,0.200000
1,0.200000
1,0.200000
1,0.200000
1,0.200000
1,0.200000
1,0.200000
1,0.200000
1,0.200000
1,0.200000
1,0.200000
1,0.200000
1,0.200000
1,0.200000
1,0.200000
1,0.200000
1,0.200000
1,0.200000
1,0.200000
1,0.200000
1,0.200000
1,0.200000
1,0.200000
1,0.200000
1,0.200000
1,0.200000
1,0.200000
1,0.200000
1,0.200000
1,0.200000
1,0.200000
1,0.200000
1,0.200000
1,0.200000
1,0.200000
0,0.100000
1,0.200000
1,0.200000
1,0.200000
1,0.200000
0,0.100000
1,0.200000
0,0.100000
1,0.200000
0,0.100000
1,0.200000
1,0.200000
1,0.200000
1,0.200000
0,0.100000
1,0.200000
0,0.100000
1,0.200000
0,0.100000
1,0.200000
0,0.100000
1,0.200000
0,0.100000
1,0.200000
1,0.200000
0,0.100000
1,0.300000
0,0.100000
0,0.100000
0,0.100000
1,0.300000
0,0.100000
0,0.100000
1,0.300000
0,0.100000
1,0.300000
0,0.100000
1,0.300000
0,0.100000
1,0.300000
0,0.100000
0,0.100000
0,0.100000
1,0.300000
0,0.200000
1,0.300000
0,0.200000
1,0.300000
1,0.300000
0,0.200000
1,0.300000
0,0.200000
1,0.300000
1,0.300000
0,0.200000
1,0.300000
1,0.300000
1,0.300000
1,0.300000
1,0.300000
0,0.200000
1,0.300000
1,0.300000
0,0.200000
1,0.300000
0,0.200000
1,0.300000
0,0.200000
1,0.300000
0,0.200000
1,0.300000
0,0.200000
1,0.300000
1,0.300000
1,0.300000
0,0.200000
1,0.300000
0,0.200000
1,0.300000
1,0.300000
1,0.300000
0,0.200000
1,0.300000
0,0.200000
1,0.300000
0,0.200000
1,0.300000
0,0.200000
1,0.300000
1,0.300000
1,0.300000
1,0.300000
0,0.200000
1,0.300000
1,0.300000
1,0.300000
1,0.300000
1,0.300000
1,0.300000
0,0.200000
1,0.300000
0,0.200000
1,0.300000
0,0.200000
1,0.300000
0,0.100000
0,0.100000
0,0.100000
0,0.200000
0,0.100000
0,0.200000
0,0.100000
0,0.200000
0,0.100000
0,0.200000
0,0.100000
0,0.200000
0,0.200000
0,0.200000
0,0.200000
0,0.200000
0,0.100000
0,0.200000
0,0.100000
0,0.200000
1,0.100000
0,0.200000
0,0.100000
0,0.200000
0,0.100000
0,0.200000
0,0.100000
0,0.200000
0,0.100000
0,0.200000
0,0.100000
0,0.200000
0,0.200000
0,0.200000
0,0.200000
0,0.100000
0,0.200000
0,0.100000
0,0.200000
1,0.300000
0,0.200000
0,0.200000
0,0.200000
0,0.200000
0,0.200000
0,0.200000
0,0.200000
0,0.200000
0,0.200000
0,0.200000
0,0.200000
0,0.100000
0,0.200000
0,0.200000
0,0.200000
0,0.100000
0,0.200000
0,0.100000
0,0.200000
0,0.100000
0,0.200000
0,0.200000
0,0.200000
1,0.300000
0,0.200000
1,0.300000
0,0.200000
1,0.300000
0,0.200000
1,0.300000
0,0.200000
0,0.200000
0,0.200000
0,0.200000
0,0.200000
0,0.200000
0,0.200000
0,0.200000
0,0.200000
0,0.200000
0,0.200000
0,0.200000
0,0.200000
0,0.200000
0,0.200000
0,0.200000
0,0.200000
0,0.200000
0,0.200000
0,0.200000
0,0.200000
0,0.200000
0,0.200000
0,0.200000
0,0.200000
0,0.200000
0,0.200000
0,0.200000
0,0.200000
0,0.200000
0,0.200000
0,0.200000
0,0.200000
0,0.200000
0,0.200000
0,0.200000
0,0.200000
0,0.200000
0,0.200000
0,0.200000
0,0.200000
0,0.200000
0,0.200000
0,0.200000
0,0.200000
0,0.200000
0,0.200000
0,0.200000
0,0.200000
0,0.200000
0,0.200000
0,0.200000
0,0.200000
0,0.200000
0,0.200000
0,0.200000
0,0.200000
0,0.200000
0,0.200000
0,0.200000
0,0.200000
0,0.200000
0,0.200000
0,0.200000
0,0.200000
0,0.200000
0,0.200000
0,0.200000
0,0.200000
0,0.200000
0,0.200000
0,0.200000
0,0.200000
0,0.200000
0,0.200000
0,0.100000
0,0.200000
0,0.200000
0,0.100000
0,0.200000
0,0.200000
0,0.100000
0,0.200000
0,0.100000
0,0.200000
0,0.100000
0,0.200000
0,0.100000
0,0.200000
0,0.100000
0,0.200000
0,0.100000
0,0.200000
0,0.100000
0,0.200000
0,0.100000
0,0.100000
0,0.100000
0,0.200000
0,0.100000
0,0.200000
0,0.100000
0,0.100000
0,0.100000
0,0.100000
0,0.100000
0,0.100000
0,0.100000
0,0.100000
0,0.100000
0,0.200000
0,0.100000
0,0.200000
0,0.100000
0,0.200000
0,0.100000
0,0.200000
0,0.100000
0,0.200000
0,0.100000
0,0.200000
0,0.200000
0,0.200000
0,0.100000
0,0.200000
0,0.200000
0,0.200000
0,0.100000
0,0.200000
0,0.100000
0,0.200000
0,0.100000
0,0.200000
0,0.100000
0,0.200000
0,0.100000
0,0.200000
0,0.100000
0,0.200000
0,0.100000
0,0.200000
0,0.100000
0,0.200000
0,0.100000
0,0.200000
0,0.100000
0,0.200000
0,0.100000
0,0.200000
0,0.100000
0,0.200000
0,0.100000
0,0.200000
0,0.200000
0,0.200000
0,0.200000
0,0.200000
0,0.200000
0,0.200000
0,0.200000
0,0.100000
0,0.100000
0,0.100000
0,0.100000
0,0.100000
1,0.300000
0,0.200000
0,0.100000
0,0.100000
0,0.100000
0,0.100000
0,0.100000
0,0.200000
0,0.100000
0,0.200000
0,0.100000
0,0.200000
0,0.100000
0,0.200000
0,0.100000
0,0.200000
0,0.100000
0,0.200000
0,0.100000
0,0.200000
0,0.100000
0,0.200000
0,0.100000
0,0.200000
0,0.100000
0,0.200000
0,0.100000
0,0.100000
0,0.100000
0,0.200000
0,0.100000
0,0.200000
0,0.100000
0,0.100000
0,0.100000
0,0.100000
0,0.100000
0,0.100000
0,0.100000
0,0.100000
0,0.100000
0,0.100000
0,0.100000
0,0.200000
0,0.100000
0,0.100000
0,0.100000
0,0.200000
0,0.100000
0,0.100000
0,0.100000
0,0.100000
0,0.100000
0,0.100000
0,0.100000
0,0.100000
0,0.100000
0,0.100000
0,0.100000
0,0.100000
0,0.100000
0,0.100000
0,0.100000
0,0.100000
0,0.100000
0,0.100000
0,0.100000
0,0.100000
0,0.200000
0,0.100000
0,0.100000
0,0.100000
0,0.100000
0,0.100000
0,0.100000
0,0.100000
0,0.100000
0,0.100000
0,0.100000
0,0.100000
0,0.100000
0,0.200000
0,0.100000
0,0.100000
0,0.100000
0,0.100000
0,0.100000
0,0.100000
0,0.100000
0,0.100000
0,0.100000
0,0.100000
0,0.100000
0,0.100000
0,0.100000
0,0.100000
0,0.100000
1,3.050950
0,1.063439
1,1.486750
0,1.096163
1,1.453760
0,0.992348
0,0.930046
0,0.953825
1,4.650176
0,1.412359
0,1.512359
1,1.724881
1,1.724881
0,1.322382
0,1.371784
0,1.371784
1,1.392348
0,0.872263
0,1.214945
0,0.872263
1,1.232229
0,0.872263
0,1.381924
0,1.406873
0,0.989737
0,1.261138
1,1.306873
1,1.306873
1,1.498944
0,1.590482
0,1.290322
0,1.290322
1,1.140322
0,0.885488
0,1.261138
0,1.440322
0,0.832229
1,1.140322
0,0.975335
1,1.321784
0,1.406873
0,1.527857
0,1.297227
1,1.256873
1,1.672382
1,1.322382
0,0.809245
0,1.562077
0,1.562077
1,1.259568
0,1.562077
0,0.832229
1,1.481019
1,1.259568
1,1.009245
0,1.588322
0,1.562077
0,1.562077
1,1.260808
0,1.431161
1,1.332473
1,1.332473
1,1.228448
1,1.256873
1,1.260808
0,1.606873
0,1.406873
0,1.886316
1,1.109568
0,1.886316
0,1.544575
1,1.228448
0,1.544575
0,1.502814
1,0.986184
0,1.290322
1,0.956682
0,1.467556
1,0.935488
1,1.016135
0,0.806682
0,1.544575
1,1.381064
0,1.544575
1,1.381064
1,1.109568
0,1.302096
0,1.302096
1,1.271784
1,0.952678
1,0.925335
1,0.952678
1,1.109568
1,1.225335
0,1.502814
0,1.586683
1,1.228448
1,1.109568
1,0.952678
1,1.322382
0,0.865833
1,1.109568
1,0.952678
1,1.109568
1,0.952678
0,1.502814
1,1.498944
0,1.567556
1,1.498944
0,1.655767
1,1.700063
0,1.502814
0,1.567556
1,0.952678
0,1.502814
1,1.306209
1,0.952678
1,1.151129
1,0.952678
1,1.449697
1,1.272574
0,1.827553
1,1.225335
0,1.977553
1,1.225335
1,1.225335
0,1.977553
0,0.960470
1,1.151129
1,1.132229
0,1.977553
1,1.132229
0,1.977553
0,0.928448
0,1.977553
1,1.511018
0,1.302814
1,1.456209
1,1.151129
1,1.132229
1,1.148944
1,0.982229
1,1.653282
0,0.975335
1,1.151129
0,0.818867
1,1.109568
0,0.818867
1,1.109568
1,1.225335
1,1.109568
0,0.975335
0,0.975335
1,0.931064
1,1.225335
0,1.509568
0,1.486683
1,0.767605
0,0.928448
0,1.486683
0,1.452096
0,0.818867
0,1.509568
1,0.967605
0,1.509568
0,0.818867
1,0.767605
0,1.267556
0,1.452096
0,1.886316
1,2.086316
0,1.509568
0,0.818867
0,1.509568
0,1.267556
1,0.825335
0,1.267556
1,0.825335
0,2.813244
1,1.359568
0,2.813244
1,3.026102
0,2.813244
0,1.700983
1,1.132229
0,1.509568
1,1.228448
0,1.509568
1,1.228448
0,1.509568
1,1.228448
1,0.825335
1,1.228448
1,0.825335
1,1.228448
1,0.825335
1,1.228448
1,0.825335
1,1.502096
0,1.310470
0,1.310470
0,0.815833
0,1.310470
1,1.206484
0,1.711018
0,1.267556
0,1.573678
1,1.717556
1,1.248944
1,1.257949
1,0.982229
0,1.462077
1,1.700063
0,1.462077
0,0.978448
0,1.310470
1,1.209568
0,1.302814
0,1.310470
0,1.010470
0,1.509568
0,1.295855
1,1.513946
1,1.513946
0,1.509568
1,0.967605
1,1.109568
1,1.513946
0,1.711018
1,0.967605
0,1.711018
1,1.228448
0,1.711018
1,0.967605
0,1.711018
1,0.967605
0,1.745855
1,0.967605
0,1.745855
1,0.967605
0,1.310470
1,0.967605
1,1.060470
1,0.967605
1,1.512077
1,1.060470
0,1.462077
0,1.462077
1,1.512077
0,1.502814
0,1.462077
0,1.176735
1,0.967605
0,1.509568
1,0.967605
1,1.395855
1,1.018867
1,1.128448
1,1.395855
0,1.416451
1,1.257949
0,0.802678
1,0.934602
1,1.511018
0,1.295855
1,1.248944
0,1.509568
0,1.295855
1,1.395855
1,0.934602
1,1.257949
0,1.745855
0,1.252096
0,1.509568
0,1.252096
0,1.509568
0,1.252096
0,1.745855
0,1.252096
0,1.745855
0,1.252096
0,1.745855
0,1.252096
0,1.745855
0,1.252096
1,0.934602
0,1.295855
1,0.934602
0,1.034602
1,1.184602
1,0.934602
1,0.934602
1,1.284602
0,1.590328
0,1.295855
0,1.850983
1,1.284602
0,1.850983
0,1.295855
1,1.461018
0,1.295855
0,1.711018
0,1.295855
0,1.850983
0,1.295855
0,1.850983
0,1.295855
0,1.850983
0,1.295855
0,1.444575
1,1.306209
0,1.402814
1,1.002678
0,1.540328
1,1.700063
0,1.028448
1,1.359568
1,1.700063
1,1.159568
1,1.002678
0,1.509568
1,1.228448
0,1.850983
1,1.228448
0,1.850983
1,1.228448
0,1.736683
1,1.228448
0,1.736683
1,1.228448
0,1.460470
0,1.295855
0,1.460470
0,1.295855
0,1.436683
1,1.284602
0,1.460470
0,1.436683
1,0.767605
0,1.436683
1,1.461018
0,1.486683
1,1.700063
0,1.650063
1,1.700063
0,1.650063
1,1.500983
0,1.362077
0,1.711018
0,0.702678
0,1.850983
0,0.702678
0,1.850983
0,0.702678
0,1.850983
1,1.284602
0,1.850983
1,1.184602
1,1.461018
0,1.402814
1,1.060470
1,1.502096
0,1.711018
0,1.362077
0,1.711018
1,1.284602
0,1.850983
1,1.184602
0,1.850983
1,1.184602
0,1.850983
1,1.284602
0,1.712077
1,1.284602
0,1.712077
1,1.184602
0,1.712077
1,1.184602
0,1.712077
1,1.284602
0,1.900063
1,1.184602
0,1.900063
1,1.184602
0,1.460470
1,1.184602
1,0.876735
1,1.184602
0,1.900063
1,1.184602
0,1.900063
1,1.511018
0,1.536683
1,1.502096
1,1.184602
1,1.286683
1,1.502096
0,1.452096
1,1.298944
1,1.700063
0,1.650063
1,0.989737
1,1.403282
1,1.211297
0,1.700983
0,0.961297
0,1.711018
0,1.252096
0,1.134602
0,0.818867
0,1.590328
0,0.818867
0,1.590328
0,0.818867
0,1.590328
0,0.818867
0,1.711018
0,0.818867
1,0.860442
0,1.295855
1,0.860442
0,1.295855
1,0.860442
0,1.295855
1,0.860442
0,1.295855
1,0.860442
0,1.295855
1,0.860442
0,1.295855
1,1.511018
0,1.540328
0,1.711018
0,1.295855
0,1.590328
0,1.295855
1,0.860442
0,1.295855
1,0.860442
0,0.910442
1,1.700063
0,1.650063
1,1.700063
0,1.650063
1,1.700063
0,1.462077
0,1.900063
0,1.362077
0,1.134602
0,0.910442
0,1.712077
0,1.362077
1,1.550063
0,1.295855
1,1.312077
0,1.362077
1,1.512077
0,1.462077
1,1.412077
1,1.461018
0,0.910442
0,1.134602
0,1.362077
1,1.312077
0,1.295855
1,0.934602
0,1.295855
1,1.395855
0,0.910442
0,1.900063
0,0.910442
1,1.190328
0,0.910442
1,1.700063
0,1.650063
1,1.700063
0,1.650063
1,1.550063
0,1.362077
1,1.190328
0,0.910442
0,1.281161
1,1.381161
0,0.910442
0,1.900063
0,0.910442
0,1.711018
0,0.910442
0,1.711018
0,0.910442
0,1.711018
0,0.910442
0,1.712077
0,0.910442
1,1.700063
0,1.650063
1,1.412077
0,1.362077
1,1.312077
0,0.910442
0,0
1,3
1,1
1,2
0,1
1,1
0,0
0,0
0,1
0,1
0,2
0,0
1,1
1,2
1,1
1,0
1,2
1,0
1,1
0,1
1,4
1,0
1,0
1,0
1,0
1,0
1,1
1,1
1,2
1,1
1,2
1,1
0,1
1,4
1,4
0,1
1,4
0,1
1,4
1,2
1,4
0,1
1,4
0,1
1,4
1,0
1,1
1,0
1,2
1,1
1,0
1,8
0,6
1,8
1,4
0,5
1,1
1,7
1,8
0,6
1,1
1,0
1,5
0,5
1,4
0,6
1,4
1,7
0,5
1,4
0,1
1,5
0,1
0,1
1,0
1,4
1,4
1,0
1,0
1,0
1,3
1,0
1,3
1,0
1,0
1,0
1,0
1,1
1,0
1,1
0,5
1,3
0,5
1,3
0,2
0,1
1,8
1,0
1,1
0,5
1,2
0,5
1,8
0,5
1,1
1,0
1,3
0,1
1,3
0,4
1,0
1,0
0,4
1,2
1,0
0,1
1,3
0,4
1,4
1,0
1,1
0,1
1,1
1,0
0,1
1,4
0,4
1,4
0,4
1,5
0,5
1,4
1,0
1,3
1,0
1,0
1,0
0,0
0,7
1,5
1,1
1,0
1,4
1,0
1,0
1,8
0,2
1,6
0,3
1,5
0,5
1,0
1,4
1,0
1,5
1,0
1,4
0,4
1,5
1,1
0,1
1,5
0,5
1,8
0,7
1,6
1,1
1,5
0,1
1,4
0,1
0,1
1,5
0,2
1,5
0,2
1,6
1,1
1,1
0,0
0,1
0,1
0,1
0,1
1,3
0,2
1,4
0,5
1,3
0,2
1,3
0,4
1,4
0,2
1,6
0,8
1,4
0,1
1,4
0,1
1,0
0,0
0,4
1,7
0,5
1,7
0,1
1,7
0,1
1,1
1,0
1,2
1,0
1,2
1,0
1,0
1,0
1,1
0,1
1,4
1,0
1,1
1,2
0,1
0,2
1,1
0,2
1,3
0,2
1,7
0,2
1,7
0,8
1,7
0,6
1,4
0,6
1,7
0,1
1,3
0,1
1,4
0,1
1,0
0,1
0,1
0,1
1,2
0,4
0,4
1,2
0,4
1,4
0,4
1,2
0,4
1,2
1,8
0,8
1,2
1,2
1,1
1,1
0,2
1,2
0,8
1,0
1,5
0,2
1,0
1,0
0,6
1,5
0,2
1,7
0,3
1,4
0,3
1,6
0,5
1,7
0,8
1,4
0,3
1,7
0,2
1,7
0,3
1,8
1,4
0,3
1,0
1,8
0,2
1,4
0,6
1,5
0,2
1,0
1,3
1,3
0,8
1,4
0,8
1,7
0,6
1,5
0,1
1,0
0,1
0,1
0,1
0,0
1,1
0,1
0,4
1,0
1,0
0,2
1,4
0,5
1,4
0,5
1,7
0,5
1,4
0,5
1,3
0,2
1,5
0,1
1,2
0,8
1,5
0,2
1,5
0,3
1,5
0,3
1,0
0,4
1,0
0,4
0,1
0,4
0,4
0,4
1,0
0,4
1,7
0,1
1,2
0,5
1,4
0,3
1,7
0,4
1,1
0,2
0,4
0,2
1,0
1,1
1,3
0,2
1,7
0,2
1,5
0,4
1,5
0,2
1,4
0,2
1,4
0,2
0,0
0,3
1,8
0,8
1,7
0,8
1,4
0,3
1,5
0,5
1,4
0,4
1,5
0,5
1,7
0,4
0,2
0,2
0,2
1,8
1,0
1,4
1,0
1,4
1,4
1,2
1,0
0,1
1,2
0,5
1,0
1,0
1,5
0,3
1,5
0,8
1,4
0,5
1,6
0,5
1,5
0,2
1,7
0,2
1,4
0,3
1,7
0,4
1,5
0,2
1,5
0,1
1,2
0,6
1,3
1,1
1,0
0,8
1,5
0,8
1,7
0,8
1,4
0,2
0,0
1,0
1,0
1,0
1,0
1,0
1,0
0,1
1,3
0,2
1,3
0,1
1,0
1,0
1,0
0,5
1,2
0,1
0,5
0,1
1,4
1,0
0,5
1,4
0,1
1,4
0,2
1,2
0,3
1,2
0,1
1,7
0,1
1,0
0,5
0,5
0,5
0,5
0,5
1,0
0,5
1,4
0,5
0,5
1,8
0,2
1,5
0,2
1,5
0,3
1,7
0,6
1,4
0,1
1,0
1,0
1,0
1,0
1,2
1,0
1,3
1.775594,960.000000
1.688483,960.000000
1.996783,960.000000
2.100523,960.000000
2.051906,960.000000
1.894948,960.000000
1.978203,960.000000
1.702811,960.000000
2.019390,960.000000
2.151999,960.000000
2.138755,960.000000
2.157859,960.000000
1.768753,960.000000
1.755246,960.000000
1.912885,960.000000
2.013450,960.000000
2.117547,960.000000
2.054461,960.000000
2.057317,960.000000
1.976693,960.000000
1.758612,960.000000
1.716353,960.000000
1.815461,960.000000
1.775176,960.000000
2.126670,960.000000
1.959312,960.000000
1.738708,960.000000
1.770286,960.000000
1.443608,960.000000
1.616792,960.000000
1.908892,960.000000
1.757128,960.000000
1.630572,960.000000
1.524049,960.000000
1.593953,960.000000
1.545941,960.000000
1.421834,960.000000
1.487753,960.000000
1.623154,960.000000
1.647996,960.000000
1.579210,960.000000
1.516706,960.000000
1.369886,960.000000
1.351515,960.000000
1.466184,960.000000
1.738176,960.000000
1.448756,960.000000
1.566490,960.000000
1.483376,960.000000
1.431112,960.000000
1.529867,960.000000
1.450932,960.000000
1.482954,960.000000
1.606506,960.000000
1.508553,960.000000
1.342225,960.000000
1.540712,960.000000
1.458046,960.000000
1.488239,960.000000
1.679520,960.000000
1.654122,960.000000
1.595847,960.000000
1.518413,960.000000
1.635775,960.000000
1.381689,960.000000
1.737130,960.000000
1.752854,960.000000
1.716657,960.000000
1.631755,960.000000
1.469199,960.000000
1.517858,960.000000
1.555546,960.000000
1.750478,960.000000
1.772792,960.000000
1.737628,960.000000
1.898572,960.000000
1.612415,960.000000
1.961163,960.000000
1.887582,960.000000
1.974454,960.000000
1.880947,960.000000
2.106204,960.000000
1.891917,960.000000
2.031748,960.000000
1.967780,960.000000
1.874600,960.000000
2.275548,960.000000
2.210465,960.000000
2.372667,960.000000
2.321210,960.000000
1.955840,960.000000
1.969081,960.000000
2.060747,960.000000
2.300881,960.000000
2.212960,960.000000
2.134142,960.000000
2.031665,960.000000
2.166103,960.000000
2.025736,960.000000
2.153197,960.000000
2.494789,960.000000
2.234308,960.000000
2.633510,960.000000
2.462699,960.000000
2.205678,960.000000
2.397301,960.000000
2.193810,960.000000
2.303052,960.000000
2.854094,960.000000
2.627171,960.000000
2.452759,960.000000
2.555480,960.000000
2.077023,960.000000
2.521096,960.000000
2.546114,960.000000
2.400655,960.000000
2.662022,960.000000
2.517210,960.000000
2.289819,960.000000
2.359495,960.000000
2.136694,960.000000
2.371272,960.000000
2.443104,960.000000
2.279837,960.000000
2.295614,960.000000
2.117962,960.000000
1.996262,960.000000
2.024044,960.000000
2.194794,960.000000
2.235996,960.000000
2.178489,960.000000
2.100398,960.000000
2.059105,960.000000
1.683292,960.000000
1.884882,960.000000
1.881490,960.000000
1.809537,960.000000
1.889563,960.000000
1.589519,960.000000
1.650681,960.000000
1.541895,960.000000
1.560212,960.000000
1.537411,960.000000
1.671021,960.000000
1.594040,960.000000
1.367482,960.000000
1.281067,960.000000
1.380795,960.000000
1.300620,960.000000
1.342910,960.000000
1.497883,960.000000
1.400432,960.000000
1.160957,960.000000
1.261061,960.000000
1.332578,960.000000
1.418750,960.000000
1.600281,960.000000
1.476181,960.000000
1.567616,960.000000
1.494095,960.000000
1.667511,960.000000
1.652076,960.000000
1.884859,960.000000
2.082103,960.000000
2.067041,960.000000
2.275529,960.000000
1.923373,960.000000
2.155867,960.000000
2.177949,960.000000
2.170982,960.000000
2.576581,960.000000
2.812759,960.000000
2.897205,960.000000
2.597157,960.000000
2.738018,960.000000
2.451945,960.000000
2.817079,960.000000
2.807869,960.000000
2.743216,960.000000
2.793552,960.000000
2.769892,960.000000
2.395126,960.000000
2.612177,960.000000
2.747365,960.000000
2.864133,960.000000
2.913267,960.000000
2.984430,960.000000
2.914727,960.000000
2.645439,960.000000
2.894646,960.000000
2.694581,960.000000
3.010851,960.000000
3.140726,960.000000
3.204227,960.000000
2.958488,960.000000
2.847854,960.000000
2.806436,960.000000
2.797845,960.000000
3.514329,960.000000
3.271914,960.000000
3.328596,960.000000
3.093520,960.000000
3.332038,960.000000
3.254118,960.000000
3.461575,960.000000
3.991345,960.000000
3.886380,960.000000
4.722496,960.000000
4.055674,960.000000
3.798345,960.000000
3.894978,960.000000
4.089111,960.000000
4.648314,960.000000
5.173935,960.000000
5.039032,960.000000
4.644998,960.000000
4.713791,960.000000
3.927141,960.000000
4.566580,960.000000
4.198867,960.000000
4.360582,960.000000
4.292161,960.000000
3.669215,960.000000
2.993469,960.000000
3.064122,960.000000
2.890512,960.000000
2.765538,960.000000
2.760530,960.000000
2.442640,960.000000
2.406686,960.000000
1.833870,960.000000
1.866995,960.000000
1.670169,960.000000
1.658841,960.000000
1.456400,960.000000
1.318516,960.000000
1.282717,960.000000
1.240223,960.000000
1.019970,960.000000
1.238782,960.000000
1.327562,960.000000
1.160652,960.000000
1.246608,960.000000
1.153184,960.000000
1.168262,960.000000
1.237204,960.000000
1.400132,960.000000
1.496179,960.000000
1.514443,960.000000
1.689023,960.000000
1.580644,960.000000
1.681711,960.000000
1.562566,960.000000
1.612997,960.000000
1.737530,960.000000
1.916391,960.000000
2.002544,960.000000
1.849662,960.000000
1.661309,960.000000
1.638410,960.000000
1.740587,960.000000
1.715303,960.000000
1.731502,960.000000
1.782948,960.000000
1.814343,960.000000
1.641228,960.000000
1.649422,960.000000
1.530255,960.000000
1.732290,960.000000
1.663135,960.000000
1.673493,960.000000
1.597645,960.000000
1.376510,960.000000
1.620610,960.000000
1.482813,960.000000
1.752337,960.000000
1.815830,960.000000
1.700693,960.000000
1.596033,960.000000
1.731727,960.000000
1.558554,960.000000
1.658971,960.000000
1.865865,960.000000
1.718779,960.000000
1.625093,960.000000
1.577940,960.000000
1.476736,960.000000
1.571860,960.000000
1.564019,960.000000
1.715508,960.000000
1.577632,960.000000
1.669580,960.000000
1.690833,960.000000
1.482760,960.000000
1.607585,960.000000
1.544998,960.000000
1.937785,960.000000
1.829907,960.000000
1.748922,960.000000
1.727483,960.000000
1.730213,960.000000
1.560798,960.000000
1.661104,960.000000
2.048913,960.000000
1.957593,960.000000
1.998863,960.000000
2.058063,960.000000
1.867938,960.000000
2.278388,960.000000
2.292253,960.000000
2.180097,960.000000
2.446629,960.000000
2.785091,960.000000
2.399134,960.000000
2.636602,960.000000
2.616455,960.000000
2.672381,960.000000
3.163717,960.000000
3.470211,960.000000
3.380396,960.000000
3.180255,960.000000
3.004508,960.000000
2.687295,960.000000
3.324109,960.000000
3.764528,960.000000
3.520379,960.000000
3.494278,960.000000
3.406011,960.000000
3.396033,960.000000
3.523805,960.000000
3.894218,960.000000
3.672147,960.000000
3.947284,960.000000
4.337652,960.000000
4.115813,960.000000
3.800140,960.000000
3.805403,960.000000
3.938773,960.000000
4.164925,960.000000
4.929215,960.000000
4.668711,960.000000
4.286891,960.000000
4.300569,960.000000
3.855203,960.000000
4.559621,960.000000
4.379147,960.000000
4.416128,960.000000
3.856842,960.000000
3.893488,960.000000
3.248144,960.000000
3.298080,960.000000
3.314112,960.000000
3.294585,960.000000
3.357668,960.000000
3.131786,960.000000
3.223514,960.000000
2.552544,960.000000
2.534865,960.000000
2.392814,960.000000
2.589312,960.000000
2.711016,960.000000
2.644899,960.000000
2.500763,960.000000
2.241757,960.000000
2.137405,960.000000
2.357753,960.000000
2.653797,960.000000
2.469441,960.000000
2.350661,960.000000
2.356658,960.000000
2.082149,960.000000
2.061245,960.000000
2.370762,960.000000
2.541512,960.000000
2.419839,960.000000
2.775611,960.000000
2.606625,960.000000
2.445530,960.000000
2.354605,960.000000
2.276882,960.000000
2.388304,960.000000
2.657056,960.000000
2.872301,960.000000
2.726884,960.000000
2.629418,960.000000
2.156091,960.000000
2.318559,960.000000
2.325092,960.000000
2.286545,960.000000
2.267083,960.000000
2.109364,960.000000
1.738887,960.000000
1.656670,960.000000
1.552789,960.000000
1.523494,960.000000
1.680756,960.000000
1.475181,960.000000
1.439082,960.000000
1.152553,960.000000
1.222636,960.000000
1.025385,960.000000
0.967265,960.000000
1.094798,960.000000
0.908084,960.000000
0.986757,960.000000
0.894071,960.000000
0.715472,960.000000
0.821106,960.000000
0.924949,960.000000
0.874773,960.000000
0.955157,960.000000
0.806436,960.000000
0.896083,960.000000
0.940604,960.000000
1.051102,960.000000
1.251638,960.000000
1.220107,960.000000
1.291505,960.000000
1.268800,960.000000
1.218031,960.000000
1.202109,960.000000
1.205007,960.000000
1.310021,960.000000
1.517459,960.000000
1.495776,960.000000
1.321687,960.000000
1.348473,960.000000
1.278447,960.000000
1.571749,960.000000
1.506378,960.000000
1.434504,960.000000
1.519037,960.000000
1.477908,960.000000
1.414282,960.000000
1.547903,960.000000
1.538385,960.000000
1.728091,960.000000
1.639395,960.000000
1.799600,960.000000
1.638421,960.000000
1.801437,960.000000
1.803287,960.000000
1.619458,960.000000
1.902534,960.000000
2.111044,960.000000
2.057846,960.000000
2.075717,960.000000
2.021396,960.000000
1.847506,960.000000
2.154666,960.000000
2.214341,960.000000
2.195126,960.000000
2.097834,960.000000
2.009015,960.000000
1.794619,960.000000
2.010316,960.000000
1.924770,960.000000
2.040968,960.000000
1.969529,960.000000
2.065981,960.000000
1.878606,960.000000
1.694713,960.000000
1.770109,960.000000
1.884526,960.000000
1.945669,960.000000
2.063332,960.000000
1.917643,960.000000
1.766494,960.000000
1.787710,960.000000
1.614371,960.000000
1.633859,960.000000
1.754357,960.000000
1.677458,960.000000
1.700820,960.000000
1.547183,960.000000
1.496042,960.000000
1.432617,960.000000
1.444982,960.000000
1.594822,960.000000
1.559095,960.000000
1.585995,960.000000
1.567820,960.000000
1.469280,960.000000
1.455019,960.000000
1.352450,960.000000
1.475025,960.000000
1.630195,960.000000
1.597029,960.000000
1.411230,960.000000
1.461278,960.000000
1.304601,960.000000
1.547384,960.000000
1.557779,960.000000
1.509409,960.000000
1.559704,960.000000
1.439340,960.000000
1.402049,960.000000
1.497123,960.000000
1.488863,960.000000
1.545550,960.000000
1.557729,960.000000
1.599217,960.000000
1.524944,960.000000
1.461750,960.000000
1.590264,960.000000
1.459056,960.000000
1.554823,960.000000
1.717287,960.000000
1.609395,960.000000
1.563414,960.000000
1.531522,960.000000
1.417770,960.000000
1.607458,960.000000
1.802712,960.000000
1.756952,960.000000
1.740161,960.000000
1.868866,960.000000
1.639080,960.000000
1.886855,960.000000
1.831313,960.000000
1.920489,960.000000
1.906347,960.000000
2.098367,960.000000
1.944029,960.000000
1.859537,960.000000
2.063028,960.000000
1.714536,960.000000
2.238756,960.000000
2.325151,960.000000
2.330691,960.000000
2.224853,960.000000
2.052820,960.000000
2.047493,960.000000
2.158882,960.000000
2.403811,960.000000
2.207732,960.000000
2.367959,960.000000
2.175574,960.000000
2.141848,960.000000
2.086911,960.000000
2.258963,960.000000
2.445215,960.000000
2.261900,960.000000
2.750964,960.000000
2.523944,960.000000
2.312942,960.000000
2.444393,960.000000
2.175102,960.000000
2.364542,960.000000
2.837002,960.000000
2.641108,960.000000
2.577249,960.000000
2.486014,960.000000
2.114450,960.000000
2.526017,960.000000
2.479298,960.000000
2.400532,960.000000
2.534776,960.000000
2.378723,960.000000
1.988348,960.000000
2.330200,960.000000
2.115458,960.000000
2.264724,960.000000
2.361049,960.000000
2.398017,960.000000
2.075770,960.000000
1.908341,960.000000
2.028659,960.000000
2.021997,960.000000
2.154229,960.000000
2.147388,960.000000
2.209878,960.000000
2.116459,960.000000
2.102967,960.000000
1.812528,960.000000
1.858083,960.000000
1.952408,960.000000
1.845622,960.000000
1.949253,960.000000
1.670458,960.000000
1.472339,960.000000
1.523616,960.000000
1.532823,960.000000
1.465562,960.000000
1.516672,960.000000
1.586562,960.000000
1.497614,960.000000
1.290626,960.000000
1.450164,960.000000
1.227649,960.000000
1.481851,960.000000
1.524928,960.000000
1.339974,960.000000
1.459802,960.000000
1.302558,960.000000
1.353477,960.000000
1.378501,960.000000
1.633026,960.000000
1.473937,960.000000
1.577145,960.000000
1.627840,960.000000
1.598787,960.000000
1.728268,960.000000
1.812213,960.000000
2.088676,960.000000
2.091271,960.000000
2.300797,960.000000
2.158703,960.000000
2.245627,960.000000
2.158349,960.000000
2.350194,960.000000
2.630230,960.000000
2.766617,960.000000
2.866873,960.000000
2.725015,960.000000
2.695148,960.000000
2.421538,960.000000
2.786881,960.000000
2.862383,960.000000
2.900058,960.000000
2.816106,960.000000
2.684966,960.000000
2.407886,960.000000
2.503565,960.000000
2.516129,960.000000
2.714803,960.000000
2.933598,960.000000
3.100757,960.000000
2.645651,960.000000
2.715800,960.000000
2.604537,960.000000
2.754335,960.000000
3.053018,960.000000
3.088757,960.000000
3.122189,960.000000
2.916156,960.000000
2.818796,960.000000
2.681161,960.000000
2.967803,960.000000
3.341406,960.000000
2.975690,960.000000
3.228050,960.000000
3.124111,960.000000
3.221860,960.000000
3.359787,960.000000
3.616032,960.000000
3.885300,960.000000
3.970608,960.000000
4.417255,960.000000
4.291248,960.000000
4.175267,960.000000
4.165881,960.000000
4.156776,960.000000
4.437390,960.000000
4.865086,960.000000
5.053032,960.000000
4.650158,960.000000
4.773159,960.000000
3.887112,960.000000
4.458336,960.000000
4.356048,960.000000
4.285241,960.000000
4.275900,960.000000
3.719728,960.000000
3.281462,960.000000
3.023463,960.000000
2.760480,960.000000
2.820755,960.000000
2.697438,960.000000
2.387664,960.000000
2.481813,960.000000
1.754053,960.000000
1.817962,960.000000
1.618180,960.000000
1.514849,960.000000
1.597470,960.000000
1.490602,960.000000
1.312728,960.000000
1.210299,960.000000
0.993190,960.000000
1.061014,960.000000
1.282784,960.000000
1.125334,960.000000
1.315441,960.000000
1.176566,960.000000
1.235608,960.000000
1.363175,960.000000
1.326531,960.000000
1.453162,960.000000
1.536156,960.000000
1.729759,960.000000
1.532150,960.000000
1.578367,960.000000
1.530822,960.000000
1.593434,960.000000
1.728469,960.000000
1.902588,960.000000
1.897790,960.000000
1.831956,960.000000
1.821523,960.000000
1.631752,960.000000
1.884770,960.000000
1.837971,960.000000
1.767335,960.000000
1.709407,960.000000
1.699397,960.000000
1.619675,960.000000
1.595344,960.000000
1.658393,960.000000
1.738407,960.000000
1.688755,960.000000
1.737418,960.000000
1.643801,960.000000
1.479134,960.000000
1.592410,960.000000
1.573413,960.000000
1.682736,960.000000
1.896154,960.000000
1.815892,960.000000
1.688435,960.000000
1.567553,960.000000
1.448448,960.000000
1.619184,960.000000
1.769557,960.000000
1.734173,960.000000
1.530571,960.000000
1.618579,960.000000
1.500285,960.000000
1.575905,960.000000
1.562805,960.000000
1.679380,960.000000
1.620889,960.000000
1.779027,960.000000
1.685353,960.000000
1.399340,960.000000
1.485537,960.000000
1.619827,960.000000
1.725852,960.000000
2.018432,960.000000
1.780214,960.000000
1.660177,960.000000
1.573238,960.000000
1.486051,960.000000
1.806387,960.000000
1.957715,960.000000
2.060536,960.000000
1.932821,960.000000
1.897485,960.000000
1.953800,960.000000
2.136517,960.000000
2.248348,960.000000
2.471441,960.000000
2.443381,960.000000
2.557125,960.000000
2.414229,960.000000
2.587994,960.000000
2.636961,960.000000
2.362111,960.000000
3.285362,960.000000
3.541234,960.000000
3.347547,960.000000
3.297647,960.000000
3.139010,960.000000
2.950069,960.000000
3.276824,960.000000
3.816042,960.000000
3.528293,960.000000
3.443127,960.000000
3.373678,960.000000
3.359639,960.000000
3.587755,960.000000
3.911793,960.000000
4.080912,960.000000
4.030172,960.000000
4.309272,960.000000
4.094339,960.000000
3.923048,960.000000
3.984240,960.000000
3.878790,960.000000
4.316512,960.000000
4.884518,960.000000
4.715341,960.000000
4.332009,960.000000
4.447659,960.000000
3.921069,960.000000
4.337655,960.000000
4.403143,960.000000
4.206356,960.000000
3.900535,960.000000
3.638332,960.000000
3.331369,960.000000
3.299915,960.000000
3.259048,960.000000
3.430891,960.000000
3.220212,960.000000
3.360529,960.000000
3.138957,960.000000
2.581841,960.000000
2.485439,960.000000
2.350430,960.000000
2.571732,960.000000
2.715039,960.000000
2.561364,960.000000
2.416386,960.000000
2.307889,960.000000
2.143035,960.000000
2.272927,960.000000
2.505403,960.000000
2.516623,960.000000
2.454031,960.000000
2.245072,960.000000
2.223084,960.000000
2.167157,960.000000
2.466001,960.000000
2.397343,960.000000
2.508386,960.000000
2.814629,960.000000
2.558080,960.000000
2.346972,960.000000
2.233886,960.000000
2.368027,960.000000
2.539391,960.000000
2.833547,960.000000
2.785709,960.000000
2.588648,960.000000
2.508633,960.000000
2.246571,960.000000
2.311450,960.000000
2.253138,960.000000
2.415249,960.000000
2.328172,960.000000
2.078221,960.000000
1.769283,960.000000
1.722614,960.000000
1.558890,960.000000
1.506776,960.000000
1.629773,960.000000
1.474503,960.000000
1.624477,960.000000
1.079148,960.000000
1.153341,960.000000
0.978329,960.000000
0.942701,960.000000
0.952433,960.000000
0.915470,960.000000
0.774655,960.000000
0.837533,960.000000
0.681833,960.000000
0.870642,960.000000
0.871871,960.000000
0.860304,960.000000
0.976297,960.000000
0.942050,960.000000
0.875128,960.000000
0.909843,960.000000
1.089493,960.000000
1.139138,960.000000
1.186629,960.000000
1.191298,960.000000
1.136418,960.000000
1.242472,960.000000
1.198078,960.000000
1.230685,960.000000
1.244675,960.000000
1.555081,960.000000
1.429333,960.000000
1.347804,960.000000
1.274033,960.000000
1.251204,960.000000
1.517273,960.000000
1.562664,960.000000
1.519636,960.000000
1.453220,960.000000
1.564696,960.000000
1.585482,960.000000
1.542560,960.000000
1.486169,960.000000
1.789220,960.000000
1.732989,960.000000
1.812087,960.000000
1.726590,960.000000
1.855363,960.000000
1.803247,960.000000
1.750384,960.000000
1.863466,960.000000
2.123661,960.000000
2.082684,960.000000
2.005844,960.000000
2.017638,960.000000
1.711990,960.000000
2.205058,960.000000
2.138172,960.000000
2.246876,960.000000
2.101881,960.000000
2.093846,960.000000
1.727747,960.000000
1.873405,960.000000
1.952768,960.000000
1.982376,960.000000
2.024008,960.000000
1.922972,960.000000
1.851564,960.000000
1.813757,960.000000
1.836920,960.000000
1.779947,960.000000
1.815369,960.000000
2.026778,960.000000
1.955046,960.000000
1.797467,960.000000
1.757927,960.000000
1.535272,960.000000
1.639771,960.000000
1.915734,960.000000
1.895577,960.000000
1.853587,960.000000
1.545775,960.000000
1.547558,960.000000
1.531703,960.000000
1.435505,960.000000
1.471362,960.000000
1.589400,960.000000
1.631664,960.000000
1.441292,960.000000
1.394414,960.000000
1.415360,960.000000
1.449487,960.000000
1.567365,960.000000
1.634803,960.000000
1.596276,960.000000
1.518776,960.000000
1.317871,960.000000
1.324161,960.000000
1.585499,960.000000
1.407676,960.000000
1.494585,960.000000
1.527939,960.000000
1.479156,960.000000
1.429913,960.000000
1.481735,960.000000
1.426495,960.000000
1.647139,960.000000
1.564831,960.000000
1.505405,960.000000
1.551494,960.000000
1.554107,960.000000
1.439479,960.000000
1.488170,960.000000
1.562302,960.000000
1.900217,960.000000
1.575864,960.000000
1.698093,960.000000
1.499938,960.000000
1.494776,960.000000
1.476943,960.000000
1.812744,960.000000
1.806889,960.000000
1.736818,960.000000
1.843956,960.000000
1.557757,960.000000
1.748338,960.000000
1.878198,960.000000
1.899951,960.000000
1.930066,960.000000
2.133874,960.000000
1.956535,960.000000
1.852921,960.000000
1.951419,960.000000
1.888655,960.000000
2.199099,960.000000
2.292504,960.000000
2.318097,960.000000
2.282241,960.000000
2.030633,960.000000
2.033959,960.000000
2.192440,960.000000
2.349893,960.000000
2.261566,960.000000
2.198806,960.000000
2.026545,960.000000
2.107112,960.000000
2.076238,960.000000
2.152942,960.000000
2.411925,960.000000
2.403613,960.000000
2.686178,960.000000
2.466468,960.000000
2.167209,960.000000
2.433149,960.000000
2.389902,960.000000
2.433396,960.000000
2.748523,960.000000
2.569972,960.000000
2.584708,960.000000
2.507498,960.000000
2.184482,960.000000
2.489307,960.000000
2.553473,960.000000
2.475661,960.000000
2.440593,960.000000
2.418600,960.000000
2.149799,960.000000
2.274915,960.000000
2.143025,960.000000
2.271745,960.000000
2.332940,960.000000
2.435644,960.000000
2.211641,960.000000
2.000624,960.000000
2.072634,960.000000
1.858216,960.000000
2.220163,960.000000
2.244312,960.000000
2.140587,960.000000
2.050375,960.000000
2.034138,960.000000
1.669913,960.000000
2.035742,960.000000
1.939011,960.000000
1.931243,960.000000
1.894476,960.000000
1.682229,960.000000
1.425082,960.000000
1.520415,960.000000
1.638849,960.000000
1.627325,960.000000
1.631028,960.000000
1.610277,960.000000
1.652750,960.000000
1.244459,960.000000
1.420316,960.000000
1.194812,960.000000
1.426332,960.000000
1.540991,960.000000
1.455392,960.000000
1.343003,960.000000
1.311734,960.000000
1.186431,960.000000
1.334694,960.000000
1.577186,960.000000
1.533691,960.000000
1.609938,960.000000
1.534876,960.000000
1.642720,960.000000
1.597998,960.000000
1.881904,960.000000
2.195914,960.000000
2.135090,960.000000
2.354434,960.000000
2.178642,960.000000
2.197892,960.000000
2.230834,960.000000
2.235500,960.000000
2.562677,960.000000
2.880687,960.000000
2.816971,960.000000
2.637315,960.000000
2.853894,960.000000
2.451477,960.000000
2.738740,960.000000
2.801545,960.000000
2.870759,960.000000
2.841973,960.000000
2.584761,960.000000
2.497170,960.000000
2.695332,960.000000
2.595836,960.000000
2.673404,960.000000
2.882169,960.000000
2.828510,960.000000
2.692639,960.000000
2.694007,960.000000
2.650821,960.000000
2.463169,960.000000
3.039092,960.000000
3.147694,960.000000
3.099163,960.000000
2.942060,960.000000
2.889000,960.000000
2.670958,960.000000
3.120104,960.000000
3.224035,960.000000
3.252394,960.000000
3.295820,960.000000
3.160993,960.000000
3.241030,960.000000
3.319116,960.000000
3.566431,960.000000
3.852722,960.000000
3.896297,960.000000
4.431251,960.000000
4.319655,960.000000
3.911966,960.000000
4.031642,960.000000
4.253516,960.000000
4.495006,960.000000
5.067123,960.000000
5.017487,960.000000
4.653094,960.000000
4.791476,960.000000
3.799677,960.000000
4.580684,960.000000
4.476917,960.000000
4.281959,960.000000
4.260636,960.000000
3.676061,960.000000
3.033839,960.000000
2.957371,960.000000
2.788116,960.000000
2.794814,960.000000
2.739555,960.000000
2.412836,960.000000
2.344872,960.000000
1.781440,960.000000
1.762483,960.000000
1.575750,960.000000
1.605975,960.000000
1.632906,960.000000
1.449536,960.000000
1.351552,960.000000
1.132962,960.000000
1.058804,960.000000
1.164434,960.000000
1.345106,960.000000
1.173756,960.000000
1.151081,960.000000
1.280971,960.000000
1.231053,960.000000
1.314732,960.000000
1.334504,960.000000
1.562393,960.000000
1.538968,960.000000
1.758719,960.000000
1.423421,960.000000
1.675082,960.000000
1.573708,960.000000
1.447418,960.000000
1.882678,960.000000
1.856704,960.000000
1.900023,960.000000
1.887756,960.000000
1.795844,960.000000
1.627870,960.000000
1.781074,960.000000
1.855336,960.000000
1.800229,960.000000
1.747877,960.000000
1.728452,960.000000
1.620669,960.000000
1.682153,960.000000
1.649996,960.000000
1.718192,960.000000
1.534289,960.000000
1.817213,960.000000
1.586653,960.000000
1.439265,960.000000
1.655063,960.000000
1.513691,960.000000
1.589556,960.000000
1.869489,960.000000
1.710055,960.000000
1.608741,960.000000
1.694588,960.000000
1.437281,960.000000
1.657227,960.000000
1.808424,960.000000
1.622826,960.000000
1.565376,960.000000
1.698847,960.000000
1.549143,960.000000
1.609549,960.000000
1.601705,960.000000
1.583849,960.000000
1.555528,960.000000
1.796298,960.000000
1.613359,960.000000
1.485621,960.000000
1.652682,960.000000
1.588501,960.000000
1.731454,960.000000
1.895928,960.000000
1.825316,960.000000
1.718211,960.000000
1.667094,960.000000
1.557292,960.000000
1.702622,960.000000
2.089111,960.000000
1.886324,960.000000
1.997036,960.000000
1.995337,960.000000
1.949091,960.000000
2.161224,960.000000
2.368251,960.000000
2.368686,960.000000
2.402485,960.000000
2.790783,960.000000
2.497417,960.000000
2.612415,960.000000
2.599097,960.000000
2.633052,960.000000
2.923309,960.000000
3.500863,960.000000
3.584607,960.000000
3.299935,960.000000
3.051759,960.000000
2.906673,960.000000
3.410967,960.000000
3.642334,960.000000
3.438469,960.000000
3.487362,960.000000
3.398723,960.000000
3.357331,960.000000
3.495671,960.000000
3.833354,960.000000
3.903017,960.000000
3.920564,960.000000
4.297601,960.000000
4.133836,960.000000
3.947342,960.000000
4.017539,960.000000
4.130430,960.000000
4.460315,960.000000
4.846735,960.000000
4.376739,960.000000
4.307731,960.000000
4.399681,960.000000
3.917440,960.000000
4.095324,960.000000
4.252552,960.000000
4.288587,960.000000
4.119222,960.000000
3.898510,960.000000
3.335399,960.000000
3.479712,960.000000
3.347342,960.000000
3.283088,960.000000
3.398768,960.000000
3.331120,960.000000
2.928056,960.000000
2.521167,960.000000
2.622942,960.000000
2.306139,960.000000
2.510747,960.000000
2.658836,960.000000
2.556589,960.000000
2.357626,960.000000
2.184821,960.000000
2.035997,960.000000
2.296447,960.000000
2.567808,960.000000
2.319941,960.000000
2.430082,960.000000
2.325644,960.000000
2.145856,960.000000
2.237066,960.000000
2.271627,960.000000
2.631959,960.000000
2.371356,960.000000
2.664333,960.000000
2.701279,960.000000
2.479280,960.000000
2.354038,960.000000
2.229839,960.000000
2.452860,960.000000
2.603870,960.000000
2.953985,960.000000
2.457965,960.000000
2.626271,960.000000
2.264442,960.000000
2.480240,960.000000
2.360571,960.000000
2.333054,960.000000
2.279601,960.000000
1.916115,960.000000
1.844562,960.000000
1.614601,960.000000
1.581719,960.000000
1.613835,960.000000
1.646163,960.000000
1.473910,960.000000
1.478230,960.000000
1.161470,960.000000
1.058769,960.000000
0.998718,960.000000
0.992177,960.000000
1.049634,960.000000
0.897614,960.000000
0.828674,960.000000
0.814217,960.000000
0.760402,960.000000
0.934266,960.000000
0.899004,960.000000
0.897088,960.000000
0.915946,960.000000
0.876421,960.000000
0.899808,960.000000
0.996550,960.000000
0.936320,960.000000
1.114642,960.000000
1.213182,960.000000
1.249168,960.000000
1.177284,960.000000
1.146479,960.000000
1.204881,960.000000
1.233883,960.000000
1.381103,960.000000
1.493968,960.000000
1.468501,960.000000
1.331681,960.000000
1.298335,960.000000
1.272102,960.000000
1.397668,960.000000
1.633085,960.000000
1.466744,960.000000
1.497648,960.000000
1.519523,960.000000
1.550854,960.000000
1.563186,960.000000
1.603495,960.000000
1.691392,960.000000
1.744723,960.000000
1.756575,960.000000
1.803201,960.000000
1.797246,960.000000
1.711092,960.000000
1.831480,960.000000
1.886363,960.000000
2.138932,960.000000
2.161522,960.000000
2.038185,960.000000
1.911139,960.000000
1.893034,960.000000
2.104717,960.000000
2.171352,960.000000
2.200379,960.000000
2.090326,960.000000
1.919360,960.000000
1.810689,960.000000
1.918562,960.000000
1.974939,960.000000
1.955294,960.000000
2.081986,960.000000
1.922424,960.000000
1.995874,960.000000
1.756207,960.000000
1.765571,960.000000
1.707795,960.000000
1.850276,960.000000
2.006369,960.000000
1.962893,960.000000
1.753376,960.000000
1.803255,960.000000
1.584535,960.000000
1.525919,960.000000
1.875708,960.000000
1.746037,960.000000
1.789463,960.000000
1.514691,960.000000
1.584680,960.000000
1.493270,960.000000
1.463360,960.000000
1.607136,960.000000
1.691792,960.000000
1.744738,960.000000
1.486638,960.000000
1.350193,960.000000
1.434887,960.000000
1.401161,960.000000
1.440552,960.000000
1.562759,960.000000
1.594311,960.000000
1.440316,960.000000
1.376393,960.000000
1.348191,960.000000
1.525984,960.000000
1.496185,960.000000
1.442761,960.000000
1.469148,960.000000
1.452694,960.000000
1.341532,960.000000
1.570182,960.000000
1.567049,960.000000
1.494164,960.000000
1.617004,960.000000
1.519351,960.000000
1.642196,960.000000
1.511619,960.000000
1.473251,960.000000
1.567263,960.000000
1.645130,960.000000
1.905053,960.000000
1.624721,960.000000
1.558747,960.000000
1.457247,960.000000
1.498458,960.000000
1.666180,960.000000
1.854704,960.000000
1.781880,960.000000
1.642841,960.000000
1.844496,960.000000
1.508322,960.000000
1.794694,960.000000
1.817872,960.000000
1.829936,960.000000
1.954553,960.000000
2.164578,960.000000
1.926302,960.000000
1.790529,960.000000
1.888297,960.000000
1.933809,960.000000
2.315491,960.000000
2.352724,960.000000
2.367589,960.000000
2.211496,960.000000
1.940181,960.000000
2.039824,960.000000
2.122226,960.000000
2.421235,960.000000
2.179371,960.000000
2.147589,960.000000
2.130340,960.000000
2.134508,960.000000
2.083510,960.000000
2.122925,960.000000
2.417052,960.000000
2.405350,960.000000
2.494353,960.000000
2.586795,960.000000
2.459091,960.000000
2.442946,960.000000
2.295923,960.000000
2.423286,960.000000
2.725016,960.000000
2.583284,960.000000
2.645953,960.000000
2.571563,960.000000
2.143964,960.000000
2.504848,960.000000
2.570688,960.000000
2.359914,960.000000
2.429502,960.000000
2.395165,960.000000
2.104258,960.000000
2.350543,960.000000
2.293890,960.000000
2.240050,960.000000
2.210492,960.000000
2.386439,960.000000
2.161839,960.000000
2.022174,960.000000
2.082142,960.000000
2.026965,960.000000
2.185552,960.000000
2.254953,960.000000
2.008443,960.000000
2.113779,960.000000
1.913939,960.000000
1.708009,960.000000
1.988421,960.000000
2.014529,960.000000
1.899066,960.000000
1.916292,960.000000
1.708070,960.000000
1.469614,960.000000
1.577158,960.000000
1.493759,960.000000
1.586147,960.000000
1.622467,960.000000
1.739329,960.000000
1.449080,960.000000
1.348829,960.000000
1.323301,960.000000
1.297586,960.000000
1.436503,960.000000
1.438337,960.000000
1.450466,960.000000
1.361417,960.000000
1.261954,960.000000
1.214875,960.000000
1.442302,960.000000
1.584500,960.000000
1.526152,960.000000
1.480105,960.000000
1.468735,960.000000
1.575492,960.000000
1.820844,960.000000
2.031561,960.000000
2.066712,960.000000
2.043083,960.000000
2.343299,960.000000
2.264638,960.000000
2.150263,960.000000
2.154019,960.000000
2.320782,960.000000
2.576736,960.000000
2.864727,960.000000
2.824976,960.000000
2.653773,960.000000
2.785347,960.000000
2.385048,960.000000
2.734567,960.000000
2.881754,960.000000
2.976056,960.000000
2.898724,960.000000
2.748205,960.000000
2.412758,960.000000
2.617316,960.000000
2.598558,960.000000
2.616139,960.000000
2.872689,960.000000
2.947648,960.000000
2.862805,960.000000
2.776644,960.000000
2.781703,960.000000
2.606512,960.000000
2.896593,960.000000
3.001714,960.000000
3.054924,960.000000
3.005019,960.000000
2.901387,960.000000
2.661525,960.000000
3.003284,960.000000
3.329827,960.000000
3.147576,960.000000
3.206952,960.000000
3.017431,960.000000
3.163194,960.000000
3.194952,960.000000
3.450467,960.000000
4.084893,960.000000
3.904125,960.000000
4.459951,960.000000
4.179436,960.000000
4.006599,960.000000
3.971329,960.000000
4.098513,960.000000
4.521937,960.000000
5.034830,960.000000
5.162002,960.000000
4.610306,960.000000
4.939492,960.000000
4.069375,960.000000
4.697945,960.000000
4.215546,960.000000
4.158718,960.000000
4.088255,960.000000
3.704606,960.000000
3.198326,960.000000
2.952874,960.000000
2.771869,960.000000
2.674006,960.000000
2.714135,960.000000
2.320316,960.000000
2.488347,960.000000
1.823740,960.000000
1.804623,960.000000
1.539668,960.000000
1.470657,960.000000
1.560352,960.000000
1.449351,960.000000
1.254561,960.000000
1.211788,960.000000
1.000205,960.000000
1.217007,960.000000
1.399965,960.000000
1.155556,960.000000
1.305357,960.000000
1.188236,960.000000
1.255153,960.000000
1.361008,960.000000
1.353146,960.000000
1.488185,960.000000
1.559870,960.000000
1.767638,960.000000
1.661068,960.000000
1.644641,960.000000
1.539638,960.000000
1.639945,960.000000
1.771401,960.000000
1.843075,960.000000
1.847155,960.000000
1.877023,960.000000
1.754820,960.000000
1.468094,960.000000
1.678447,960.000000
1.943176,960.000000
1.899311,960.000000
1.811186,960.000000
1.690015,960.000000
1.579843,960.000000
1.583454,960.000000
1.580860,960.000000
1.711176,960.000000
1.595805,960.000000
1.827598,960.000000
1.610819,960.000000
1.521640,960.000000
1.615881,960.000000
1.517560,960.000000
1.693988,960.000000
1.971867,960.000000
1.778686,960.000000
1.593310,960.000000
1.579121,960.000000
1.326308,960.000000
1.560627,960.000000
1.833382,960.000000
1.732356,960.000000
1.689782,960.000000
1.744627,960.000000
1.475723,960.000000
1.561987,960.000000
1.594510,960.000000
1.644774,960.000000
1.616034,960.000000
1.787041,960.000000
1.477324,960.000000
1.475318,960.000000
1.640637,960.000000
1.653722,960.000000
1.661508,960.000000
1.827553,960.000000
1.843155,960.000000
1.673507,960.000000
1.701591,960.000000
1.509793,960.000000
1.768746,960.000000
1.896025,960.000000
1.993846,960.000000
1.906241,960.000000
2.125660,960.000000
1.991156,960.000000
2.120277,960.000000
2.236237,960.000000
2.360629,960.000000
2.554463,960.000000
2.657067,960.000000
2.536102,960.000000
2.582034,960.000000
2.739850,960.000000
2.544729,960.000000
3.120734,960.000000
3.348085,960.000000
3.342755,960.000000
3.201478,960.000000
2.999250,960.000000
3.166384,960.000000
3.429516,960.000000
3.702401,960.000000
3.616867,960.000000
3.585960,960.000000
3.490940,960.000000
3.380516,960.000000
3.404752,960.000000
3.885733,960.000000
3.897409,960.000000
3.905592,960.000000
4.308404,960.000000
3.991497,960.000000
3.838074,960.000000
3.910616,960.000000
3.823049,960.000000
4.272565,960.000000
4.978999,960.000000
4.724256,960.000000
4.459439,960.000000
4.351189,960.000000
3.791259,960.000000
4.408407,960.000000
4.310613,960.000000
4.214385,960.000000
4.160816,960.000000
3.779156,960.000000
3.420794,960.000000
3.262271,960.000000
3.320807,960.000000
3.361689,960.000000
3.282901,960.000000
3.192515,960.000000
3.105109,960.000000
2.401675,960.000000
2.703893,960.000000
2.481857,960.000000
2.608128,960.000000
2.805056,960.000000
2.613541,960.000000
2.375639,960.000000
2.221800,960.000000
2.028592,960.000000
2.147188,960.000000
2.514441,960.000000
2.468974,960.000000
2.424769,960.000000
2.241490,960.000000
2.201777,960.000000
2.276699,960.000000
2.243270,960.000000
2.698881,960.000000
2.370581,960.000000
2.756316,960.000000
2.436509,960.000000
2.443554,960.000000
2.236107,960.000000
2.239664,960.000000
2.520561,960.000000
2.762329,960.000000
2.879619,960.000000
2.631978,960.000000
2.564430,960.000000
2.346772,960.000000
2.420540,960.000000
2.327063,960.000000
2.240741,960.000000
2.364304,960.000000
1.953690,960.000000
1.831797,960.000000
1.693843,960.000000
1.632064,960.000000
1.506133,960.000000
1.629042,960.000000
1.491352,960.000000
1.368202,960.000000
1.089559,960.000000
1.143641,960.000000
0.861743,960.000000
1.072685,960.000000
1.011494,960.000000
0.941302,960.000000
0.872104,960.000000
0.857204,960.000000
0.757660,960.000000
0.859791,960.000000
0.816830,960.000000
0.869594,960.000000
0.916324,960.000000
0.920531,960.000000
0.964461,960.000000
0.976152,960.000000
1.025346,960.000000
1.222680,960.000000
1.134174,960.000000
1.192010,960.000000
1.100856,960.000000
1.175036,960.000000
1.219471,960.000000
1.271153,960.000000
1.260563,960.000000
1.534526,960.000000
1.381799,960.000000
1.291248,960.000000
1.415216,960.000000
1.363071,960.000000
1.376783,960.000000
1.615690,960.000000
1.633176,960.000000
1.555481,960.000000
1.391678,960.000000
1.382246,960.000000
1.524570,960.000000
1.529743,960.000000
1.748845,960.000000
1.794185,960.000000
1.806567,960.000000
1.887162,960.000000
1.741655,960.000000
39.084134,960.000000
28.884297,960.000000
35.276559,960.000000
48.929357,960.000000
52.330058,960.000000
44.936076,960.000000
25.402941,960.000000
55.174708,960.000000
61.380464,960.000000
102.442442,960.000000
21.565504,960.000000
39.357561,960.000000
36.163629,960.000000
35.046593,960.000000
67.466905,960.000000
93.209529,960.000000
49.048673,960.000000
56.399861,960.000000
15.950861,960.000000
27.517564,960.000000
24.432283,960.000000
