2,20,0,0,4474040,0.812646
3,8,2,1,2,0.752061
2,14,2,0,2,0.487195
3,12,20,3,2,0.403850
3,19,0,3,2,0.332051
3,1,20,0,1,0.309604
2,3,2,3,1,0.246877
3,4,11,0,2,0.232201
3,8,2,0,2,0.209670
0,3,2,3,2,0.231040
3,20,6,0,3,0.224796
3,10,10,2,2,0.175794
2,12,3,2,2,0.182004
2,2,3,2,2,0.208620
3,19,19,2,1,0.158112
0,2,3,2,1,0.169452
3,20,16,0,1,0.164707
2,11,3,2,1,0.157308
2,14,1,0,1,0.152386
2,14,3,3,1,0.146905
2,17,2,0,1,0.134493
0,2,3,3,1,0.136892
0,2,1,0,1,0.132019
2,7,2,0,1,0.112966
0,1,3,2,1,0.116722
2,20,1,0,1,0.110645
3,16,4,3,2,0.128687
2,16,2,0,2,0.105910
0,2,2,0,2,0.094594
2,3,2,0,2,0.097615
3,10,0,3,3,0.107096
3,11,11,0,2,0.084697
2,0,1,0,2,0.094474
2,12,2,0,2,0.085151
0,3,2,0,2,0.084381
3,2,17,0,2,0.077621
3,7,3,2,3,0.084252
0,3,1,0,3,0.082482
2,9,2,2,3,0.076854
2,14,2,2,3,0.081260
2,8,2,2,3,0.078669
3,18,18,2,3,0.073729
3,5,11,2,2,0.075268
2,5,2,2,2,0.089950
0,0,2,2,2,0.068478
2,4,3,1,2,0.067516
3,17,20,1,1,0.074725
3,10,15,3,3,0.072326
3,19,15,1,3,0.070775
3,1,1,1,1,0.066127
0,1,3,1,1,0.061348
3,9,10,0,0,0.061358
3,16,1,0,2,0.054814
3,19,15,3,3,0.063537
3,15,18,1,1,0.069177
3,16,4,3,1,0.057396
3,15,18,0,1,0.067665
3,10,20,1,3,0.062750
2,17,1,0,3,0.055451
3,19,0,0,2,0.062710
3,19,0,3,1,0.065437
3,20,11,0,2,0.055126
3,3,3,3,3,0.057826
2,0,1,2,3,0.065906
3,4,17,0,0,0.060310
2,2,1,2,0,0.060906
2,2,3,0,0,0.064038
2,13,3,3,0,0.057655
2,2,1,2,0,0.076594
2,12,3,0,0,0.051636
3,4,4,0,2,0.048347
2,19,3,0,2,0.046517
2,20,1,2,2,0.061355
2,13,3,0,2,0.050887
3,3,20,2,2,0.058750
2,2,3,0,2,0.050063
0,2,3,0,2,0.044373
2,17,1,0,2,0.044023
3,10,9,1,1,0.045471
2,15,1,2,1,0.050147
2,3,3,0,1,0.044494
2,3,3,0,1,0.044428
2,3,3,0,1,0.047340
3,2,17,2,3,0.047457
3,9,10,3,0,0.046971
3,9,10,2,1,0.046148
2,14,3,0,1,0.043521
2,14,3,0,1,0.051134
2,13,3,3,1,0.049351
2,18,1,2,1,0.047272
2,5,3,0,1,0.039190
3,17,20,0,1,0.036726
3,19,20,2,0,0.040850
0,1,3,0,0,0.038950
3,2,17,2,3,0.036230
3,17,20,2,3,0.039278
3,17,6,2,2,0.038796
3,1,16,2,3,0.036645
3,1,1,2,3,0.045218
3,9,11,2,2,0.032889
3,2,17,2,2,0.051562
3,2,17,0,2,0.037365
2,16,1,2,2,0.039369
2,16,1,0,2,0.040101
3,4,16,2,3,0.031619
2,1,1,0,3,0.033845
2,1,1,2,3,0.044914
2,15,2,0,3,0.032219
3,19,15,1,0,0.042146
2,20,2,0,0,0.034388
3,17,4,1,0,0.044213
3,3,20,0,0,0.037363
2,3,2,0,0,0.042387
3,19,9,0,2,0.032385
3,3,3,1,2,0.044202
0,1,1,2,2,0.034752
2,1,2,0,2,0.032505
2,14,2,0,2,0.033810
2,14,2,0,2,0.036408
3,10,5,0,3,0.033077
2,2,2,0,3,0.037237
3,10,9,0,0,0.032204
3,16,4,0,0,0.031506
2,20,2,0,0,0.036305
2,11,2,1,0,0.037108
3,10,9,0,0,0.035204
3,0,10,2,2,0.074961
2,0,2,0,2,0.045264
3,10,20,0,0,0.051059
0,2,2,0,0,0.033459
2,19,2,1,0,0.024708
3,19,15,0,2,0.041998
2,3,2,1,2,0.028958
2,20,1,0,2,0.037986
2,13,2,1,2,0.033269
3,19,0,0,1,0.034896
2,13,2,1,1,0.027144
2,19,2,1,1,0.031178
2,8,1,0,1,0.034172
2,7,2,1,1,0.024706
2,17,2,1,1,0.028856
2,9,2,1,1,0.025554
2,12,1,0,1,0.032320
3,10,9,0,1,0.023643
3,9,10,1,3,0.030344
3,10,5,1,3,0.030772
3,10,9,0,1,0.028239
2,13,2,1,1,0.027998
2,14,1,0,1,0.029063
0,0,2,1,1,0.024200
3,20,17,0,3,0.023724
2,2,1,0,3,0.026407
2,3,1,0,3,0.025433
2,11,1,0,3,0.024367
3,1,16,0,3,0.029097
2,1,1,0,3,0.025994
2,20,1,0,3,0.030049
2,20,1,0,3,0.030490
2,3,1,0,3,0.025388
0,0,1,0,3,0.023252
3,10,20,2,3,0.023185
2,10,2,2,3,0.023973
3,19,15,2,0,0.022129
2,19,2,2,0,0.029278
3,15,19,0,2,0.024095
3,10,9,1,3,0.025993
0,1,1,0,3,0.023799
2,19,2,1,3,0.026026
2,18,1,1,3,0.027695
2,3,2,1,3,0.023168
2,15,2,2,3,0.024411
2,1,2,1,3,0.022282
2,20,1,1,3,0.026250
2,13,2,1,3,0.025366
2,10,1,1,3,0.026671
2,11,2,1,3,0.022322
2,16,2,2,3,0.024326
2,6,2,2,3,0.020879
0,0,2,2,3,0.020990
3,5,11,1,2,0.021244
2,5,1,1,2,0.020014
3,15,19,1,0,0.024534
2,16,1,1,0,0.024092
2,8,2,1,0,0.023127
2,0,1,1,0,0.022806
3,20,11,2,1,0.019943
2,14,2,1,1,0.019944
2,14,1,1,1,0.026742
3,20,17,2,1,0.018834
3,17,4,1,2,0.022399
3,4,4,1,3,0.024833
2,20,1,1,3,0.019150
2,11,2,1,3,0.021977
3,18,18,1,1,0.019060
3,5,11,1,2,0.018502
2,13,2,1,2,0.023318
2,10,1,1,2,0.021847
3,20,17,1,2,0.021159
3,5,11,1,2,0.020011
2,14,2,1,2,0.020004
2,5,2,1,2,0.022712
2,9,1,1,2,0.018010
2,12,2,1,2,0.019437
2,2,1,1,2,0.017946
0,3,1,1,2,0.016748
3,19,15,0,0,0.016105
2,19,2,1,0,0.022837
3,19,0,0,1,0.020161
2,19,2,1,1,0.021476
3,19,9,0,2,0.021500
2,9,2,1,2,0.022301
2,17,1,0,2,0.023480
2,19,2,1,2,0.019618
3,19,15,0,0,0.022401
0,3,2,1,0,0.019588
2,18,1,0,0,0.021347
2,6,2,1,0,0.021093
2,16,1,0,0,0.021809
2,16,2,1,0,0.020497
3,16,4,1,1,0.020118
2,19,2,1,1,0.022964
0,1,1,0,1,0.019258
2,3,2,1,1,0.018383
3,19,0,1,1,0.019834
2,17,2,1,1,0.017044
3,17,20,1,3,0.019640
2,17,2,1,3,0.018561
3,16,4,1,1,0.018069
0,3,2,1,1,0.017821
2,10,1,2,1,0.015989
3,9,10,1,2,0.018062
3,9,10,0,2,0.018958
2,20,2,1,2,0.014906
3,17,20,2,1,0.017117
2,17,2,1,1,0.016624
2,17,1,0,1,0.019502
2,3,1,0,1,0.015136
0,3,2,1,1,0.019616
2,2,1,2,1,0.018690
2,14,2,2,1,0.018737
2,2,1,2,1,0.019308
2,9,2,2,1,0.015308
2,10,1,2,1,0.019237
2,13,2,2,1,0.019866
2,20,1,2,1,0.019221
2,1,2,2,1,0.018048
3,1,16,2,3,0.018934
3,1,16,2,3,0.018305
2,1,1,0,3,0.018011
2,1,2,2,3,0.018989
3,1,16,0,3,0.017167
3,1,16,0,3,0.014492
3,1,16,0,3,0.021362
2,1,1,0,3,0.015418
2,4,1,0,3,0.015705
3,1,16,2,3,0.016176
2,10,1,2,3,0.016940
2,6,2,2,3,0.019373
2,10,1,2,3,0.018694
2,8,2,2,3,0.018251
2,18,1,2,3,0.017954
2,1,2,2,3,0.017375
2,13,1,2,3,0.017727
2,18,1,0,3,0.013888
3,18,18,2,2,0.014377
2,13,2,2,2,0.013326
2,10,1,2,2,0.017931
2,6,2,2,2,0.017691
3,19,0,2,1,0.017660
2,19,1,0,1,0.015736
2,2,1,2,1,0.018705
2,13,2,2,1,0.014982
0,1,1,2,1,0.017325
2,9,1,0,1,0.014114
2,18,1,0,1,0.013577
2,17,1,0,1,0.013746
3,17,20,0,3,0.014241
3,19,0,0,1,0.013030
3,19,15,2,2,0.014312
2,20,2,2,2,0.015663
2,9,1,0,2,0.014990
2,9,2,2,2,0.016042
0,3,1,0,2,0.017177
3,18,18,0,1,0.012454
2,3,1,0,1,0.012756
3,3,3,1,2,0.016592
2,19,1,2,2,0.012229
3,19,15,0,0,0.021809
3,0,10,0,2,0.034934
3,0,10,0,2,0.029147
3,0,10,0,2,0.023955
3,0,10,0,2,0.026621
3,19,15,0,0,0.019856
2,15,1,0,0,0.018615
2,17,1,0,0,0.013605
2,19,2,2,0,0.016190
2,20,1,0,0,0.017803
2,11,1,0,0,0.016199
2,11,1,0,0,0.016512
2,11,1,0,0,0.014836
2,0,1,0,0,0.013366
2,7,2,2,0,0.013419
2,16,1,0,0,0.013385
3,1,16,2,3,0.014292
2,16,2,2,3,0.014111
0,1,1,0,3,0.014101
2,0,2,2,3,0.014612
0,3,1,1,3,0.016690
2,3,2,2,3,0.013084
2,10,2,0,3,0.016217
2,8,1,0,3,0.016690
2,18,2,0,3,0.016052
2,13,1,0,3,0.015042
2,5,2,0,3,0.015813
2,19,2,2,3,0.013011
3,19,0,0,1,0.016280
2,5,2,2,1,0.012670
2,6,2,2,1,0.013149
2,10,2,0,1,0.015778
2,19,2,2,1,0.015663
3,9,10,0,1,0.015177
2,10,2,1,1,0.012852
2,9,2,2,1,0.012256
2,11,2,0,1,0.014454
2,11,2,2,1,0.013224
2,10,2,0,1,0.015546
2,11,2,2,1,0.014899
2,16,2,0,1,0.014557
2,6,2,2,1,0.013913
2,10,2,0,1,0.014279
2,8,2,2,1,0.014268
2,10,2,0,1,0.013675
2,14,2,2,1,0.013847
2,9,2,0,1,0.013327
2,7,2,2,1,0.012190
2,1,2,1,1,0.012144
2,20,2,0,1,0.013505
2,0,2,2,1,0.012592
2,12,2,0,1,0.013326
2,1,2,1,1,0.011923
2,16,2,1,1,0.011971
0,2,2,1,1,0.011636
0,3,2,2,1,0.011111
2,3,1,2,1,0.011776
2,3,1,0,1,0.010473
2,14,1,2,1,0.010180
2,14,2,0,1,0.014439
2,14,1,0,1,0.011898
2,14,2,2,1,0.014915
2,14,1,2,1,0.011527
2,14,2,2,1,0.010403
2,17,2,2,1,0.009565
2,17,2,2,1,0.011724
2,17,1,0,1,0.011562
3,1,16,0,3,0.013515
3,1,16,0,3,0.012591
2,16,2,2,3,0.012797
2,18,1,0,3,0.011472
2,13,1,0,3,0.013036
2,10,1,0,3,0.013094
2,6,2,1,3,0.013084
2,2,1,0,3,0.012894
2,9,2,2,3,0.010469
2,16,1,0,3,0.012416
2,11,1,0,3,0.012327
0,1,1,0,3,0.012668
2,19,1,0,3,0.011288
2,10,1,2,3,0.012524
2,8,1,0,3,0.012510
3,9,10,2,1,0.012289
3,9,10,2,1,0.011789
2,8,2,0,1,0.010678
2,8,2,1,1,0.011076
0,0,2,2,1,0.010234
2,19,2,0,1,0.008642
2,19,2,0,1,0.011458
3,19,0,0,1,0.012577
3,19,0,1,1,0.010699
2,0,2,0,1,0.011687
2,0,2,1,1,0.010681
2,0,2,1,1,0.011317
2,8,2,1,1,0.010826
0,2,2,0,1,0.010110
2,0,2,1,1,0.009104
0,3,2,1,1,0.010906
0,1,1,2,1,0.011515
2,18,1,0,1,0.008978
3,18,18,0,1,0.010141
2,18,1,0,1,0.008695
2,3,1,0,1,0.009912
2,18,1,0,1,0.011777
2,6,1,0,1,0.011709
2,10,1,0,1,0.012231
2,11,1,0,1,0.012063
2,12,1,0,1,0.011944
2,1,1,0,1,0.010645
2,5,1,0,1,0.011453
2,1,1,0,1,0.009985
3,19,0,0,1,0.009038
3,19,0,0,1,0.009299
3,19,0,0,1,0.010644
2,1,1,0,1,0.010379
2,1,1,0,1,0.010443
2,13,1,0,1,0.012167
3,19,0,0,1,0.011599
2,11,1,0,1,0.008708
2,19,1,0,1,0.009987
2,15,1,0,1,0.011851
3,1,16,0,3,0.010616
3,1,16,0,3,0.012296
2,2,1,0,3,0.008989
2,6,1,0,3,0.010628
2,10,1,0,3,0.011596
2,11,1,0,3,0.011563
3,9,10,0,1,0.011422
2,0,1,0,1,0.009404
3,1,16,0,3,0.009014
2,17,2,1,3,0.010148
2,0,1,0,3,0.008877
2,2,2,1,3,0.011579
2,19,1,0,3,0.010731
2,16,1,0,3,0.011266
2,14,1,0,3,0.010883
2,10,1,0,3,0.010790
2,6,1,0,3,0.010992
2,4,1,0,3,0.010746
2,0,1,0,3,0.010070
2,10,1,0,3,0.010558
2,11,1,0,3,0.010665
2,3,1,0,3,0.010414
3,9,10,0,1,0.008349
2,3,1,0,1,0.009290
3,3,3,0,2,0.011366
2,3,1,0,2,0.011672
3,3,3,0,2,0.011401
3,9,10,0,1,0.009054
2,17,1,0,1,0.008253
2,17,1,0,1,0.009133
3,17,20,1,3,0.012504
3,17,20,0,3,0.010867
2,1,1,0,3,0.011776
2,17,2,1,3,0.010770
2,2,1,0,3,0.007845
2,5,1,0,3,0.008105
2,11,1,0,3,0.008032
2,11,1,0,3,0.009345
2,11,1,0,3,0.010202
2,1,2,1,3,0.010416
2,20,1,0,3,0.009143
2,20,1,0,3,0.008649
2,13,1,0,3,0.010048
2,10,1,0,3,0.010295
2,5,1,0,3,0.010347
2,18,1,0,3,0.009539
2,8,1,0,3,0.009590
2,8,1,0,3,0.009902
2,8,1,0,3,0.008227
2,8,1,0,3,0.009681
0,1,1,0,3,0.007851
3,9,10,0,1,0.008018
2,9,1,1,1,0.009178
2,9,1,0,1,0.010101
2,10,2,1,1,0.010948
2,9,1,0,1,0.010004
2,6,1,0,1,0.009385
2,6,1,0,1,0.008629
2,16,2,1,1,0.009868
2,19,1,0,1,0.009330
2,10,1,0,1,0.009172
2,6,1,0,1,0.009498
2,2,2,1,1,0.009399
2,3,1,0,1,0.009039
2,13,1,0,1,0.009177
2,6,1,0,1,0.007974
3,1,16,0,3,0.007720
2,1,1,0,3,0.008854
2,1,1,0,3,0.008014
2,5,1,0,3,0.008243
2,6,1,0,3,0.008436
0,3,1,0,3,0.007546
0,3,1,0,3,0.007587
2,9,2,1,3,0.010014
2,9,2,0,3,0.008706
2,17,2,1,3,0.009774
2,17,2,0,3,0.008413
2,3,1,1,3,0.007167
3,3,3,1,2,0.008387
2,3,2,1,2,0.009205
2,13,2,0,2,0.008496
2,20,2,1,2,0.009694
2,20,2,0,2,0.009427
2,10,2,1,2,0.009622
2,13,2,0,2,0.009222
2,13,2,1,2,0.009167
2,14,1,1,2,0.007247
2,14,2,1,2,0.009029
2,17,1,1,2,0.007059
2,12,1,1,2,0.007658
2,12,1,1,2,0.008365
2,11,2,0,2,0.008696
1,0.300000
1,0.900000
0,0.100000
1,0.500000
1,0.500000
0,0.200000
1,0.500000
0,0.200000
0,0.200000
1,0.500000
0,0.200000
1,0.500000
1,0.500000
1,0.400000
1,0.400000
1,0.400000
0,0.200000
1,0.500000
0,0.200000
1,0.400000
0,0.200000
1,0.400000
0,0.100000
0,0.200000
1,0.300000
0,0.100000
1,0.500000
0,0.100000
0,0.200000
0,0.100000
1,0.500000
0,0.100000
0,0.100000
0,0.100000
0,0.100000
0,0.100000
1,0.100000
0,0.100000
1,0.100000
1,0.100000
1,0.100000
1,0.100000
1,0.100000
1,0.100000
1,0.100000
0,0.100000
0,0.100000
1,0.500000
0,0.100000
0,0.100000
0,0.100000
0,0.300000
0,0.200000
1,0.500000
0,0.100000
1,0.500000
0,0.300000
0,0.100000
0,0.200000
0,0.300000
1,0.500000
0,0.300000
1,0.300000
0,0.300000
0,0.100000
0,0.300000
0,0.100000
1,0.500000
0,0.300000
0,0.100000
0,0.100000
0,0.100000
0,0.300000
0,0.100000
0,0.300000
0,0.100000
0,0.100000
0,0.300000
1,0.500000
0,0.300000
0,0.100000
0,0.100000
0,0.100000
0,0.300000
1,0.500000
0,0.300000
0,0.100000
0,0.100000
1,0.500000
0,0.300000
0,0.100000
0,0.100000
0,0.300000
0,0.100000
0,0.300000
0,0.300000
0,0.300000
0,0.300000
0,0.300000
0,0.300000
0,0.400000
0,0.300000
0,0.300000
0,0.200000
0,0.300000
0,0.300000
0,0.300000
0,0.300000
1,0.400000
0,0.400000
1,0.400000
0,0.300000
0,0.300000
0,0.300000
1,0.400000
0,0.300000
0,0.300000
0,0.300000
0,0.300000
0,0.300000
0,0.400000
0,0.300000
0,0.300000
0,0.400000
1,0.400000
0,0.400000
1,0.100000
0,0.400000
0,0.300000
0,0.300000
0,0.100000
0,0.200000
0,0.100000
0,0.200000
1,0.400000
0,0.200000
0,0.100000
1,0.400000
0,0.200000
0,0.100000
0,0.100000
0,0.100000
0,0.200000
0,0.300000
0,0.100000
1,0.400000
0,0.300000
1,0.400000
0,0.300000
0,0.100000
0,0.300000
0,0.300000
0,0.300000
0,0.300000
0,0.200000
0,0.300000
0,0.200000
0,0.300000
0,0.200000
0,0.300000
1,0.100000
1,0.100000
1,0.100000
1,0.100000
0,0.200000
1,0.400000
0,0.200000
1,0.400000
0,0.400000
1,0.400000
1,0.100000
1,0.400000
0,0.400000
1,0.400000
0,0.400000
1,0.400000
1,0.100000
1,0.100000
1,0.100000
0,0.400000
0,0.100000
1,0.400000
0,0.400000
1,0.400000
0,0.400000
1,0.100000
1,0.400000
0,0.100000
1,0.100000
1,0.400000
1,0.400000
0,0.400000
1,0.400000
0,0.100000
0,0.100000
1,0.400000
0,0.400000
1,0.400000
0,0.100000
0,0.100000
1,0.400000
0,0.400000
1,0.400000
0,0.100000
0,0.100000
0,0.200000
1,0.400000
0,0.200000
1,0.400000
0,0.200000
1,0.400000
0,0.200000
1,0.400000
0,0.200000
1,0.400000
0,0.200000
1,0.400000
0,0.200000
0,0.100000
0,0.100000
1,0.400000
0,0.200000
1,0.400000
0,0.100000
0,0.100000
0,0.100000
0,0.100000
0,0.100000
0,0.100000
0,0.400000
1,0.400000
0,0.100000
1,0.400000
0,0.400000
1,0.400000
0,0.100000
0,0.100000
1,0.400000
0,0.400000
1,0.300000
0,0.400000
1,0.300000
0,0.400000
1,0.300000
0,0.400000
1,0.300000
0,0.400000
1,0.300000
0,0.100000
1,0.300000
0,0.100000
0,0.100000
0,0.100000
0,0.100000
0,0.100000
1,0.300000
0,0.400000
1,0.300000
0,0.400000
1,0.300000
0,0.400000
1,0.300000
0,0.400000
0,0.100000
1,0.300000
1,0.300000
0,0.400000
1,0.300000
0,0.400000
0,0.100000
0,0.400000
1,0.300000
0,0.400000
0,0.100000
0,0.100000
0,0.100000
0,0.100000
0,0.100000
1,0.300000
1,0.300000
0,0.100000
1,0.300000
0,0.100000
0,0.200000
0,0.200000
1,0.200000
1,0.100000
0,0.200000
1,0.300000
0,0.200000
1,0.300000
0,0.200000
0,0.200000
1,0.300000
0,0.200000
1,0.300000
0,0.200000
1,0.300000
0,0.200000
1,0.300000
0,0.200000
1,0.300000
0,0.200000
1,0.300000
1,0.300000
0,0.200000
1,0.300000
0,0.400000
1,0.300000
0,0.400000
1,0.300000
0,0.400000
1,0.300000
0,0.400000
1,0.300000
0,0.400000
1,0.300000
1,0.300000
0,0.400000
1,0.300000
0,0.400000
1,0.200000
1,0.300000
0,0.400000
1,0.300000
0,0.400000
1,0.300000
0,0.400000
1,0.300000
0,0.400000
1,0.300000
0,0.400000
1,0.300000
0,0.400000
1,0.300000
1,0.200000
0,0.400000
1,0.300000
0,0.400000
1,0.200000
1,0.200000
1,0.200000
1,0.300000
0,0.400000
0,0.200000
0,0.300000
0,0.200000
1,0.300000
1,0.200000
0,0.300000
1,0.200000
1,0.200000
1,0.200000
0,0.200000
1,0.300000
0,0.200000
1,0.200000
0,0.200000
1,0.300000
0,0.300000
1,0.400000
0,0.300000
1,0.200000
0,0.300000
1,0.300000
0,0.300000
1,0.300000
0,0.400000
1,0.300000
0,0.400000
1,0.200000
0,0.400000
1,0.400000
1,0.200000
0,0.400000
0,0.400000
0,0.400000
1,0.400000
0,0.400000
1,0.400000
1,0.400000
1,0.400000
0,0.400000
1,0.400000
1,0.400000
0,0.300000
1,0.300000
1,0.300000
1,0.300000
1,0.300000
0,0.100000
1,0.300000
0,0.100000
1,0.300000
0,0.100000
1,0.300000
0,0.100000
1,0.300000
0,0.100000
1,0.300000
0,0.100000
1,0.300000
0,0.100000
1,0.300000
0,0.100000
0,0.100000
1,0.300000
0,0.100000
1,0.300000
0,0.100000
1,0.300000
1,0.300000
0,0.100000
1,0.300000
0,0.100000
1,0.300000
1,0.300000
0,0.400000
1,0.300000
0,0.400000
1,0.300000
0,0.300000
1,0.300000
0,0.300000
1,0.300000
0,0.300000
1,0.300000
0,0.300000
1,0.300000
0,0.300000
1,0.300000
0,0.100000
1,0.300000
0,0.300000
1,0.300000
0,0.100000
0,0.100000
0,0.100000
0,0.400000
1,0.300000
1,0.300000
0,0.400000
0,0.100000
0,0.100000
1,0.300000
0,0.100000
1,0.300000
0,0.400000
1,0.300000
0,0.100000
1,0.300000
0,0.300000
1,0.300000
0,0.300000
1,0.300000
0,0.300000
0,0.100000
1,0.300000
0,0.100000
0,0.100000
0,0.300000
1,0.300000
0,0.400000
1,0.300000
0,0.100000
1,0.300000
0,0.400000
1,0.300000
0,0.100000
1,0.300000
0,0.400000
1,0.300000
0,0.100000
0,0.100000
0,0.100000
0,0.100000
0,0.100000
0,0.100000
1,0.300000
0,0.100000
1,0.300000
0,0.400000
1,0.500000
0,0.400000
1,0.500000
0,0.300000
0,0.300000
0,0.400000
1,0.500000
0,0.400000
1,0.500000
0,0.400000
1,0.500000
0,0.400000
0,0.100000
0,0.100000
0,0.300000
0,0.300000
0,0.300000
1,0.500000
1,1.061189
0,1.445289
0,2.375785
1,1.709324
0,1.143975
1,4.005515
0,1.327392
0,3.143057
1,1.445289
0,1.107489
1,3.774167
0,6.131086
0,1.072134
0,1.631999
0,6.896742
0,1.072134
1,2.079956
0,1.072134
1,3.203352
1,1.620675
0,1.199149
0,1.149149
1,3.303352
0,1.199149
1,1.520675
1,1.955779
1,1.520675
1,1.079284
0,3.635109
0,3.635109
0,1.107489
0,3.635109
1,1.955779
1,5.824155
0,1.146699
0,1.146699
0,1.124494
1,1.079284
1,5.581744
1,5.581744
0,1.711304
1,5.824155
0,1.071442
0,1.381623
0,6.366482
0,1.160485
1,1.902096
1,1.502737
0,1.381623
1,2.885324
0,1.339793
0,1.339793
0,1.464064
1,1.531623
1,1.079284
1,1.611195
0,1.229284
1,6.161665
0,1.350720
1,1.143975
0,1.277012
0,5.019513
1,1.402489
1,0.938134
1,1.403736
1,0.938134
1,1.539911
1,1.436151
0,3.059973
1,0.938134
0,2.706522
1,1.539911
0,3.059973
1,1.436151
0,3.059973
0,1.282710
1,1.367203
0,2.837271
1,1.436151
1,0.938134
0,2.837271
1,2.045478
1,1.367203
1,0.938134
1,1.639793
0,1.310926
1,2.868925
0,1.088134
1,2.352096
1,2.110505
1,2.868925
1,2.352096
0,6.366482
1,2.868925
0,1.088134
1,2.045478
0,1.340841
0,1.623190
1,2.868925
1,1.367891
1,0.896699
1,1.346699
0,1.413096
1,1.539911
1,1.360925
1,1.539911
1,2.110505
0,2.560505
1,1.539911
0,1.282710
1,1.394708
0,2.837271
0,1.282710
0,1.413096
1,1.367203
1,1.036151
1,1.602826
1,1.227012
1,1.302826
1,1.380331
0,1.282710
0,1.282710
1,1.602826
1,1.032710
0,1.101246
1,1.032710
1,1.443031
0,1.449775
0,5.550674
0,1.449775
0,1.167203
0,1.449775
1,1.289911
1,1.227012
0,1.101246
1,1.227012
0,2.132008
0,1.101246
1,1.323190
1,6.361665
0,2.132008
1,2.264912
1,1.323190
0,1.136151
1,1.142847
0,1.130331
1,1.036151
1,2.264912
1,1.323190
1,2.045478
1,2.256449
1,1.323190
0,1.167203
1,1.823190
1,1.323190
1,1.388364
1,1.863684
1,1.388364
1,1.895478
1,1.239911
1,6.361665
1,1.239911
1,1.289911
1,1.477650
1,1.072566
1,1.388364
1,1.221442
0,0.967203
1,1.863684
1,2.045478
1,1.895478
1,2.045478
1,1.863684
1,1.823190
1,1.118091
1,1.221442
0,2.182008
1,1.221442
1,1.221442
1,1.221442
0,2.182008
1,1.477650
0,2.182008
1,1.499775
0,2.182008
0,5.323122
1,2.045478
1,2.045478
0,2.182008
1,1.301246
0,2.285380
1,5.581744
1,2.264912
1,5.581744
0,1.571442
1,2.264912
1,1.221442
1,2.264912
1,1.221442
0,1.623190
1,1.239911
0,1.623190
0,1.473190
1,2.045478
1,1.239911
1,1.239911
1,2.045478
1,1.227012
1,2.045478
1,1.113096
1,1.823190
0,1.677012
1,1.823190
1,1.139911
1,1.823190
1,1.323190
1,1.823190
0,1.377012
1,1.611195
1,1.161195
1,1.611195
0,1.377012
1,1.611195
0,1.677012
1,1.611195
1,1.995478
0,1.623190
1,1.611195
0,1.272566
1,1.110926
0,1.218091
1,1.268091
0,1.473190
1,2.002096
1,1.823190
0,1.272566
0,1.272566
1,1.823190
1,1.323190
1,1.823190
1,1.323190
1,1.823190
1,1.323190
1,1.823190
1,1.323190
1,1.823190
1,1.323190
0,1.473190
1,1.823190
1,1.823190
1,1.373190
1,1.823190
0,1.623190
1,1.823190
0,1.272566
1,1.823190
1,1.227012
1,1.600720
1,1.227012
1,1.499775
1,1.227012
1,1.499775
1,1.227012
1,1.227012
1,5.839591
1,1.249775
1,1.227012
1,1.600720
1,1.227012
0,1.623190
0,1.377012
0,1.377012
0,1.377012
0,1.377012
0,1.377012
0,1.377012
1,1.995478
0,1.377012
1,1.249775
1,5.581744
1,5.581744
1,5.581744
0,2.295478
1,5.581744
0,1.623190
0,1.167203
0,1.623190
0,1.489911
1,1.493031
0,1.643031
1,1.493031
0,1.343031
1,1.139911
1,1.823190
1,1.110926
1,2.264912
1,1.110926
0,1.473190
1,1.110926
0,1.473190
1,1.110926
0,1.473190
1,1.110926
0,1.473190
1,1.110926
1,1.110926
1,1.823190
1,1.110926
1,1.823190
1,1.110926
1,1.823190
1,1.110926
1,1.823190
1,1.110926
1,1.823190
1,1.227012
1,1.823190
1,1.823190
1,1.110926
1,1.823190
1,1.110926
1,1.823190
1,1.823190
0,1.560926
1,1.823190
0,1.560926
1,1.823190
0,1.560926
1,1.823190
0,1.560926
1,1.823190
0,1.560926
1,1.823190
0,1.560926
1,1.823190
1,1.823190
0,1.560926
1,1.823190
0,1.560926
1,1.823190
1,1.823190
1,1.823190
1,1.823190
0,1.560926
1,1.367203
0,1.560926
0,1.560926
1,1.823190
1,1.823190
0,1.560926
0,1.560926
1,1.823190
1,1.823190
0,1.560926
1,1.823190
0,1.623190
1,1.823190
0,1.560926
1,1.823190
0,1.560926
1,1.823190
0,1.560926
1,1.823190
0,1.560926
1,1.823190
0,1.560926
1,1.823190
0,1.560926
1,1.823190
0,1.560926
1,1.360926
0,1.560926
1,1.823190
1,1.823190
0,1.310926
0,1.560926
0,1.677012
1,1.477012
0,1.560926
1,1.823190
1,1.823190
1,1.823190
0,1.560926
1,1.823190
1,1.823190
0,1.560926
0,1.377012
1,5.281744
1,1.823190
1,1.823190
0,1.677012
1,1.823190
0,1.677012
1,1.823190
0,1.677012
1,1.823190
0,1.677012
1,1.823190
0,1.377012
1,1.477012
0,1.677012
1,1.823190
1,1.227012
1,1.823190
1,1.227012
1,1.823190
1,1.823190
0,1.560926
1,1.823190
0,1.623190
1,1.823190
1,1.823190
0,1.560926
1,1.823190
0,1.560926
1,1.823190
1,1.823190
1,1.110926
1,1.360926
1,1.110926
1,1.360926
1,1.110926
1,1.360926
1,1.110926
1,1.360926
1,1.110926
1,1.360926
1,1.110926
1,1.360926
1,1.110926
1,1.360926
0,1.310926
1,1.267203
0,1.310926
0,1.017203
0,1.310926
1,1.360926
1,5.281744
0,2.295478
1,1.995478
1,1.360926
1,1.110926
1,1.360926
1,1.360926
1,1.360926
1,1.110926
1,1.360926
1,1.110926
1,1.360926
1,1.110926
1,1.360926
1,1.110926
1,1.360926
1,1.110926
1,1.360926
1,1.110926
0,1.473190
1,1.360926
1,1.110926
1,1.360926
0,1.560926
0,1.473190
0,1.560926
0,1.473190
0,1.560926
0,1.473190
0,1.560926
0,1.473190
0,1.560926
0,1.473190
0,1.560926
0,1.473190
0,1.560926
0,1.473190
0,1.473190
1,5.281744
1,1.823190
0,1.560926
1,1.823190
1,5.281744
1,5.281744
0,1.560926
1,1.823190
0,1.560926
1,1.823190
1,5.281744
1,1.267203
0,1.560926
0,0.967203
0,1.560926
0,0.967203
0,1.560926
0,0.967203
0,1.560926
0,0.967203
0,1.017203
1,5.281744
1,5.281744
1,5.281744
0,0.967203
0,0
1,4
0,5
1,3
1,4
0,0
1,3
1,1
1,4
1,4
1,1
1,2
1,4
1,2
1,0
1,4
0,8
1,3
0,8
1,5
1,3
1,5
1,1
1,1
1,4
0,1
1,5
1,1
1,1
1,1
1,5
1,4
1,4
1,4
1,4
1,1
1,3
1,2
1,4
1,5
1,1
1,3
1,3
1,2
1,3
1,3
0,1
1,7
0,8
0,0
0,8
0,8
1,1
1,5
1,0
1,5
0,1
1,1
1,5
1,0
1,1
1,1
1,3
1,2
1,6
1,0
0,2
1,7
1,1
1,3
1,2
1,4
0,1
1,8
0,4
0,2
1,2
1,2
1,4
1,3
1,2
0,3
1,5
0,8
1,6
0,1
1,5
0,8
1,6
0,1
1,3
1,3
1,1
0,1
1,1
0,1
0,1
1,1
0,0
0,5
1,1
1,2
0,5
1,3
1,2
1,2
0,1
1,1
1,4
0,1
1,2
0,7
0,3
1,2
1,4
0,7
1,2
0,7
1,5
1,1
1,1
1,0
1,4
0,1
1,4
1,2
1,0
1,2
1,1
0,2
1,4
0,2
1,8
0,2
1,8
1,0
0,2
1,3
1,0
0,1
1,2
0,0
1,1
0,3
0,2
1,5
0,2
1,5
0,8
0,2
1,5
0,4
1,2
1,5
0,1
1,5
0,1
1,0
0,3
0,2
1,5
1,0
1,5
1,1
0,2
1,4
0,2
1,4
0,2
1,5
1,2
1,5
0,2
1,8
0,3
1,5
1,0
1,3
0,5
1,3
1,2
0,3
0,7
1,8
1,3
1,2
0,3
1,5
0,7
1,2
1,2
0,1
1,2
0,2
0,2
1,8
0,4
1,3
1,2
0,7
1,6
1,2
0,2
0,2
0,4
1,0
1,1
0,7
1,2
0,7
0,0
0,7
1,3
0,3
1,2
0,3
1,8
0,5
1,3
0,1
1,3
1,0
1,8
1,0
1,5
1,0
1,2
1,0
0,6
0,2
1,6
0,4
1,0
0,2
1,4
0,3
1,0
1,6
0,6
0,0
1,0
0,0
0,6
1,8
0,2
1,6
0,6
1,2
0,1
1,2
1,0
1,0
1,0
0,0
1,0
1,8
0,6
1,8
0,6
1,8
0,3
1,6
0,3
1,0
0,1
1,7
0,6
1,8
0,6
1,2
0,6
1,8
0,3
0,4
1,0
1,4
1,2
1,2
1,0
1,0
1,2
0,0
0,2
0,3
0,3
1,2
1,1
0,1
0,0
0,2
1,8
1,3
1,3
1,8
1,1
1,5
0,2
1,5
0,3
1,2
1,3
1,3
0,4
0,0
0,1
0,3
0,0
0,6
1,8
0,6
1,8
0,3
1,8
1,1
1,2
0,4
0,4
1,8
0,6
1,5
0,6
1,0
0,0
0,3
1,4
0,6
1,6
0,8
1,8
0,6
1,8
0,6
0,0
1,2
0,2
1,6
0,2
0,0
0,6
0,1
1,2
1,5
1,5
0,3
1,2
1,5
0,6
1,5
0,4
1,5
0,6
0,3
1,4
0,7
1,8
0,5
0,1
0,3
1,8
0,6
1,8
0,5
0,0
0,8
1,6
0,6
1,5
0,6
1,8
0,6
0,0
1,0
0,1
0,0
0,0
1,1
0,6
1,7
1,3
0,6
1,5
1,4
0,8
0,6
1,8
1,0
1,0
0,0
1,0
1,7
0,3
1,8
0,6
1,6
1,0
1,6
0,8
0,0
0,1
1,2
0,3
1,2
0,3
1,8
1,1
0,1
1,2
1,1
1,6
1,1
1,1
1,8
0,6
1,6
0,8
1,5
0,3
1,1
0,0
0,7
1,5
0,8
0,0
0,6
1,8
0,5
0,0
0,6
1,6
1,0
1,5
0,3
1,4
1,0
1,4
1,2
0,3
1,5
0,7
1,5
1,5
1,2
0,2
1,3
1,2
0,3
1,4
0,3
1,0
0,1
1,8
0,6
0,0
0,3
1,8
0,3
1,0
1,4
0,3
0,0
1,2
0,0
0,6
0,0
0,4
1,8
0,8
1,4
0,6
1,8
0,7
1,8
0,3
1,1
0,0
0,1
1,2
1,1
0,0
0,4
1,3
1,1
0,0
0,7
1,5
0,3
0,3
1,0
1,8
0,2
1,3
0,6
1,8
1,0
1,5
0,4
0,3
0,3
1,1
1,6
4.422400,1920.000000
4.318192,1920.000000
4.401498,1920.000000
4.580719,1920.000000
4.414290,1920.000000
4.547560,1920.000000
4.545422,1920.000000
4.440327,1920.000000
4.233872,1920.000000
4.461084,1920.000000
4.519443,1920.000000
4.631446,1920.000000
4.596582,1920.000000
4.406786,1920.000000
4.329822,1920.000000
4.566287,1920.000000
4.520204,1920.000000
4.623332,1920.000000
4.569817,1920.000000
4.577834,1920.000000
4.401095,1920.000000
4.520669,1920.000000
4.400646,1920.000000
4.594198,1920.000000
4.549377,1920.000000
4.563036,1920.000000
4.550835,1920.000000
4.690930,1920.000000
4.644802,1920.000000
4.711319,1920.000000
4.416929,1920.000000
4.676896,1920.000000
4.721455,1920.000000
4.722133,1920.000000
4.619714,1920.000000
4.404518,1920.000000
4.648865,1920.000000
4.480659,1920.000000
4.555779,1920.000000
4.648554,1920.000000
4.842606,1920.000000
4.600923,1920.000000
4.389400,1920.000000
4.455485,1920.000000
4.380266,1920.000000
4.741050,1920.000000
4.534406,1920.000000
4.652031,1920.000000
4.762951,1920.000000
4.338435,1920.000000
4.545223,1920.000000
4.742901,1920.000000
4.783341,1920.000000
4.906828,1920.000000
5.135003,1920.000000
4.755517,1920.000000
4.614959,1920.000000
4.810321,1920.000000
4.763736,1920.000000
4.619594,1920.000000
4.519483,1920.000000
4.743077,1920.000000
4.696892,1920.000000
4.558714,1920.000000
4.598870,1920.000000
4.681635,1920.000000
4.703740,1920.000000
4.588259,1920.000000
4.591721,1920.000000
4.839061,1920.000000
4.534311,1920.000000
4.607602,1920.000000
4.545586,1920.000000
4.463935,1920.000000
4.808383,1920.000000
4.662986,1920.000000
4.488114,1920.000000
4.735258,1920.000000
4.533475,1920.000000
4.371661,1920.000000
4.584303,1920.000000
4.760138,1920.000000
4.604237,1920.000000
4.719233,1920.000000
4.620643,1920.000000
4.522632,1920.000000
4.435429,1920.000000
4.439506,1920.000000
4.427547,1920.000000
4.671442,1920.000000
4.719335,1920.000000
4.360027,1920.000000
4.636564,1920.000000
4.596302,1920.000000
4.683509,1920.000000
4.794724,1920.000000
4.792000,1920.000000
4.485318,1920.000000
4.561192,1920.000000
4.643378,1920.000000
4.299535,1920.000000
4.197798,1920.000000
4.355923,1920.000000
4.365305,1920.000000
4.585396,1920.000000
4.159955,1920.000000
4.344650,1920.000000
4.313824,1920.000000
4.285111,1920.000000
4.385706,1920.000000
4.481375,1920.000000
4.457651,1920.000000
4.525219,1920.000000
4.122579,1920.000000
4.027428,1920.000000
4.420312,1920.000000
4.528674,1920.000000
4.509014,1920.000000
4.447172,1920.000000
4.302058,1920.000000
4.448607,1920.000000
4.314660,1920.000000
3.891715,1920.000000
4.126663,1920.000000
4.115678,1920.000000
4.435505,1920.000000
4.167099,1920.000000
4.133728,1920.000000
4.340889,1920.000000
4.253496,1920.000000
3.906891,1920.000000
4.301875,1920.000000
4.415169,1920.000000
4.388966,1920.000000
4.264286,1920.000000
4.071608,1920.000000
3.968010,1920.000000
4.129403,1920.000000
4.120798,1920.000000
4.132022,1920.000000
4.186281,1920.000000
4.035612,1920.000000
3.957015,1920.000000
4.102125,1920.000000
3.954286,1920.000000
3.989190,1920.000000
4.156995,1920.000000
3.972746,1920.000000
3.981862,1920.000000
4.064860,1920.000000
4.211465,1920.000000
4.362239,1920.000000
4.040148,1920.000000
4.474347,1920.000000
4.297228,1920.000000
4.223132,1920.000000
4.172250,1920.000000
4.112956,1920.000000
4.367834,1920.000000
4.349362,1920.000000
4.232343,1920.000000
4.183418,1920.000000
4.280981,1920.000000
4.120921,1920.000000
3.977106,1920.000000
4.045424,1920.000000
4.288577,1920.000000
4.269406,1920.000000
4.315659,1920.000000
4.358945,1920.000000
4.057387,1920.000000
4.245123,1920.000000
4.139897,1920.000000
4.349556,1920.000000
4.117077,1920.000000
4.277789,1920.000000
4.082860,1920.000000
4.113174,1920.000000
4.091928,1920.000000
4.040886,1920.000000
4.441942,1920.000000
4.053834,1920.000000
4.015204,1920.000000
4.272588,1920.000000
4.063544,1920.000000
4.169052,1920.000000
4.063501,1920.000000
4.213221,1920.000000
4.265100,1920.000000
4.227977,1920.000000
4.134404,1920.000000
4.401572,1920.000000
4.216014,1920.000000
4.022710,1920.000000
4.345525,1920.000000
4.424133,1920.000000
4.326523,1920.000000
4.276365,1920.000000
4.072110,1920.000000
4.272542,1920.000000
4.434259,1920.000000
4.399128,1920.000000
4.040505,1920.000000
4.332608,1920.000000
4.169910,1920.000000
4.161046,1920.000000
4.134240,1920.000000
3.951349,1920.000000
4.236198,1920.000000
4.161730,1920.000000
3.955825,1920.000000
4.104221,1920.000000
3.956001,1920.000000
4.141800,1920.000000
4.071612,1920.000000
4.088412,1920.000000
4.076123,1920.000000
3.937097,1920.000000
4.006016,1920.000000
3.943345,1920.000000
3.915689,1920.000000
4.380154,1920.000000
4.163857,1920.000000
4.095746,1920.000000
4.113313,1920.000000
4.002374,1920.000000
4.387335,1920.000000
4.174980,1920.000000
4.071156,1920.000000
4.086273,1920.000000
4.138948,1920.000000
4.185706,1920.000000
3.985216,1920.000000
4.144995,1920.000000
4.087369,1920.000000
4.148732,1920.000000
4.098881,1920.000000
4.498643,1920.000000
4.604084,1920.000000
4.167652,1920.000000
4.170652,1920.000000
4.397375,1920.000000
4.207693,1920.000000
4.587552,1920.000000
4.385527,1920.000000
4.418494,1920.000000
4.478317,1920.000000
4.279081,1920.000000
4.057773,1920.000000
4.519881,1920.000000
4.215079,1920.000000
4.418615,1920.000000
4.425922,1920.000000
4.202303,1920.000000
4.233769,1920.000000
4.329061,1920.000000
4.115011,1920.000000
4.342094,1920.000000
4.285088,1920.000000
4.503436,1920.000000
4.149530,1920.000000
4.339494,1920.000000
4.303581,1920.000000
4.403411,1920.000000
4.547435,1920.000000
4.520088,1920.000000
4.405279,1920.000000
4.372310,1920.000000
4.666658,1920.000000
4.541059,1920.000000
4.816890,1920.000000
4.263328,1920.000000
4.580365,1920.000000
4.516292,1920.000000
4.380084,1920.000000
4.277258,1920.000000
4.429309,1920.000000
4.253255,1920.000000
4.242370,1920.000000
4.643573,1920.000000
4.381259,1920.000000
4.486574,1920.000000
4.239648,1920.000000
4.376391,1920.000000
4.388771,1920.000000
4.389746,1920.000000
4.210052,1920.000000
4.486968,1920.000000
4.219845,1920.000000
4.334258,1920.000000
4.611346,1920.000000
4.371700,1920.000000
4.268664,1920.000000
4.216969,1920.000000
4.264922,1920.000000
4.231907,1920.000000
4.340663,1920.000000
4.101928,1920.000000
4.209533,1920.000000
4.100696,1920.000000
4.322332,1920.000000
4.235693,1920.000000
4.126462,1920.000000
4.109706,1920.000000
4.303082,1920.000000
4.546907,1920.000000
4.432033,1920.000000
4.661796,1920.000000
4.158461,1920.000000
4.395333,1920.000000
4.396875,1920.000000
4.303608,1920.000000
4.445248,1920.000000
4.385950,1920.000000
4.303623,1920.000000
4.113350,1920.000000
4.176210,1920.000000
4.069458,1920.000000
4.408525,1920.000000
4.123502,1920.000000
4.139601,1920.000000
4.532109,1920.000000
4.310433,1920.000000
4.319552,1920.000000
4.337071,1920.000000
4.112552,1920.000000
4.427329,1920.000000
4.305161,1920.000000
4.130009,1920.000000
4.225711,1920.000000
4.257940,1920.000000
4.166431,1920.000000
4.476930,1920.000000
4.282634,1920.000000
4.453151,1920.000000
4.252351,1920.000000
4.279787,1920.000000
4.342682,1920.000000
4.370102,1920.000000
4.120363,1920.000000
4.113953,1920.000000
4.121298,1920.000000
4.462672,1920.000000
4.477701,1920.000000
4.335999,1920.000000
4.098999,1920.000000
4.331754,1920.000000
4.456779,1920.000000
4.478603,1920.000000
4.161222,1920.000000
4.441571,1920.000000
4.769385,1920.000000
4.578118,1920.000000
4.178550,1920.000000
4.268034,1920.000000
4.570062,1920.000000
4.409010,1920.000000
4.297578,1920.000000
4.195451,1920.000000
4.166761,1920.000000
4.212767,1920.000000
4.168728,1920.000000
4.161887,1920.000000
4.677825,1920.000000
4.530161,1920.000000
4.252459,1920.000000
4.391958,1920.000000
4.338114,1920.000000
4.170005,1920.000000
4.372463,1920.000000
4.468619,1920.000000
4.311171,1920.000000
4.240583,1920.000000
4.272119,1920.000000
4.301823,1920.000000
4.145380,1920.000000
4.528627,1920.000000
4.275142,1920.000000
4.255585,1920.000000
4.308565,1920.000000
4.214411,1920.000000
4.364548,1920.000000
4.132743,1920.000000
4.143025,1920.000000
4.203204,1920.000000
4.419100,1920.000000
4.154284,1920.000000
4.094440,1920.000000
4.290092,1920.000000
4.347490,1920.000000
4.334052,1920.000000
4.130488,1920.000000
4.258782,1920.000000
4.195874,1920.000000
4.301917,1920.000000
4.280407,1920.000000
4.341996,1920.000000
4.456333,1920.000000
4.365436,1920.000000
4.223049,1920.000000
4.323360,1920.000000
4.608278,1920.000000
4.169290,1920.000000
4.364652,1920.000000
4.281997,1920.000000
4.359142,1920.000000
4.415360,1920.000000
4.286873,1920.000000
4.275148,1920.000000
4.340651,1920.000000
4.617668,1920.000000
4.716431,1920.000000
4.337214,1920.000000
4.439005,1920.000000
4.661985,1920.000000
4.419904,1920.000000
4.264043,1920.000000
4.439436,1920.000000
4.455359,1920.000000
4.480948,1920.000000
4.160159,1920.000000
4.163123,1920.000000
4.222662,1920.000000
4.362218,1920.000000
4.361342,1920.000000
4.475800,1920.000000
4.473047,1920.000000
4.300874,1920.000000
4.558704,1920.000000
4.572139,1920.000000
4.135697,1920.000000
4.534995,1920.000000
4.673575,1920.000000
4.631848,1920.000000
4.374433,1920.000000
4.718719,1920.000000
4.748900,1920.000000
4.297217,1920.000000
4.603456,1920.000000
4.517480,1920.000000
4.384472,1920.000000
4.421942,1920.000000
4.278545,1920.000000
4.286326,1920.000000
4.586583,1920.000000
4.483240,1920.000000
4.457739,1920.000000
4.541296,1920.000000
4.564193,1920.000000
4.046141,1920.000000
4.530500,1920.000000
4.593878,1920.000000
4.650520,1920.000000
4.579079,1920.000000
4.395624,1920.000000
4.505695,1920.000000
4.626378,1920.000000
4.305608,1920.000000
4.328304,1920.000000
4.414798,1920.000000
4.718873,1920.000000
4.439819,1920.000000
4.662499,1920.000000
4.491550,1920.000000
4.782546,1920.000000
4.617226,1920.000000
4.620475,1920.000000
4.629904,1920.000000
4.696517,1920.000000
4.543120,1920.000000
4.725928,1920.000000
4.731406,1920.000000
4.375397,1920.000000
4.632255,1920.000000
4.886380,1920.000000
4.639887,1920.000000
4.459684,1920.000000
4.636739,1920.000000
4.373753,1920.000000
4.536596,1920.000000
4.670425,1920.000000
4.776564,1920.000000
4.613855,1920.000000
4.579762,1920.000000
4.478038,1920.000000
4.328321,1920.000000
4.753066,1920.000000
4.489217,1920.000000
4.593683,1920.000000
4.733751,1920.000000
4.618773,1920.000000
4.540090,1920.000000
4.549644,1920.000000
4.793445,1920.000000
5.053022,1920.000000
5.001458,1920.000000
4.905992,1920.000000
4.548311,1920.000000
4.786500,1920.000000
4.714751,1920.000000
4.443893,1920.000000
4.557977,1920.000000
4.779065,1920.000000
4.742118,1920.000000
4.499780,1920.000000
4.536198,1920.000000
4.634018,1920.000000
4.579563,1920.000000
4.810404,1920.000000
4.428225,1920.000000
4.714419,1920.000000
4.523734,1920.000000
4.162346,1920.000000
4.601734,1920.000000
4.763419,1920.000000
4.869618,1920.000000
4.531997,1920.000000
4.548319,1920.000000
4.655020,1920.000000
4.591240,1920.000000
4.304529,1920.000000
4.636566,1920.000000
4.884734,1920.000000
4.493728,1920.000000
4.784080,1920.000000
4.590445,1920.000000
4.484365,1920.000000
4.540972,1920.000000
4.213424,1920.000000
4.342306,1920.000000
4.581582,1920.000000
4.583073,1920.000000
4.812262,1920.000000
4.618683,1920.000000
4.673958,1920.000000
4.894143,1920.000000
4.856945,1920.000000
4.631915,1920.000000
4.666824,1920.000000
4.739783,1920.000000
4.531787,1920.000000
4.343755,1920.000000
4.388152,1920.000000
4.317908,1920.000000
4.421942,1920.000000
4.558141,1920.000000
4.365179,1920.000000
4.225792,1920.000000
4.062893,1920.000000
4.120724,1920.000000
4.267233,1920.000000
4.662989,1920.000000
4.298526,1920.000000
4.642025,1920.000000
4.143983,1920.000000
4.238582,1920.000000
4.355198,1920.000000
4.645657,1920.000000
4.501689,1920.000000
4.370520,1920.000000
4.313815,1920.000000
4.500133,1920.000000
4.254746,1920.000000
4.359616,1920.000000
4.265767,1920.000000
4.097542,1920.000000
4.303223,1920.000000
4.059240,1920.000000
4.308744,1920.000000
4.097164,1920.000000
4.349313,1920.000000
4.205287,1920.000000
4.231587,1920.000000
4.203160,1920.000000
4.154710,1920.000000
4.294608,1920.000000
3.804845,1920.000000
3.987919,1920.000000
4.249111,1920.000000
4.282856,1920.000000
4.152833,1920.000000
4.068378,1920.000000
4.009810,1920.000000
4.013677,1920.000000
4.185565,1920.000000
3.916538,1920.000000
4.329367,1920.000000
4.156325,1920.000000
4.180982,1920.000000
4.233584,1920.000000
4.054754,1920.000000
4.153601,1920.000000
4.258324,1920.000000
4.233359,1920.000000
4.487823,1920.000000
4.286781,1920.000000
4.077162,1920.000000
4.058926,1920.000000
4.209887,1920.000000
4.327132,1920.000000
4.234707,1920.000000
4.209615,1920.000000
4.279273,1920.000000
4.537366,1920.000000
4.162393,1920.000000
3.955837,1920.000000
4.099560,1920.000000
4.132752,1920.000000
4.106536,1920.000000
4.312983,1920.000000
4.197458,1920.000000
3.995270,1920.000000
4.446701,1920.000000
3.989260,1920.000000
4.049094,1920.000000
4.246712,1920.000000
4.449603,1920.000000
3.981381,1920.000000
4.205462,1920.000000
4.318155,1920.000000
4.209210,1920.000000
4.329990,1920.000000
4.041960,1920.000000
4.081085,1920.000000
4.415084,1920.000000
4.175279,1920.000000
3.918262,1920.000000
4.177674,1920.000000
4.226166,1920.000000
4.023727,1920.000000
4.016618,1920.000000
4.081029,1920.000000
4.168682,1920.000000
4.411630,1920.000000
4.212186,1920.000000
4.318614,1920.000000
4.080139,1920.000000
4.354286,1920.000000
4.387963,1920.000000
4.097328,1920.000000
4.030086,1920.000000
4.529164,1920.000000
4.243661,1920.000000
4.292270,1920.000000
4.332040,1920.000000
4.464010,1920.000000
4.357998,1920.000000
4.020896,1920.000000
3.949554,1920.000000
4.091569,1920.000000
4.358712,1920.000000
3.743680,1920.000000
4.050954,1920.000000
4.139585,1920.000000
4.006904,1920.000000
3.957335,1920.000000
4.184204,1920.000000
4.420510,1920.000000
3.913333,1920.000000
4.026516,1920.000000
3.953923,1920.000000
3.890498,1920.000000
4.306382,1920.000000
3.958568,1920.000000
4.036004,1920.000000
4.257525,1920.000000
4.341756,1920.000000
4.182564,1920.000000
4.310311,1920.000000
3.927517,1920.000000
4.253194,1920.000000
4.225501,1920.000000
3.995546,1920.000000
3.957192,1920.000000
4.214374,1920.000000
4.012265,1920.000000
4.283485,1920.000000
4.279018,1920.000000
4.305475,1920.000000
4.660178,1920.000000
4.264918,1920.000000
4.242639,1920.000000
4.542003,1920.000000
4.239553,1920.000000
4.408776,1920.000000
4.467061,1920.000000
4.406089,1920.000000
4.188616,1920.000000
4.357192,1920.000000
4.240337,1920.000000
4.472553,1920.000000
4.160934,1920.000000
4.330052,1920.000000
4.241485,1920.000000
4.238642,1920.000000
4.354405,1920.000000
4.422961,1920.000000
4.147591,1920.000000
4.444453,1920.000000
4.417814,1920.000000
4.518307,1920.000000
4.081378,1920.000000
4.209281,1920.000000
4.199764,1920.000000
4.407139,1920.000000
4.465919,1920.000000
4.457974,1920.000000
4.657937,1920.000000
4.480157,1920.000000
4.623785,1920.000000
4.630068,1920.000000
4.379071,1920.000000
4.534095,1920.000000
4.382211,1920.000000
4.394291,1920.000000
4.199739,1920.000000
4.345818,1920.000000
4.454485,1920.000000
4.195785,1920.000000
4.322265,1920.000000
4.621236,1920.000000
4.515808,1920.000000
4.399345,1920.000000
4.251664,1920.000000
4.259771,1920.000000
4.396273,1920.000000
4.690228,1920.000000
4.374961,1920.000000
4.218449,1920.000000
4.388504,1920.000000
4.274634,1920.000000
4.301353,1920.000000
4.180542,1920.000000
4.388579,1920.000000
4.371979,1920.000000
4.175959,1920.000000
4.139541,1920.000000
4.114709,1920.000000
4.384272,1920.000000
4.032359,1920.000000
4.198380,1920.000000
4.495838,1920.000000
4.345119,1920.000000
4.148363,1920.000000
4.183988,1920.000000
4.294674,1920.000000
4.570596,1920.000000
4.629020,1920.000000
4.397946,1920.000000
4.450747,1920.000000
4.428198,1920.000000
4.417519,1920.000000
4.207726,1920.000000
4.462465,1920.000000
4.250873,1920.000000
4.526710,1920.000000
4.117667,1920.000000
4.353458,1920.000000
4.163327,1920.000000
4.159648,1920.000000
3.991742,1920.000000
4.104645,1920.000000
4.561281,1920.000000
4.273173,1920.000000
4.291175,1920.000000
4.192705,1920.000000
4.187597,1920.000000
4.683505,1920.000000
4.233907,1920.000000
3.903449,1920.000000
4.290517,1920.000000
4.374220,1920.000000
4.229484,1920.000000
4.411323,1920.000000
4.279611,1920.000000
4.199856,1920.000000
4.561580,1920.000000
4.383728,1920.000000
4.345521,1920.000000
4.091131,1920.000000
4.071508,1920.000000
4.139402,1920.000000
4.166568,1920.000000
4.279589,1920.000000
4.425902,1920.000000
4.301532,1920.000000
4.332483,1920.000000
4.406738,1920.000000
4.491096,1920.000000
4.639161,1920.000000
4.288530,1920.000000
4.267098,1920.000000
4.778577,1920.000000
4.369033,1920.000000
4.320370,1920.000000
4.340756,1920.000000
4.534714,1920.000000
4.297804,1920.000000
4.256377,1920.000000
4.179347,1920.000000
4.265182,1920.000000
4.437359,1920.000000
4.042278,1920.000000
4.293534,1920.000000
4.400308,1920.000000
4.429675,1920.000000
4.288373,1920.000000
4.170827,1920.000000
4.006358,1920.000000
4.016829,1920.000000
4.406475,1920.000000
4.161522,1920.000000
4.399710,1920.000000
4.312910,1920.000000
4.461716,1920.000000
4.280066,1920.000000
4.393428,1920.000000
4.453175,1920.000000
4.542746,1920.000000
4.422818,1920.000000
3.972136,1920.000000
4.265224,1920.000000
4.358861,1920.000000
4.009912,1920.000000
3.935805,1920.000000
4.325675,1920.000000
4.369291,1920.000000
4.139050,1920.000000
4.207064,1920.000000
4.177869,1920.000000
4.455130,1920.000000
4.282642,1920.000000
4.148035,1920.000000
4.235474,1920.000000
4.132981,1920.000000
4.205337,1920.000000
4.268111,1920.000000
3.989486,1920.000000
4.341320,1920.000000
4.393996,1920.000000
4.416823,1920.000000
4.431058,1920.000000
4.225972,1920.000000
4.396074,1920.000000
4.194787,1920.000000
4.303001,1920.000000
4.314687,1920.000000
4.573508,1920.000000
4.104983,1920.000000
4.475380,1920.000000
4.474099,1920.000000
4.564527,1920.000000
4.635346,1920.000000
4.295641,1920.000000
4.295730,1920.000000
4.257451,1920.000000
4.383728,1920.000000
4.527769,1920.000000
4.484935,1920.000000
4.573687,1920.000000
4.429121,1920.000000
4.317372,1920.000000
4.128537,1920.000000
4.065964,1920.000000
4.328024,1920.000000
4.358483,1920.000000
4.328641,1920.000000
4.322420,1920.000000
4.667364,1920.000000
4.466610,1920.000000
4.389447,1920.000000
4.427961,1920.000000
4.697254,1920.000000
4.744137,1920.000000
4.392828,1920.000000
4.573444,1920.000000
4.435171,1920.000000
4.445686,1920.000000
4.394800,1920.000000
4.495234,1920.000000
4.462445,1920.000000
4.599308,1920.000000
4.327526,1920.000000
4.356832,1920.000000
4.482747,1920.000000
4.457780,1920.000000
4.423307,1920.000000
4.310452,1920.000000
4.515573,1920.000000
4.304909,1920.000000
4.389213,1920.000000
4.570701,1920.000000
4.421241,1920.000000
4.504583,1920.000000
4.625920,1920.000000
4.365410,1920.000000
4.405758,1920.000000
4.687602,1920.000000
4.465008,1920.000000
4.300661,1920.000000
4.392951,1920.000000
4.508526,1920.000000
4.492633,1920.000000
4.500161,1920.000000
4.366463,1920.000000
4.696972,1920.000000
4.648695,1920.000000
4.639801,1920.000000
4.586522,1920.000000
4.813225,1920.000000
4.508805,1920.000000
4.741191,1920.000000
4.670203,1920.000000
4.669517,1920.000000
4.637383,1920.000000
4.780928,1920.000000
4.704645,1920.000000
4.524182,1920.000000
4.592069,1920.000000
4.466516,1920.000000
4.643226,1920.000000
4.658765,1920.000000
4.594793,1920.000000
4.704156,1920.000000
4.542840,1920.000000
4.383724,1920.000000
4.505536,1920.000000
4.519452,1920.000000
4.570243,1920.000000
4.717304,1920.000000
4.539483,1920.000000
4.614785,1920.000000
4.643535,1920.000000
4.660962,1920.000000
5.024676,1920.000000
4.775716,1920.000000
5.145877,1920.000000
4.656569,1920.000000
4.367242,1920.000000
4.575655,1920.000000
4.825024,1920.000000
4.429241,1920.000000
4.643038,1920.000000
4.655576,1920.000000
4.740710,1920.000000
4.606784,1920.000000
4.474135,1920.000000
4.731578,1920.000000
4.459757,1920.000000
4.839659,1920.000000
4.647259,1920.000000
4.975396,1920.000000
4.665705,1920.000000
4.405190,1920.000000
4.465718,1920.000000
4.382824,1920.000000
4.833565,1920.000000
4.708557,1920.000000
4.564197,1920.000000
4.625551,1920.000000
4.541524,1920.000000
4.479278,1920.000000
4.654795,1920.000000
4.673512,1920.000000
4.668114,1920.000000
4.756993,1920.000000
4.423632,1920.000000
4.387451,1920.000000
4.610498,1920.000000
4.265649,1920.000000
4.403667,1920.000000
4.575527,1920.000000
4.531924,1920.000000
4.709247,1920.000000
4.577725,1920.000000
4.637791,1920.000000
4.752842,1920.000000
4.675501,1920.000000
4.552835,1920.000000
4.578142,1920.000000
4.652395,1920.000000
4.299377,1920.000000
4.379138,1920.000000
4.369784,1920.000000
4.512676,1920.000000
4.609638,1920.000000
4.557937,1920.000000
4.321376,1920.000000
4.387793,1920.000000
4.282489,1920.000000
4.343629,1920.000000
4.250119,1920.000000
4.420329,1920.000000
4.391952,1920.000000
4.621150,1920.000000
4.126257,1920.000000
4.220459,1920.000000
4.196292,1920.000000
4.643226,1920.000000
4.453290,1920.000000
4.411396,1920.000000
4.208420,1920.000000
4.524162,1920.000000
4.371577,1920.000000
4.193406,1920.000000
4.136361,1920.000000
4.169347,1920.000000
4.301911,1920.000000
4.073564,1920.000000
4.239077,1920.000000
4.034482,1920.000000
4.194881,1920.000000
4.102675,1920.000000
4.009317,1920.000000
4.276240,1920.000000
4.503915,1920.000000
4.072435,1920.000000
3.882587,1920.000000
4.114272,1920.000000
4.270253,1920.000000
4.205876,1920.000000
4.151361,1920.000000
4.127364,1920.000000
4.059084,1920.000000
4.083808,1920.000000
3.946702,1920.000000
3.793000,1920.000000
4.147778,1920.000000
4.153864,1920.000000
4.217684,1920.000000
4.229854,1920.000000
4.068096,1920.000000
4.132322,1920.000000
4.319847,1920.000000
4.174142,1920.000000
4.682690,1920.000000
4.205277,1920.000000
4.278733,1920.000000
4.225587,1920.000000
4.002549,1920.000000
4.202676,1920.000000
4.445750,1920.000000
4.220905,1920.000000
4.162904,1920.000000
4.340259,1920.000000
4.024468,1920.000000
3.987895,1920.000000
4.086094,1920.000000
4.341938,1920.000000
4.291905,1920.000000
4.189123,1920.000000
4.339457,1920.000000
4.163725,1920.000000
4.180497,1920.000000
4.018090,1920.000000
4.078606,1920.000000
4.287006,1920.000000
4.183503,1920.000000
4.041929,1920.000000
4.066892,1920.000000
4.074432,1920.000000
4.204827,1920.000000
4.306169,1920.000000
4.228865,1920.000000
4.152813,1920.000000
4.357951,1920.000000
4.288418,1920.000000
3.986403,1920.000000
4.159098,1920.000000
3.915863,1920.000000
4.294518,1920.000000
3.956679,1920.000000
4.040243,1920.000000
4.486831,1920.000000
4.366442,1920.000000
4.044694,1920.000000
4.242481,1920.000000
4.439125,1920.000000
4.394898,1920.000000
4.191846,1920.000000
4.117625,1920.000000
4.205824,1920.000000
4.416044,1920.000000
4.362257,1920.000000
4.299130,1920.000000
4.196361,1920.000000
4.109478,1920.000000
4.142826,1920.000000
4.080990,1920.000000
4.093866,1920.000000
4.152844,1920.000000
4.196271,1920.000000
3.804971,1920.000000
4.089519,1920.000000
4.107658,1920.000000
4.065620,1920.000000
3.959916,1920.000000
4.106253,1920.000000
4.119144,1920.000000
3.986669,1920.000000
4.279391,1920.000000
4.066227,1920.000000
4.066546,1920.000000
4.355736,1920.000000
4.187650,1920.000000
4.038088,1920.000000
4.225606,1920.000000
4.284087,1920.000000
4.376256,1920.000000
4.104277,1920.000000
3.998185,1920.000000
3.934684,1920.000000
4.255049,1920.000000
3.974045,1920.000000
4.177459,1920.000000
4.139960,1920.000000
3.987160,1920.000000
4.315761,1920.000000
4.307168,1920.000000
4.417608,1920.000000
4.461265,1920.000000
4.577176,1920.000000
4.088585,1920.000000
4.227388,1920.000000
4.269760,1920.000000
4.495863,1920.000000
4.481042,1920.000000
4.329656,1920.000000
4.257767,1920.000000
4.288040,1920.000000
4.378176,1920.000000
4.309959,1920.000000
4.394643,1920.000000
4.228219,1920.000000
4.312986,1920.000000
4.201651,1920.000000
4.304667,1920.000000
4.200235,1920.000000
4.249444,1920.000000
4.289116,1920.000000
4.129173,1920.000000
4.694859,1920.000000
4.095162,1920.000000
4.191193,1920.000000
4.275459,1920.000000
4.578022,1920.000000
4.561747,1920.000000
4.490161,1920.000000
4.636258,1920.000000
4.385605,1920.000000
4.777766,1920.000000
4.681241,1920.000000
4.682134,1920.000000
4.341888,1920.000000
4.373535,1920.000000
4.524804,1920.000000
4.237628,1920.000000
4.221572,1920.000000
4.379090,1920.000000
4.028724,1920.000000
4.234143,1920.000000
4.628469,1920.000000
4.576318,1920.000000
4.359192,1920.000000
4.407176,1920.000000
4.182080,1920.000000
4.412192,1920.000000
4.555676,1920.000000
4.408964,1920.000000
4.305243,1920.000000
4.282974,1920.000000
4.340707,1920.000000
4.504773,1920.000000
4.230386,1920.000000
4.123031,1920.000000
4.336996,1920.000000
4.178257,1920.000000
4.140480,1920.000000
4.279329,1920.000000
4.091747,1920.000000
4.151232,1920.000000
4.341631,1920.000000
4.364314,1920.000000
4.331053,1920.000000
4.155244,1920.000000
4.333326,1920.000000
4.300792,1920.000000
4.572810,1920.000000
4.406821,1920.000000
4.457163,1920.000000
4.300856,1920.000000
4.712180,1920.000000
4.334198,1920.000000
4.302783,1920.000000
4.450965,1920.000000
4.447701,1920.000000
4.367540,1920.000000
4.135580,1920.000000
4.191502,1920.000000
4.071127,1920.000000
4.423259,1920.000000
4.179336,1920.000000
4.265560,1920.000000
4.410657,1920.000000
4.339834,1920.000000
4.354376,1920.000000
4.343888,1920.000000
4.203130,1920.000000
4.455634,1920.000000
4.244858,1920.000000
3.991031,1920.000000
4.440509,1920.000000
4.378831,1920.000000
4.184316,1920.000000
4.349532,1920.000000
4.236605,1920.000000
4.268391,1920.000000
4.328376,1920.000000
4.288743,1920.000000
4.195799,1920.000000
4.223669,1920.000000
4.251737,1920.000000
4.168232,1920.000000
4.424191,1920.000000
4.352654,1920.000000
4.380234,1920.000000
3.979137,1920.000000
4.110452,1920.000000
4.342642,1920.000000
4.607236,1920.000000
4.421040,1920.000000
4.290117,1920.000000
4.392526,1920.000000
4.696805,1920.000000
4.524182,1920.000000
4.119502,1920.000000
4.436736,1920.000000
4.471740,1920.000000
4.438800,1920.000000
4.245871,1920.000000
3.962272,1920.000000
4.210689,1920.000000
4.112205,1920.000000
4.350769,1920.000000
4.427552,1920.000000
4.556698,1920.000000
4.326954,1920.000000
4.257083,1920.000000
4.102729,1920.000000
4.327854,1920.000000
4.211678,1920.000000
4.420561,1920.000000
4.239224,1920.000000
4.303490,1920.000000
4.419337,1920.000000
4.321815,1920.000000
4.076786,1920.000000
4.368634,1920.000000
4.452961,1920.000000
4.461665,1920.000000
4.324362,1920.000000
3.999074,1920.000000
4.540276,1920.000000
4.480698,1920.000000
4.099530,1920.000000
4.139092,1920.000000
4.223134,1920.000000
4.290653,1920.000000
4.159765,1920.000000
4.181191,1920.000000
4.228391,1920.000000
4.327968,1920.000000
4.450737,1920.000000
4.117959,1920.000000
4.251118,1920.000000
4.504581,1920.000000
4.046471,1920.000000
4.390045,1920.000000
4.254758,1920.000000
4.228041,1920.000000
4.483099,1920.000000
4.159809,1920.000000
4.556271,1920.000000
4.197998,1920.000000
4.284965,1920.000000
4.325004,1920.000000
4.129998,1920.000000
4.448023,1920.000000
4.558807,1920.000000
4.111931,1920.000000
4.233273,1920.000000
4.442308,1920.000000
4.650939,1920.000000
4.634538,1920.000000
4.405744,1920.000000
4.427884,1920.000000
4.527363,1920.000000
4.226781,1920.000000
4.190845,1920.000000
4.483489,1920.000000
4.470434,1920.000000
4.343829,1920.000000
4.464917,1920.000000
4.440534,1920.000000
4.233526,1920.000000
4.351200,1920.000000
4.538834,1920.000000
4.355048,1920.000000
4.572508,1920.000000
4.666324,1920.000000
4.492395,1920.000000
4.363216,1920.000000
4.533528,1920.000000
4.418883,1920.000000
4.615239,1920.000000
4.379990,1920.000000
4.468255,1920.000000
4.558472,1920.000000
4.576793,1920.000000
4.358713,1920.000000
4.503745,1920.000000
4.749299,1920.000000
4.154790,1920.000000
4.401640,1920.000000
4.401273,1920.000000
4.321789,1920.000000
4.522095,1920.000000
4.379974,1920.000000
4.457759,1920.000000
4.477060,1920.000000
4.664174,1920.000000
4.282350,1920.000000
4.287510,1920.000000
4.404472,1920.000000
4.622392,1920.000000
4.393962,1920.000000
4.335410,1920.000000
4.381554,1920.000000
4.518456,1920.000000
4.344828,1920.000000
4.351608,1920.000000
4.297136,1920.000000
4.524203,1920.000000
4.609723,1920.000000
4.533467,1920.000000
4.464121,1920.000000
4.776490,1920.000000
4.759600,1920.000000
4.580173,1920.000000
4.477462,1920.000000
4.755586,1920.000000
4.360784,1920.000000
4.715540,1920.000000
4.562967,1920.000000
4.562654,1920.000000
4.801873,1920.000000
4.798561,1920.000000
4.513454,1920.000000
4.490276,1920.000000
4.694116,1920.000000
4.667956,1920.000000
4.604818,1920.000000
4.528177,1920.000000
4.653334,1920.000000
4.666282,1920.000000
4.480481,1920.000000
4.534889,1920.000000
4.405732,1920.000000
4.559755,1920.000000
4.438457,1920.000000
4.535287,1920.000000
4.636203,1920.000000
4.357414,1920.000000
4.536159,1920.000000
4.490200,1920.000000
4.877616,1920.000000
4.789390,1920.000000
5.336201,1920.000000
4.868486,1920.000000
4.498567,1920.000000
4.968153,1920.000000
4.572885,1920.000000
4.589289,1920.000000
4.624997,1920.000000
4.683222,1920.000000
4.678473,1920.000000
4.528357,1920.000000
4.474152,1920.000000
4.688394,1920.000000
4.405846,1920.000000
4.526905,1920.000000
4.686964,1920.000000
4.646734,1920.000000
4.828496,1920.000000
4.390725,1920.000000
4.589144,1920.000000
4.511844,1920.000000
4.734489,1920.000000
4.756483,1920.000000
4.704035,1920.000000
4.850029,1920.000000
4.619209,1920.000000
4.480819,1920.000000
4.617415,1920.000000
4.749437,1920.000000
4.627797,1920.000000
4.898376,1920.000000
4.476908,1920.000000
4.370909,1920.000000
4.486971,1920.000000
4.301355,1920.000000
4.454367,1920.000000
4.687205,1920.000000
4.493065,1920.000000
4.486884,1920.000000
4.625492,1920.000000
4.712258,1920.000000
4.674774,1920.000000
4.676786,1920.000000
4.664873,1920.000000
4.437773,1920.000000
4.566577,1920.000000
4.402558,1920.000000
4.442682,1920.000000
4.297726,1920.000000
4.517729,1920.000000
4.406940,1920.000000
4.660003,1920.000000
4.168793,1920.000000
4.232416,1920.000000
4.298273,1920.000000
4.154972,1920.000000
4.374390,1920.000000
4.317435,1920.000000
4.348220,1920.000000
4.465671,1920.000000
4.178280,1920.000000
4.248441,1920.000000
4.352640,1920.000000
4.504187,1920.000000
4.410552,1920.000000
4.272143,1920.000000
4.464964,1920.000000
4.309045,1920.000000
4.454056,1920.000000
3.999175,1920.000000
4.212554,1920.000000
4.195376,1920.000000
4.467845,1920.000000
4.232632,1920.000000
4.224594,1920.000000
4.233589,1920.000000
4.150999,1920.000000
4.070448,1920.000000
4.159141,1920.000000
4.072290,1920.000000
4.337156,1920.000000
4.280484,1920.000000
3.819870,1920.000000
4.232433,1920.000000
4.167281,1920.000000
4.098952,1920.000000
4.051359,1920.000000
3.988482,1920.000000
4.155204,1920.000000
3.998159,1920.000000
4.242840,1920.000000
4.119529,1920.000000
4.017833,1920.000000
4.224579,1920.000000
4.221568,1920.000000
4.263527,1920.000000
3.948266,1920.000000
4.080409,1920.000000
4.121957,1920.000000
4.493395,1920.000000
4.514469,1920.000000
4.548095,1920.000000
3.964952,1920.000000
4.207287,1920.000000
4.193347,1920.000000
4.473848,1920.000000
4.304289,1920.000000
4.189632,1920.000000
4.018141,1920.000000
4.313057,1920.000000
4.274006,1920.000000
4.068689,1920.000000
3.846622,1920.000000
4.310730,1920.000000
4.244156,1920.000000
4.110065,1920.000000
4.264451,1920.000000
4.155052,1920.000000
4.035620,1920.000000
4.077347,1920.000000
4.068428,1920.000000
4.278504,1920.000000
4.180070,1920.000000
4.256249,1920.000000
4.295401,1920.000000
3.971488,1920.000000
4.189866,1920.000000
4.380132,1920.000000
4.250760,1920.000000
4.262389,1920.000000
4.285556,1920.000000
4.167581,1920.000000
4.075165,1920.000000
4.083375,1920.000000
4.071866,1920.000000
4.126091,1920.000000
4.205003,1920.000000
4.097946,1920.000000
4.279723,1920.000000
4.623824,1920.000000
4.055750,1920.000000
4.207674,1920.000000
4.237071,1920.000000
4.220248,1920.000000
4.055180,1920.000000
4.137882,1920.000000
4.128219,1920.000000
4.534360,1920.000000
4.241553,1920.000000
4.323637,1920.000000
4.340219,1920.000000
4.311964,1920.000000
4.120094,1920.000000
4.083429,1920.000000
4.011108,1920.000000
4.178560,1920.000000
4.108121,1920.000000
4.005959,1920.000000
4.303711,1920.000000
4.118269,1920.000000
3.929956,1920.000000
4.079682,1920.000000
3.774480,1920.000000
4.221879,1920.000000
4.008582,1920.000000
4.083536,1920.000000
3.960725,1920.000000
3.931641,1920.000000
4.280517,1920.000000
4.269151,1920.000000
4.134832,1920.000000
3.966090,1920.000000
4.159396,1920.000000
4.433761,1920.000000
4.174643,1920.000000
4.099337,1920.000000
3.989296,1920.000000
4.360850,1920.000000
4.003905,1920.000000
3.815185,1920.000000
4.190350,1920.000000
4.205718,1920.000000
4.091253,1920.000000
4.255837,1920.000000
4.159162,1920.000000
4.419769,1920.000000
4.333012,1920.000000
4.264766,1920.000000
4.391726,1920.000000
4.304971,1920.000000
4.413219,1920.000000
4.619580,1920.000000
4.386881,1920.000000
4.468207,1920.000000
4.266434,1920.000000
4.168576,1920.000000
4.297393,1920.000000
4.516326,1920.000000
4.293308,1920.000000
4.447425,1920.000000
4.029110,1920.000000
4.297007,1920.000000
4.261726,1920.000000
4.019604,1920.000000
4.343321,1920.000000
4.432014,1920.000000
4.421881,1920.000000
4.259129,1920.000000
4.364141,1920.000000
4.143303,1920.000000
4.640601,1920.000000
4.635648,1920.000000
4.298706,1920.000000
4.581555,1920.000000
4.464948,1920.000000
4.564743,1920.000000
4.490813,1920.000000
4.626141,1920.000000
4.421037,1920.000000
4.470617,1920.000000
4.227868,1920.000000
4.208930,1920.000000
4.308715,1920.000000
4.424510,1920.000000
4.301693,1920.000000
4.342343,1920.000000
4.743959,1920.000000
4.568448,1920.000000
4.212287,1920.000000
4.289593,1920.000000
4.211651,1920.000000
4.555512,1920.000000
4.413004,1920.000000
4.425528,1920.000000
4.227089,1920.000000
4.332482,1920.000000
4.220750,1920.000000
4.431467,1920.000000
4.364615,1920.000000
4.297113,1920.000000
4.303883,1920.000000
4.282435,1920.000000
4.215909,1920.000000
4.439832,1920.000000
4.307789,1920.000000
4.193971,1920.000000
4.125905,1920.000000
4.432410,1920.000000
4.287956,1920.000000
4.178104,1920.000000
4.310570,1920.000000
4.347404,1920.000000
4.247195,1920.000000
4.534050,1920.000000
4.441579,1920.000000
4.295397,1920.000000
4.514482,1920.000000
4.565259,1920.000000
4.123497,1920.000000
4.456135,1920.000000
4.297210,1920.000000
4.394380,1920.000000
4.049511,1920.000000
4.283142,1920.000000
4.203229,1920.000000
4.232953,1920.000000
4.184347,1920.000000
4.106552,1920.000000
4.630238,1920.000000
4.381464,1920.000000
4.237238,1920.000000
4.116319,1920.000000
4.231946,1920.000000
4.352976,1920.000000
4.192025,1920.000000
4.002049,1920.000000
4.287529,1920.000000
4.359132,1920.000000
4.306761,1920.000000
4.470250,1920.000000
4.444267,1920.000000
4.557859,1920.000000
4.392859,1920.000000
4.232340,1920.000000
4.351940,1920.000000
4.114251,1920.000000
4.185041,1920.000000
4.029630,1920.000000
4.343611,1920.000000
4.440363,1920.000000
4.514985,1920.000000
4.360127,1920.000000
4.154704,1920.000000
4.158505,1920.000000
4.402046,1920.000000
4.522963,1920.000000
4.334813,1920.000000
4.379400,1920.000000
4.756464,1920.000000
4.357425,1920.000000
4.313879,1920.000000
4.436372,1920.000000
4.394248,1920.000000
4.364222,1920.000000
4.352659,1920.000000
4.105728,1920.000000
4.212675,1920.000000
4.304152,1920.000000
4.219527,1920.000000
4.363623,1920.000000
4.587938,1920.000000
4.466736,1920.000000
4.212020,1920.000000
4.210772,1920.000000
4.240436,1920.000000
4.322284,1920.000000
4.352070,1920.000000
4.308280,1920.000000
4.422828,1920.000000
4.102609,1920.000000
4.205355,1920.000000
4.047312,1920.000000
4.475147,1920.000000
4.384111,1920.000000
4.317692,1920.000000
4.334593,1920.000000
4.223976,1920.000000
4.256591,1920.000000
4.386264,1920.000000
4.168739,1920.000000
4.193749,1920.000000
4.097513,1920.000000
4.478396,1920.000000
4.332510,1920.000000
4.178377,1920.000000
4.223647,1920.000000
4.372987,1920.000000
4.267607,1920.000000
4.160923,1920.000000
4.427150,1920.000000
4.273407,1920.000000
4.138989,1920.000000
4.191956,1920.000000
4.132121,1920.000000
4.377140,1920.000000
4.570815,1920.000000
4.249943,1920.000000
4.391175,1920.000000
4.278194,1920.000000
4.386999,1920.000000
4.378509,1920.000000
4.428582,1920.000000
4.401353,1920.000000
4.609136,1920.000000
4.228622,1920.000000
4.238737,1920.000000
4.519372,1920.000000
4.537858,1920.000000
4.631203,1920.000000
4.382343,1920.000000
4.403071,1920.000000
4.466477,1920.000000
4.578571,1920.000000
4.490264,1920.000000
4.368897,1920.000000
4.386732,1920.000000
4.502015,1920.000000
4.213839,1920.000000
4.294228,1920.000000
4.113272,1920.000000
4.352551,1920.000000
4.528156,1920.000000
4.384546,1920.000000
4.495898,1920.000000
4.331454,1920.000000
4.588617,1920.000000
4.609395,1920.000000
4.392679,1920.000000
4.653911,1920.000000
4.419987,1920.000000
4.379291,1920.000000
4.399942,1920.000000
4.724467,1920.000000
4.705950,1920.000000
4.340849,1920.000000
4.555427,1920.000000
4.596556,1920.000000
4.558162,1920.000000
163.494825,1920.000000
56.669635,1920.000000
69.673907,1920.000000
83.873484,1920.000000
58.079396,1920.000000
145.918138,1920.000000
57.045896,1920.000000
67.957485,1920.000000
67.681389,1920.000000
164.048302,1920.000000
35.980378,1920.000000
46.234215,1920.000000
129.021548,1920.000000
65.699145,1920.000000
212.324090,1920.000000
177.176368,1920.000000
100.530191,1920.000000
106.441480,1920.000000
37.726592,1920.000000
36.347907,1920.000000
38.075629,1920.000000
