2,20,0,2,4474040,0.970019
3,8,2,1,3,0.716309
2,14,2,2,3,0.634338
3,3,2,0,3,0.397051
3,6,20,2,3,0.338974
3,0,19,1,3,0.284287
3,1,20,2,3,0.283057
3,11,17,1,2,0.272266
3,12,20,0,3,0.218066
3,4,3,3,1,0.214712
3,0,10,3,1,0.189384
2,20,1,3,1,0.186658
3,3,2,3,3,0.172974
2,9,1,3,3,0.155084
0,3,1,0,3,0.138605
3,12,7,0,3,0.149020
3,3,2,0,2,0.153876
2,1,3,0,2,0.123049
3,19,19,0,0,0.136664
0,2,1,0,0,0.127624
0,1,3,0,0,0.110549
2,7,1,0,0,0.109234
3,6,12,3,1,0.112567
3,16,11,3,2,0.116648
3,18,15,3,2,0.110201
2,14,1,3,2,0.086292
2,14,1,3,2,0.123666
3,0,19,3,3,0.119225
3,8,20,3,1,0.113424
3,3,2,3,2,0.089977
3,20,2,3,0,0.098442
2,14,2,3,0,0.084707
2,14,1,3,0,0.095349
2,14,1,0,0,0.096099
0,3,2,3,0,0.081936
3,2,3,1,2,0.093654
3,8,8,1,3,0.078068
0,3,2,1,3,0.079868
0,3,1,3,3,0.078056
3,6,20,0,3,0.072690
3,20,17,0,1,0.073152
0,2,3,2,1,0.083086
2,17,2,0,1,0.071410
2,10,2,0,1,0.066753
2,12,2,0,1,0.068840
2,11,2,0,1,0.075476
2,14,2,0,1,0.071546
2,14,2,0,1,0.063139
2,0,2,0,1,0.064694
3,0,19,0,3,0.058382
2,19,2,0,3,0.083103
2,2,1,1,3,0.070090
3,3,3,0,1,0.060907
2,15,1,1,1,0.065220
2,5,3,0,1,0.056223
0,2,2,0,1,0.060648
2,16,3,0,1,0.055204
3,7,3,0,0,0.061754
3,4,12,1,2,0.060538
2,14,3,0,2,0.057755
3,12,11,0,1,0.047882
2,20,1,1,1,0.067119
2,19,2,1,1,0.065122
0,3,1,1,1,0.061275
3,3,8,0,3,0.052511
2,1,3,0,3,0.051505
2,17,3,0,3,0.053344
2,0,3,0,3,0.052733
3,0,19,1,3,0.048600
2,7,2,1,3,0.054366
2,2,3,0,3,0.051934
3,2,3,0,2,0.046673
3,16,11,0,2,0.049606
2,20,3,0,2,0.051382
3,2,3,1,3,0.053826
0,2,3,0,3,0.046360
0,2,2,1,3,0.043799
2,1,2,0,3,0.041213
3,6,20,0,3,0.044711
2,6,2,0,3,0.054095
3,12,4,1,1,0.047543
2,8,2,0,1,0.047520
2,14,2,1,1,0.047155
2,16,2,0,1,0.045722
3,16,11,0,1,0.041160
2,20,2,0,1,0.045633
2,1,2,1,1,0.046098
2,16,2,0,1,0.047275
2,9,2,0,1,0.039029
2,18,2,0,1,0.034603
3,3,3,0,0,0.032620
2,3,2,0,0,0.037158
3,3,8,0,1,0.037195
3,19,15,1,3,0.043894
3,18,15,0,2,0.041396
3,12,1,1,0,0.034820
3,20,12,0,2,0.041144
2,19,2,1,2,0.040701
3,2,3,0,1,0.041159
3,8,2,1,3,0.155336
3,8,2,1,3,0.159547
2,2,2,0,3,0.049749
3,13,8,0,3,0.042065
2,20,2,0,3,0.043157
2,2,2,1,3,0.042855
3,9,18,0,1,0.035242
2,8,2,0,1,0.039217
3,3,2,0,1,0.036032
0,3,2,0,1,0.032708
3,11,17,0,3,0.032792
0,3,2,1,3,0.039284
3,0,19,0,3,0.048502
3,0,19,0,3,0.042437
2,9,2,2,3,0.038808
0,0,2,0,3,0.038893
2,11,1,0,3,0.043721
3,12,1,3,0,0.032321
3,11,20,1,3,0.039696
3,13,13,1,2,0.032968
2,19,2,2,2,0.033826
2,4,2,1,2,0.030004
3,12,4,1,2,0.036085
2,5,2,1,2,0.036284
3,18,15,1,1,0.030399
2,9,2,1,1,0.030304
2,7,2,1,1,0.032818
2,14,2,1,1,0.036529
2,14,2,1,1,0.031998
2,11,2,2,1,0.034746
2,0,2,1,1,0.039433
3,3,8,2,3,0.034854
3,3,3,1,0,0.031143
2,5,2,1,0,0.033260
0,0,2,1,0,0.027991
3,6,20,3,3,0.028993
2,6,1,2,3,0.030092
3,18,15,3,2,0.028956
2,1,2,3,2,0.027427
2,20,1,2,2,0.035607
2,1,1,2,2,0.032137
2,6,1,2,2,0.033623
3,2,3,3,2,0.028297
2,8,1,2,2,0.027696
2,12,2,3,2,0.027077
3,12,20,3,2,0.031708
3,20,12,3,2,0.035542
3,12,20,3,2,0.031138
3,6,20,3,3,0.027087
3,12,20,3,3,0.026675
2,9,2,3,3,0.026015
3,18,9,2,1,0.027655
0,3,2,3,1,0.026628
2,10,1,2,1,0.025108
0,1,1,2,1,0.023981
2,1,3,0,1,0.023104
2,16,3,0,1,0.023424
2,1,2,2,1,0.030334
2,16,3,0,1,0.022392
2,19,2,2,1,0.029755
2,8,3,0,1,0.029889
3,13,8,2,3,0.028415
2,20,3,0,3,0.024930
3,12,4,2,2,0.029204
2,4,3,0,2,0.026504
2,2,2,2,2,0.028240
0,1,3,0,2,0.020756
2,7,2,2,2,0.024211
2,14,1,0,2,0.021861
2,14,1,0,2,0.027635
2,14,1,0,2,0.023456
2,14,1,0,2,0.019920
2,12,3,0,2,0.019228
3,12,20,0,3,0.021197
2,13,3,0,3,0.018306
2,17,3,0,3,0.021055
3,13,13,0,2,0.026470
3,12,20,2,1,0.021205
2,8,1,0,1,0.022734
2,1,2,2,1,0.023259
2,1,1,0,1,0.025849
3,13,8,2,3,0.021475
2,13,2,2,3,0.026409
2,11,1,0,3,0.018781
3,11,16,0,0,0.024064
3,12,11,2,2,0.023673
3,11,16,0,0,0.023705
2,6,1,0,0,0.022109
2,14,2,2,0,0.021584
3,12,11,0,2,0.025117
3,3,8,0,1,0.022294
3,3,8,2,1,0.027333
3,3,3,0,0,0.021101
2,3,2,2,0,0.024774
2,16,1,0,0,0.021395
2,1,2,2,0,0.023173
2,20,2,0,0,0.024435
2,19,2,2,0,0.022773
3,3,3,0,0,0.022725
2,14,3,0,0,0.021271
2,3,3,0,0,0.017838
3,18,15,0,2,0.018299
3,18,18,0,3,0.022591
3,18,18,0,0,0.021142
3,18,15,0,2,0.021514
3,6,20,2,3,0.020791
2,16,3,0,3,0.017669
3,2,3,0,1,0.017228
2,9,2,2,1,0.020717
2,16,1,0,1,0.022074
2,5,2,2,1,0.020979
2,8,1,0,1,0.021808
2,1,2,2,1,0.020639
2,2,1,0,1,0.022463
2,14,2,2,1,0.020875
2,0,1,0,1,0.019706
2,9,3,0,1,0.021339
2,9,3,0,1,0.018720
2,9,3,0,1,0.019442
0,2,3,0,1,0.020035
2,7,1,2,1,0.014063
0,3,2,2,1,0.020286
3,12,20,0,3,0.019491
3,9,18,1,1,0.018692
2,4,1,0,1,0.016859
2,7,2,1,1,0.017762
2,7,1,2,1,0.019495
2,1,1,0,1,0.015775
2,1,1,0,1,0.017294
2,20,1,0,1,0.021402
2,1,2,1,1,0.020607
2,10,1,0,1,0.021361
2,13,2,1,1,0.020441
2,6,1,0,1,0.020332
2,1,2,1,1,0.017943
2,15,1,0,1,0.019307
3,12,4,1,3,0.017092
0,1,1,0,3,0.017132
0,3,1,2,3,0.015699
3,18,0,0,1,0.014879
0,2,1,0,1,0.017168
2,9,2,1,1,0.012941
2,9,1,0,1,0.015055
3,2,3,1,3,0.013230
2,9,2,1,3,0.016293
3,2,3,1,3,0.018308
3,2,3,1,2,0.016516
2,10,1,1,2,0.021822
2,1,2,1,2,0.017631
2,1,1,1,2,0.018418
3,12,20,1,1,0.015243
2,2,1,1,1,0.016369
2,1,2,1,1,0.017598
3,18,15,1,2,0.018355
2,19,2,1,2,0.015649
2,16,1,1,2,0.017592
2,1,2,1,2,0.016394
2,13,1,1,2,0.017617
3,13,8,1,3,0.019237
2,8,1,1,3,0.019405
2,11,2,1,3,0.016767
2,4,1,1,3,0.017340
3,18,15,1,2,0.014723
2,18,2,1,2,0.013351
3,18,18,1,0,0.018191
2,18,3,1,0,0.015759
3,18,18,1,0,0.013656
3,12,20,1,2,0.012493
2,12,3,1,2,0.017067
2,17,1,1,2,0.014692
2,3,2,1,2,0.015461
3,3,3,1,0,0.015682
3,18,9,1,1,0.014896
2,13,1,1,1,0.014755
2,5,2,1,1,0.012854
2,5,1,1,1,0.016493
2,5,2,1,1,0.013197
2,20,1,1,1,0.016546
2,13,2,1,1,0.015903
3,13,13,1,2,0.016794
0,1,3,1,2,0.012119
3,12,20,1,3,0.012317
3,12,20,1,3,0.015500
3,12,11,1,2,0.019367
2,11,1,1,2,0.014027
0,2,1,1,2,0.013104
0,3,2,1,2,0.013219
3,9,18,1,1,0.016256
2,1,2,2,1,0.013737
3,9,18,1,1,0.017051
2,1,1,0,1,0.011604
0,3,1,1,1,0.013560
2,13,2,2,1,0.013793
2,0,2,0,1,0.015389
2,9,1,0,1,0.012961
3,12,20,0,3,0.013932
2,8,3,2,3,0.012864
2,7,2,0,3,0.012140
2,7,2,0,3,0.015634
2,19,2,2,3,0.013471
2,10,2,0,3,0.015319
2,14,2,2,3,0.014808
2,1,2,0,3,0.014563
2,1,2,2,3,0.013150
2,17,2,0,3,0.015093
2,5,2,2,3,0.013932
2,16,2,0,3,0.013407
2,17,2,1,3,0.014257
3,18,9,0,1,0.011900
2,9,3,0,1,0.013688
2,9,2,0,1,0.015108
2,18,2,2,1,0.012741
3,18,15,2,2,0.013642
3,18,15,0,2,0.017832
3,11,20,0,3,0.011466
2,11,1,0,3,0.012411
2,8,2,0,3,0.012463
2,3,2,1,3,0.013843
2,17,2,0,3,0.012344
2,1,2,1,3,0.013760
2,16,2,0,3,0.014460
2,9,2,1,3,0.013788
2,2,2,0,3,0.014143
2,19,2,1,3,0.013497
2,20,2,0,3,0.013874
3,20,12,1,2,0.021046
3,12,20,1,3,0.020480
2,11,2,1,3,0.012685
2,8,2,0,3,0.013608
2,8,3,0,3,0.014650
2,10,2,0,3,0.011878
2,9,3,0,3,0.011397
2,5,2,0,3,0.011425
2,5,3,0,3,0.012159
2,10,2,0,3,0.011444
2,1,2,1,3,0.011661
2,2,2,0,3,0.013610
3,12,20,0,3,0.011474
2,9,2,0,3,0.011488
2,15,2,1,3,0.010737
2,5,3,2,3,0.008917
2,6,3,2,3,0.009362
3,2,3,0,2,0.012015
2,3,3,0,2,0.013920
3,3,3,0,0,0.011931
3,2,3,1,2,0.013837
3,2,3,0,2,0.011793
2,5,3,0,2,0.010089
2,5,2,1,2,0.012362
3,12,20,0,2,0.013733
2,19,2,1,2,0.010808
2,6,2,0,2,0.013566
2,13,2,1,2,0.011532
2,20,2,0,2,0.012881
2,1,2,1,2,0.013180
2,7,2,0,2,0.013077
2,14,2,1,2,0.011381
3,3,3,0,0,0.012218
2,2,2,1,0,0.010298
2,2,2,0,0,0.010647
2,19,2,1,0,0.013347
2,17,2,0,0,0.012283
0,3,2,1,0,0.011230
3,18,0,0,1,0.011046
2,0,2,2,1,0.009830
2,16,2,0,1,0.010035
2,1,2,2,1,0.011547
2,20,2,0,1,0.012400
2,1,2,2,1,0.011978
2,16,2,0,1,0.011907
0,3,2,2,1,0.010397
2,10,2,0,1,0.010348
2,19,1,2,1,0.011602
2,2,2,0,1,0.011608
2,1,1,2,1,0.010718
2,20,2,0,1,0.011419
2,13,1,2,1,0.011233
2,8,2,0,1,0.011168
2,8,1,2,1,0.011098
3,3,3,0,0,0.009793
2,3,3,0,0,0.010588
3,3,3,0,0,0.010398
2,14,2,1,0,0.009599
2,14,1,0,0,0.014412
2,14,3,0,0,0.011689
2,14,3,0,0,0.012578
2,14,3,2,0,0.010691
2,7,1,0,0,0.010334
2,7,3,0,0,0.010917
2,14,3,0,0,0.010895
3,11,17,0,3,0.026753
2,11,2,1,3,0.024897
2,17,3,0,3,0.013525
2,1,3,0,3,0.009507
2,1,3,0,3,0.010258
2,1,2,0,3,0.012133
2,1,3,2,3,0.010189
2,8,2,0,3,0.011329
2,19,3,2,3,0.009924
2,20,2,0,3,0.010849
2,5,1,2,3,0.010669
2,16,2,0,3,0.010135
2,9,1,2,3,0.010375
2,8,2,0,3,0.010400
0,1,3,0,3,0.008778
2,1,1,2,3,0.010009
0,0,2,0,3,0.010631
2,13,1,2,3,0.009727
2,13,2,0,3,0.010581
3,13,8,2,3,0.012350
2,13,2,1,3,0.015836
2,13,1,2,3,0.010208
2,15,2,0,3,0.010424
2,17,1,2,3,0.009020
2,0,1,0,3,0.009217
2,9,1,0,3,0.008380
3,18,9,0,1,0.009093
2,18,1,0,1,0.010055
3,18,9,0,1,0.007952
2,10,2,0,1,0.011350
2,18,1,2,1,0.010284
3,12,20,0,3,0.007313
3,20,12,2,2,0.016291
3,12,20,2,2,0.013219
3,12,20,0,3,0.009276
0,1,1,2,3,0.010218
3,3,3,0,0,0.008467
3,16,11,0,2,0.012331
3,16,11,0,2,0.013561
2,16,1,0,2,0.007402
3,16,11,0,2,0.010698
3,16,11,1,2,0.013425
3,16,11,0,2,0.010919
3,11,16,0,0,0.013034
2,13,2,2,0,0.011931
3,11,16,0,0,0.011609
3,16,11,0,2,0.011527
3,16,11,0,2,0.011031
2,20,2,0,2,0.010170
2,19,1,0,2,0.009699
3,9,18,0,1,0.010214
3,9,18,0,1,0.010980
2,9,2,0,1,0.009983
3,16,11,0,2,0.008610
3,16,11,0,2,0.009102
3,16,11,0,2,0.008952
3,16,11,0,2,0.009152
3,9,18,0,1,0.009380
3,9,18,2,1,0.011564
3,18,9,0,1,0.009170
3,16,11,0,1,0.009975
3,16,11,0,1,0.014105
3,9,18,0,1,0.009543
3,9,18,2,1,0.009359
2,5,1,0,1,0.008810
2,8,3,2,1,0.009513
0,1,1,0,1,0.008163
2,14,1,0,1,0.007699
2,14,1,0,1,0.009836
2,14,1,0,1,0.007969
2,19,2,0,1,0.008738
2,0,1,0,1,0.007795
3,9,18,0,1,0.008975
3,18,9,0,1,0.009119
2,7,2,0,1,0.009033
3,12,20,2,3,0.008280
3,12,20,0,3,0.009634
2,12,1,0,3,0.009785
3,12,20,0,3,0.009197
3,12,20,0,3,0.008720
3,12,4,0,0,0.014466
3,12,4,1,3,0.010609
3,12,11,0,2,0.012983
2,11,1,0,2,0.011763
2,5,3,2,2,0.007867
3,18,9,0,1,0.009669
2,13,2,1,1,0.008379
2,20,2,0,1,0.010036
2,1,2,1,1,0.009872
2,0,2,0,1,0.009752
2,11,2,1,1,0.008706
2,20,2,0,1,0.009200
2,13,2,1,1,0.009565
0,0,2,0,1,0.009438
2,5,1,0,1,0.008659
3,12,20,1,3,0.008773
2,9,1,0,3,0.008177
2,3,2,0,3,0.007686
3,12,4,0,3,0.008081
2,4,2,0,3,0.008547
2,1,2,1,3,0.008070
2,1,2,0,3,0.008708
2,19,2,1,3,0.009493
2,20,2,1,3,0.009292
2,1,2,1,3,0.009383
2,20,2,1,3,0.009199
2,13,2,1,3,0.009114
2,2,2,1,3,0.009031
2,1,2,1,3,0.008596
2,16,2,1,3,0.008923
2,19,2,1,3,0.008202
1,0.300000
1,0.500000
0,0.100000
0,0.100000
1,0.300000
1,0.500000
1,0.300000
1,0.400000
0,0.100000
1,0.500000
1,0.200000
1,0.200000
1,0.200000
1,0.200000
0,0.100000
0,0.100000
0,0.100000
0,0.100000
0,0.100000
0,0.100000
0,0.100000
0,0.300000
1,0.200000
1,0.200000
1,0.200000
1,0.200000
1,0.200000
1,0.400000
1,0.200000
1,0.400000
1,0.200000
1,0.400000
1,0.200000
0,0.300000
1,0.400000
1,0.100000
1,0.100000
1,0.100000
1,0.200000
0,0.200000
0,0.200000
1,0.400000
0,0.200000
0,0.200000
0,0.200000
0,0.300000
0,0.200000
0,0.200000
0,0.300000
0,0.200000
0,0.200000
0,0.300000
0,0.200000
0,0.300000
0,0.200000
0,0.200000
0,0.200000
0,0.200000
0,0.300000
0,0.200000
0,0.200000
0,0.300000
1,0.400000
0,0.300000
0,0.200000
0,0.200000
0,0.200000
0,0.200000
1,0.200000
1,0.200000
0,0.200000
0,0.200000
0,0.200000
0,0.200000
1,0.400000
0,0.200000
1,0.200000
0,0.200000
0,0.100000
0,0.300000
1,0.400000
0,0.300000
1,0.400000
0,0.300000
0,0.100000
0,0.300000
1,0.400000
0,0.300000
0,0.100000
0,0.100000
0,0.100000
0,0.100000
0,0.300000
1,0.400000
0,0.300000
1,0.400000
0,0.300000
1,0.400000
0,0.300000
1,0.400000
1,0.400000
0,0.100000
0,0.100000
0,0.300000
1,0.400000
0,0.100000
0,0.100000
0,0.100000
0,0.100000
0,0.300000
1,0.400000
0,0.300000
0,0.300000
1,0.400000
0,0.300000
0,0.300000
1,0.200000
0,0.100000
0,0.100000
1,0.400000
0,0.100000
0,0.100000
0,0.100000
0,0.100000
0,0.100000
0,0.100000
0,0.100000
0,0.100000
1,0.400000
0,0.100000
1,0.400000
0,0.100000
0,0.100000
0,0.100000
1,0.200000
1,0.100000
1,0.200000
1,0.200000
1,0.100000
1,0.400000
1,0.100000
1,0.200000
1,0.100000
1,0.200000
1,0.200000
1,0.200000
1,0.200000
1,0.200000
1,0.200000
1,0.200000
1,0.100000
1,0.200000
1,0.100000
1,0.100000
0,0.100000
0,0.300000
1,0.400000
0,0.300000
1,0.400000
0,0.300000
1,0.400000
0,0.300000
1,0.400000
0,0.300000
1,0.400000
0,0.300000
1,0.400000
0,0.200000
0,0.200000
0,0.200000
0,0.200000
0,0.100000
0,0.100000
0,0.100000
0,0.100000
0,0.200000
1,0.400000
0,0.200000
1,0.400000
0,0.200000
1,0.400000
1,0.400000
0,0.200000
0,0.200000
1,0.400000
0,0.200000
0,0.200000
1,0.400000
0,0.200000
0,0.200000
1,0.400000
0,0.200000
1,0.400000
0,0.200000
1,0.400000
0,0.300000
1,0.400000
0,0.300000
0,0.100000
0,0.100000
0,0.200000
0,0.200000
0,0.200000
0,0.200000
1,0.400000
0,0.100000
0,0.200000
1,0.400000
0,0.200000
1,0.400000
0,0.200000
1,0.400000
0,0.200000
1,0.400000
0,0.200000
0,0.100000
0,0.100000
0,0.100000
0,0.100000
0,0.200000
1,0.400000
0,0.200000
1,0.400000
0,0.200000
1,0.400000
0,0.200000
0,0.200000
0,0.200000
0,0.200000
1,0.400000
0,0.200000
1,0.400000
0,0.200000
1,0.400000
0,0.200000
1,0.400000
0,0.100000
0,0.200000
0,0.200000
0,0.200000
1,0.400000
1,0.100000
1,0.100000
1,0.400000
0,0.400000
1,0.100000
0,0.400000
1,0.400000
0,0.400000
1,0.400000
0,0.400000
1,0.400000
0,0.400000
1,0.400000
0,0.400000
1,0.400000
0,0.400000
1,0.400000
0,0.400000
1,0.400000
0,0.400000
1,0.400000
1,0.400000
1,0.400000
1,0.100000
1,0.100000
1,0.100000
1,0.100000
0,0.400000
1,0.400000
0,0.400000
1,0.400000
0,0.400000
1,0.400000
0,0.400000
1,0.400000
0,0.400000
1,0.400000
0,0.400000
1,0.100000
1,0.400000
1,0.400000
0,0.300000
0,0.300000
0,0.300000
1,0.400000
0,0.400000
1,0.400000
0,0.400000
1,0.100000
0,0.400000
1,0.400000
0,0.400000
1,0.100000
0,0.400000
1,0.300000
0,0.400000
0,0.400000
1,0.400000
0,0.400000
1,0.400000
0,0.400000
1,0.400000
0,0.400000
1,0.400000
0,0.400000
1,0.400000
0,0.400000
0,0.200000
0,0.400000
1,0.400000
1,0.300000
0,0.400000
0,0.200000
1,0.100000
0,0.400000
1,0.400000
0,0.400000
1,0.400000
0,0.400000
1,0.400000
0,0.400000
1,0.400000
0,0.400000
1,0.400000
1,0.400000
1,0.400000
0,0.400000
0,0.200000
0,0.400000
0,0.200000
0,0.400000
0,0.200000
0,0.400000
1,0.400000
0,0.500000
1,0.100000
0,0.400000
1,0.400000
1,0.300000
1,0.300000
0,0.500000
0,0.200000
0,0.400000
1,0.400000
0,0.500000
0,0.200000
1,0.400000
0,0.500000
1,0.400000
0,0.500000
1,0.400000
0,0.500000
1,0.400000
0,0.500000
1,0.400000
0,0.500000
1,0.400000
0,0.500000
1,0.400000
0,0.500000
1,0.400000
0,0.500000
1,0.400000
0,0.500000
1,0.400000
0,0.500000
1,0.400000
0,0.500000
1,0.400000
0,0.500000
1,0.400000
0,0.500000
1,0.400000
0,0.500000
1,0.400000
0,0.500000
1,0.400000
0,0.500000
0,0.200000
0,0.500000
1,0.200000
1,0.100000
0,0.200000
0,0.200000
1,0.300000
1,0.100000
0,0.200000
0,0.200000
0,0.200000
1,0.400000
0,0.200000
0,0.200000
0,0.200000
0,0.500000
1,0.300000
0,0.500000
1,0.300000
0,0.500000
1,0.400000
0,0.500000
1,0.400000
0,0.500000
0,0.200000
1,0.400000
0,0.500000
1,0.400000
0,0.500000
1,0.400000
1,0.200000
1,0.400000
0,0.500000
1,0.400000
0,0.100000
0,0.100000
0,0.100000
1,0.100000
1,0.100000
0,0.500000
1,0.400000
0,0.100000
1,0.400000
1,0.400000
0,0.100000
1,0.400000
0,0.500000
1,0.100000
0,0.100000
1,0.100000
1,0.100000
1,0.400000
1,0.100000
0,0.100000
1,0.400000
0,0.500000
0,0.500000
1,0.100000
0,0.500000
1,0.100000
0,0.500000
1,0.100000
0,0.500000
0,0.100000
0,0.100000
0,0.100000
1,0.100000
0,0.100000
1,0.400000
0,0.100000
0,0.100000
0,0.500000
0,0.500000
1,0.300000
0,0.100000
1,0.300000
0,0.100000
1,0.100000
1,0.100000
1,0.100000
0,0.400000
1,0.100000
0,0.400000
1,0.100000
0,0.400000
1,0.300000
0,0.400000
1,0.100000
1,0.100000
1,0.100000
0,0.400000
1,0.400000
0,0.500000
1,0.100000
1,0.300000
0,0.500000
1,0.400000
0,0.500000
1,0.400000
0,0.500000
1,0.400000
0,0.500000
1,0.400000
0,0.500000
1,0.100000
0,0.500000
1,0.100000
0,0.400000
0,0.400000
0,0.400000
1,0.200000
0,0.400000
1,0.200000
0,0.500000
1,0.200000
0,0.500000
1,0.200000
0,0.500000
1,0.200000
0,0.500000
1,0.200000
1,0.882622
0,1.154252
0,1.276276
0,1.273894
1,4.718527
0,1.328586
1,4.534607
0,1.260088
1,1.999988
0,1.303954
0,1.389360
1,1.903054
1,1.623894
1,1.239007
0,1.325027
0,0.966695
0,1.325027
0,7.161957
0,7.161957
1,1.239007
1,1.339007
0,1.572763
0,1.126979
0,1.572763
1,1.339007
1,1.728586
1,3.124217
1,1.728586
1,3.264606
1,1.525027
1,3.010491
0,4.618527
0,1.255165
0,1.380430
0,4.618527
0,1.255165
0,1.330430
0,4.618527
0,4.618527
0,4.618527
1,2.087044
1,1.722763
1,1.446427
1,1.328586
0,1.195636
1,1.328586
1,1.369997
0,1.364906
1,1.328586
1,1.328586
1,1.369997
0,1.414906
1,1.369997
0,1.414906
1,1.722763
0,1.195636
0,1.195636
0,1.094336
0,1.414906
0,1.195636
0,1.195636
0,1.549987
1,1.499653
0,1.256034
0,1.256034
1,1.722763
0,1.478586
1,1.499653
1,1.328586
1,1.722763
1,1.239007
1,1.105165
1,1.722763
1,1.239007
1,1.499653
1,1.239007
0,4.618527
0,4.618527
0,4.618527
0,1.549987
1,1.536879
0,1.549987
1,1.655538
0,2.589890
1,1.655538
0,2.589890
0,1.237490
0,1.549987
0,1.237490
0,1.237490
1,1.078414
0,1.149987
0,1.549987
1,1.627021
0,1.439007
0,1.237490
0,2.589890
1,1.591575
0,1.323887
1,1.154252
1,1.554252
0,1.382329
0,1.382329
1,1.257354
1,1.637490
1,1.257354
0,1.232329
1,1.213379
1,1.637490
1,1.164796
1,2.511717
0,1.478586
1,1.328586
1,2.511717
0,1.762472
0,6.733919
1,1.637490
1,4.770106
0,1.762472
0,1.130153
0,1.195636
0,1.180153
0,1.592613
0,1.369851
0,1.232329
1,1.239007
0,1.099987
0,1.099987
0,1.232329
1,1.239007
0,1.056034
1,0.928414
0,4.618527
0,4.618527
0,4.618527
1,1.239007
1,1.239007
1,1.405165
0,1.680580
1,1.405165
0,1.680580
1,1.405165
0,1.680580
0,4.618527
1,2.016544
0,2.339890
1,2.066544
0,4.618527
0,2.249988
1,2.511717
0,1.592613
1,2.511717
1,2.511717
0,3.800251
0,1.130153
0,3.800251
1,2.511717
1,1.189007
0,1.130153
0,3.800251
0,1.232329
0,3.800251
0,1.130153
0,3.800251
0,1.055165
1,1.412472
1,2.511717
1,1.412472
0,1.299653
1,1.530153
0,1.299653
1,1.530153
1,2.099988
1,2.511717
1,2.511717
1,1.412472
1,2.511717
0,2.349988
1,1.506414
0,2.349988
1,1.432329
0,1.099987
0,1.339007
0,1.680580
1,1.591575
1,1.430580
0,2.349988
1,1.557354
0,1.391575
0,1.549987
0,1.099987
1,0.928414
1,1.557354
1,0.928414
1,1.557354
0,2.349988
0,4.618527
1,0.928414
0,4.618527
0,4.618527
0,1.339007
1,7.412475
0,6.733919
1,1.239007
0,4.618527
1,1.557354
0,1.323887
1,1.557354
0,2.349988
1,1.557354
0,2.349988
1,1.506414
0,2.349988
1,1.506414
0,2.349988
1,1.569764
1,1.557354
0,1.364515
1,1.569764
0,2.349988
1,1.506414
0,2.349988
1,1.557354
0,1.299653
1,1.456414
1,2.116544
0,1.299653
1,1.123887
1,1.139007
1,1.456414
1,1.139007
1,1.456414
1,1.139007
1,1.456414
1,1.139007
1,1.456414
1,1.139007
1,1.569764
1,1.569764
1,1.139007
1,2.116544
1,1.123887
0,1.299653
1,1.499653
1,1.099653
0,1.055165
1,1.139007
1,2.511717
1,1.139007
1,2.511717
1,1.139007
1,1.639007
1,1.139007
0,1.339007
0,1.364515
0,1.339007
1,1.412472
0,1.232329
0,1.389007
0,1.339007
0,1.607354
0,1.339007
1,2.116544
0,6.733919
1,7.212475
0,6.733919
1,2.116544
1,1.442613
1,2.099988
1,1.742613
1,0.928414
1,1.742613
1,1.319764
1,2.099988
1,1.816544
1,2.099988
0,1.607354
1,2.099988
1,1.412472
1,2.099988
1,2.099988
0,1.999988
1,1.291575
1,1.319764
0,2.249988
0,1.999988
0,1.607354
1,1.557354
1,1.257354
0,1.592613
0,2.249988
0,1.999988
0,2.249988
0,1.592613
0,2.249988
1,1.557354
0,1.592613
0,1.592613
1,1.456414
0,1.792613
1,1.456414
0,1.792613
1,2.316544
0,1.792613
1,1.456414
0,1.592613
1,2.316544
0,1.592613
1,4.770106
1,4.770106
1,1.742613
1,1.639007
0,1.389007
1,4.770106
1,1.742613
1,4.770106
1,1.742613
1,0.928414
1,1.742613
1,0.928414
1,1.742613
1,0.928414
1,1.456414
1,0.928414
0,2.339890
1,2.099988
0,1.999988
0,2.349988
0,1.999988
0,1.999988
0,1.999988
0,1.999988
0,1.999988
0,2.349988
0,1.999988
0,2.349988
0,1.999988
1,1.816544
1,1.742613
1,1.128414
1,1.742613
1,1.105165
0,1.055165
1,0.978414
0,1.055165
1,1.105165
1,2.211717
1,1.742613
1,1.816544
1,1.742613
0,1.428414
1,1.742613
0,1.428414
1,1.742613
0,1.428414
1,1.742613
0,1.428414
1,1.128414
1,1.078414
1,1.742613
1,1.319764
1,1.742613
1,1.319764
1,1.128414
1,1.078414
1,1.557354
1,0.928414
1,1.557354
1,0.928414
1,1.557354
1,0.928414
1,1.557354
1,0.928414
1,1.557354
1,0.928414
1,1.557354
1,0.928414
1,1.557354
1,1.078414
1,2.049988
1,0.928414
1,1.557354
1,1.742613
1,1.557354
0,1.428414
1,1.557354
1,1.557354
1,4.770106
0,1.428414
1,1.164796
1,1.456414
1,2.049988
0,1.428414
1,2.116544
0,1.428414
1,1.742613
0,1.428414
1,1.742613
0,1.607354
1,1.742613
0,1.607354
1,1.742613
0,1.428414
1,2.116544
1,1.456414
0,1.428414
1,1.456414
0,1.428414
1,1.432329
0,1.232329
1,1.456414
0,1.607354
1,1.456414
0,1.428414
0,1.428414
0,1.592613
1,1.507354
1,1.742613
0,1.607354
0,1.492613
1,2.049988
0,2.339890
1,2.116544
0,2.349988
1,1.456414
0,1.428414
0,1.322763
1,1.422763
0,1.607354
0,1.622763
1,1.522763
0,1.322763
0,1.680580
1,1.530580
1,1.430580
0,1.622763
1,1.722763
0,1.607354
1,1.456414
0,1.607354
1,1.557354
0,1.607354
0,1.472763
1,1.522763
0,1.622763
1,1.722763
0,1.607354
1,1.507354
0,1.592613
0,1.255538
1,1.355538
0,1.607354
1,1.557354
0,1.607354
1,1.456414
0,1.256414
1,1.456414
0,1.256414
0,1.256414
1,1.442613
1,1.442613
0,1.607354
1,1.742613
0,1.642613
0,1.999988
1,2.049988
0,1.256414
1,2.099988
0,1.999988
0,1.364515
1,1.456414
1,1.241575
1,1.557354
0,1.256414
0,1.792613
1,1.557354
0,2.349988
1,1.557354
0,2.349988
1,1.557354
0,2.349988
1,1.557354
0,2.349988
1,1.557354
0,2.349988
1,1.557354
0,1.256414
0,1.256414
0,1.719764
1,1.507354
1,2.099988
1,1.557354
0,1.719764
1,1.557354
0,1.719764
1,1.557354
0,1.719764
1,1.557354
0,1.719764
1,1.557354
0,0
0,3
0,6
1,3
0,0
0,0
0,0
1,1
1,0
1,1
1,0
0,0
1,3
1,4
0,0
0,0
1,1
0,0
1,0
1,1
0,0
1,1
0,0
1,0
0,0
1,6
0,8
1,3
0,0
0,3
1,0
0,3
1,6
0,8
1,1
1,1
1,6
1,6
1,5
1,0
1,0
1,4
1,4
1,0
1,5
1,0
1,6
0,4
1,4
1,2
1,2
1,0
1,4
1,3
1,3
1,2
1,2
1,4
0,1
1,6
1,2
0,1
1,3
1,2
1,2
1,2
1,2
1,6
1,5
1,4
1,1
1,5
1,6
0,1
0,1
0,1
0,1
0,1
1,5
0,3
0,1
0,6
0,1
0,5
1,6
0,1
1,7
1,1
1,5
0,0
1,1
1,3
1,0
1,3
1,0
1,2
1,2
1,3
1,2
1,4
1,8
1,2
1,3
0,0
1,4
1,0
1,3
1,2
1,5
1,6
0,0
1,2
1,1
0,0
1,1
1,1
1,5
1,2
1,2
1,1
0,2
1,4
1,2
1,7
1,7
1,0
1,6
0,7
1,4
1,2
1,8
0,3
1,5
0,4
1,1
0,1
1,0
1,8
0,1
1,8
0,4
1,4
1,0
1,5
0,6
0,4
1,6
0,4
1,0
0,4
1,6
1,4
1,1
0,0
0,0
0,6
1,2
1,0
1,4
0,6
0,0
0,1
0,0
0,3
1,4
1,6
1,3
1,6
0,7
1,6
0,7
1,3
1,1
1,1
1,6
0,3
0,0
0,6
1,8
0,3
1,2
1,2
1,2
1,0
1,6
0,1
0,3
0,0
0,1
1,6
1,8
1,6
1,6
1,0
1,6
0,1
1,4
0,7
1,6
1,3
0,5
0,0
1,6
0,0
1,8
1,3
1,6
0,0
0,7
0,0
0,6
1,8
0,7
0,1
1,2
1,6
0,4
1,3
1,8
1,0
1,8
0,1
1,8
1,0
0,1
1,2
0,1
1,2
0,1
1,8
0,4
1,6
0,4
1,8
1,1
1,8
0,3
0,4
0,0
1,1
0,4
1,5
0,3
0,0
0,4
0,3
0,4
1,8
0,3
1,2
0,7
1,8
0,8
1,4
0,8
1,8
0,4
1,6
0,6
1,5
0,3
0,0
0,0
1,2
0,0
1,1
0,0
1,3
1,1
1,6
1,0
1,6
1,0
0,0
1,1
0,0
0,1
1,6
1,0
1,2
1,2
0,1
1,0
1,1
0,1
0,1
1,2
1,8
1,2
1,2
1,2
1,6
1,2
1,8
1,0
1,3
0,1
1,0
1,4
0,4
0,0
0,3
1,5
0,8
1,8
1,0
1,6
0,4
0,4
1,3
0,0
0,4
0,1
0,1
1,2
0,6
1,6
0,8
1,8
0,8
0,0
0,7
1,5
0,1
1,8
1,3
1,5
1,0
0,1
1,0
0,4
0,4
1,5
0,2
1,8
1,0
1,3
1,3
0,4
0,4
0,0
1,2
1,3
1,2
1,4
1,2
1,2
0,0
0,4
1,5
0,4
1,6
0,3
1,8
0,5
0,0
0,7
1,4
0,7
1,5
0,8
1,8
0,3
1,8
0,7
1,8
0,3
1,8
1,0
1,5
0,4
1,5
0,7
1,8
0,3
1,8
0,7
1,4
0,1
1,3
0,6
1,6
0,5
1,6
0,7
1,6
1,2
0,1
0,7
0,1
1,3
1,3
0,1
1,2
0,3
1,6
0,6
1,5
0,3
0,0
0,8
0,0
1,0
1,6
1,8
0,4
1,8
0,4
1,2
1,1
1,6
1,1
1,6
0,6
0,4
1,5
0,0
1,1
0,4
1,1
1,3
1,3
1,0
1,0
1,8
0,1
1,8
0,4
1,2
1,7
1,8
1,3
0,4
1,8
0,8
1,0
1,3
0,1
1,5
0,4
1,3
1,3
1,6
1,6
1,1
1,8
1,1
1,8
1,1
1,6
0,8
1,1
1,8
1,1
1,3
1,6
1,6
0,5
1,6
1,0
1,8
1,0
1,1
1,0
1,8
1,1
1,3
1,1
1,1
0,7
1,6
0,7
1,1
1,8
0,3
1,8
0,3
1,8
1,1
1,5
0,4
1,8
0,4
0,0
0,8
1,7
1,3
0,7
0,3
1,2
0,3
1,5
0,4
1,8
0,4
1,8
0,8
1,8
0,8
1,5
5.145635,1920.000000
4.790947,1920.000000
4.822599,1920.000000
4.530972,1920.000000
5.057734,1920.000000
4.786382,1920.000000
5.031559,1920.000000
4.881015,1920.000000
4.859367,1920.000000
4.856281,1920.000000
4.725518,1920.000000
5.195523,1920.000000
4.752010,1920.000000
4.884842,1920.000000
4.812602,1920.000000
4.778562,1920.000000
4.854893,1920.000000
4.848403,1920.000000
5.324063,1920.000000
4.827540,1920.000000
5.460456,1920.000000
5.011991,1920.000000
4.728809,1920.000000
4.680454,1920.000000
4.580567,1920.000000
4.431380,1920.000000
4.496448,1920.000000
4.646413,1920.000000
4.590912,1920.000000
4.618803,1920.000000
4.845431,1920.000000
4.709148,1920.000000
4.973620,1920.000000
4.815373,1920.000000
4.913414,1920.000000
4.891338,1920.000000
4.730396,1920.000000
4.731892,1920.000000
4.530574,1920.000000
4.666345,1920.000000
4.303670,1920.000000
4.819108,1920.000000
4.971659,1920.000000
4.521317,1920.000000
4.720098,1920.000000
4.356050,1920.000000
4.606533,1920.000000
4.694240,1920.000000
4.467727,1920.000000
4.409602,1920.000000
4.527976,1920.000000
4.883536,1920.000000
4.418457,1920.000000
4.655732,1920.000000
4.837851,1920.000000
5.071260,1920.000000
4.857562,1920.000000
4.551593,1920.000000
4.624156,1920.000000
4.518534,1920.000000
4.748206,1920.000000
4.615595,1920.000000
5.181215,1920.000000
4.969956,1920.000000
4.968218,1920.000000
4.970547,1920.000000
4.765668,1920.000000
4.728632,1920.000000
4.461383,1920.000000
4.622219,1920.000000
4.555202,1920.000000
4.368890,1920.000000
4.503362,1920.000000
4.331854,1920.000000
4.442638,1920.000000
4.490217,1920.000000
4.770357,1920.000000
4.569506,1920.000000
4.501651,1920.000000
4.764450,1920.000000
4.598815,1920.000000
4.749054,1920.000000
4.329002,1920.000000
4.782955,1920.000000
4.459156,1920.000000
4.478283,1920.000000
4.395442,1920.000000
4.179695,1920.000000
4.458255,1920.000000
4.157405,1920.000000
4.330719,1920.000000
4.329926,1920.000000
4.100772,1920.000000
4.217593,1920.000000
4.179662,1920.000000
4.716020,1920.000000
4.546703,1920.000000
4.564613,1920.000000
4.638209,1920.000000
4.343600,1920.000000
4.511029,1920.000000
4.406147,1920.000000
4.448621,1920.000000
4.510197,1920.000000
4.571209,1920.000000
4.482026,1920.000000
4.228009,1920.000000
4.630867,1920.000000
4.280308,1920.000000
4.109623,1920.000000
4.158382,1920.000000
4.174522,1920.000000
4.245303,1920.000000
3.945023,1920.000000
4.391299,1920.000000
4.354211,1920.000000
4.359304,1920.000000
4.434987,1920.000000
4.128821,1920.000000
4.452591,1920.000000
4.115029,1920.000000
4.148201,1920.000000
3.857577,1920.000000
3.969450,1920.000000
3.963984,1920.000000
4.354684,1920.000000
4.441686,1920.000000
3.792551,1920.000000
4.236752,1920.000000
3.735735,1920.000000
3.857717,1920.000000
3.879710,1920.000000
4.104142,1920.000000
3.973017,1920.000000
3.997670,1920.000000
4.432289,1920.000000
4.361712,1920.000000
4.592617,1920.000000
4.028193,1920.000000
4.048804,1920.000000
4.516445,1920.000000
3.988573,1920.000000
4.077756,1920.000000
4.099343,1920.000000
4.389805,1920.000000
4.339540,1920.000000
4.908193,1920.000000
4.452662,1920.000000
4.273950,1920.000000
4.525560,1920.000000
4.325342,1920.000000
4.573152,1920.000000
4.375376,1920.000000
4.192693,1920.000000
4.080464,1920.000000
4.157448,1920.000000
4.423016,1920.000000
4.332644,1920.000000
4.534110,1920.000000
4.496316,1920.000000
4.400940,1920.000000
4.221227,1920.000000
4.364099,1920.000000
4.304666,1920.000000
4.189173,1920.000000
3.996354,1920.000000
4.113147,1920.000000
4.395130,1920.000000
4.200316,1920.000000
4.129551,1920.000000
3.948170,1920.000000
3.872292,1920.000000
4.041790,1920.000000
3.989152,1920.000000
3.939437,1920.000000
4.154594,1920.000000
3.862306,1920.000000
3.825056,1920.000000
3.733841,1920.000000
4.442405,1920.000000
3.882540,1920.000000
3.863780,1920.000000
4.527547,1920.000000
4.000993,1920.000000
3.820092,1920.000000
4.125688,1920.000000
4.218864,1920.000000
4.393561,1920.000000
4.963523,1920.000000
4.222248,1920.000000
4.403359,1920.000000
4.483652,1920.000000
4.329812,1920.000000
4.454365,1920.000000
4.210906,1920.000000
4.601562,1920.000000
4.260465,1920.000000
3.982520,1920.000000
4.442453,1920.000000
4.190535,1920.000000
4.569073,1920.000000
4.447003,1920.000000
4.212753,1920.000000
4.332680,1920.000000
4.421477,1920.000000
4.475612,1920.000000
4.293712,1920.000000
4.342954,1920.000000
4.445614,1920.000000
4.726395,1920.000000
4.454083,1920.000000
4.347597,1920.000000
4.365161,1920.000000
4.064857,1920.000000
4.425267,1920.000000
4.244251,1920.000000
4.426260,1920.000000
3.990148,1920.000000
3.965433,1920.000000
4.462808,1920.000000
4.179607,1920.000000
4.711373,1920.000000
4.101125,1920.000000
4.308499,1920.000000
4.286760,1920.000000
3.917281,1920.000000
4.061763,1920.000000
4.052338,1920.000000
4.197581,1920.000000
3.754957,1920.000000
4.390154,1920.000000
4.076000,1920.000000
3.956873,1920.000000
4.189816,1920.000000
3.907626,1920.000000
4.198241,1920.000000
4.098711,1920.000000
4.005506,1920.000000
4.144285,1920.000000
3.813560,1920.000000
4.410868,1920.000000
4.200297,1920.000000
4.556037,1920.000000
4.402107,1920.000000
4.370195,1920.000000
4.440109,1920.000000
4.377274,1920.000000
4.505059,1920.000000
4.126208,1920.000000
4.107757,1920.000000
4.266055,1920.000000
4.778928,1920.000000
4.664072,1920.000000
4.411394,1920.000000
4.360358,1920.000000
4.181558,1920.000000
4.451572,1920.000000
4.397781,1920.000000
3.923986,1920.000000
4.233466,1920.000000
3.869499,1920.000000
3.995975,1920.000000
4.100277,1920.000000
4.252306,1920.000000
4.151049,1920.000000
4.251551,1920.000000
4.130901,1920.000000
4.308121,1920.000000
4.211954,1920.000000
3.798684,1920.000000
4.052594,1920.000000
4.014909,1920.000000
4.269626,1920.000000
4.249472,1920.000000
3.889888,1920.000000
4.118794,1920.000000
3.750625,1920.000000
3.785491,1920.000000
4.172616,1920.000000
3.812583,1920.000000
4.005895,1920.000000
4.008877,1920.000000
4.098898,1920.000000
3.706270,1920.000000
4.037326,1920.000000
3.901449,1920.000000
3.817315,1920.000000
3.745295,1920.000000
3.720622,1920.000000
3.787643,1920.000000
3.920304,1920.000000
3.893337,1920.000000
4.100739,1920.000000
4.272158,1920.000000
4.089170,1920.000000
3.845480,1920.000000
3.829635,1920.000000
3.518211,1920.000000
4.089887,1920.000000
3.848543,1920.000000
3.819654,1920.000000
3.934175,1920.000000
3.797064,1920.000000
3.869978,1920.000000
3.659701,1920.000000
3.903207,1920.000000
4.005329,1920.000000
3.967400,1920.000000
3.911595,1920.000000
3.557723,1920.000000
3.563125,1920.000000
3.567271,1920.000000
3.600754,1920.000000
3.414328,1920.000000
3.785596,1920.000000
3.803347,1920.000000
3.326255,1920.000000
3.748173,1920.000000
3.486974,1920.000000
3.638719,1920.000000
3.737920,1920.000000
3.752540,1920.000000
3.794484,1920.000000
3.588202,1920.000000
3.819867,1920.000000
3.525404,1920.000000
4.150162,1920.000000
3.793775,1920.000000
3.888575,1920.000000
3.837459,1920.000000
3.693742,1920.000000
3.666552,1920.000000
4.001425,1920.000000
3.954633,1920.000000
3.756866,1920.000000
4.285702,1920.000000
3.907856,1920.000000
4.015485,1920.000000
4.112075,1920.000000
3.743502,1920.000000
4.287663,1920.000000
3.867704,1920.000000
3.912572,1920.000000
3.928915,1920.000000
3.858947,1920.000000
4.465025,1920.000000
3.992390,1920.000000
4.194670,1920.000000
4.165121,1920.000000
4.307206,1920.000000
4.396076,1920.000000
4.052338,1920.000000
4.356050,1920.000000
4.138002,1920.000000
4.272046,1920.000000
4.128494,1920.000000
4.418156,1920.000000
4.061662,1920.000000
4.103577,1920.000000
4.081966,1920.000000
4.047776,1920.000000
4.023534,1920.000000
4.086257,1920.000000
4.149470,1920.000000
4.040627,1920.000000
4.144923,1920.000000
4.510004,1920.000000
4.559071,1920.000000
4.485037,1920.000000
4.458612,1920.000000
4.635771,1920.000000
4.727603,1920.000000
4.644399,1920.000000
4.253122,1920.000000
4.218251,1920.000000
4.397893,1920.000000
4.284979,1920.000000
5.132308,1920.000000
4.971809,1920.000000
4.342822,1920.000000
4.918716,1920.000000
4.640960,1920.000000
4.732081,1920.000000
4.696385,1920.000000
4.637127,1920.000000
4.831091,1920.000000
4.643351,1920.000000
4.734432,1920.000000
4.467660,1920.000000
4.979970,1920.000000
4.679173,1920.000000
4.918278,1920.000000
4.989621,1920.000000
4.407714,1920.000000
4.740130,1920.000000
4.664451,1920.000000
4.573637,1920.000000
4.917519,1920.000000
5.331883,1920.000000
5.141975,1920.000000
4.795048,1920.000000
4.859367,1920.000000
4.666904,1920.000000
4.867132,1920.000000
4.799116,1920.000000
4.679705,1920.000000
4.890700,1920.000000
4.408607,1920.000000
4.761788,1920.000000
4.461982,1920.000000
5.061392,1920.000000
4.766289,1920.000000
4.710665,1920.000000
4.840382,1920.000000
4.737030,1920.000000
4.475565,1920.000000
4.513437,1920.000000
4.741235,1920.000000
4.708432,1920.000000
5.237063,1920.000000
4.971976,1920.000000
4.631547,1920.000000
4.685371,1920.000000
4.642604,1920.000000
4.571582,1920.000000
4.648818,1920.000000
4.542399,1920.000000
5.000130,1920.000000
4.493392,1920.000000
4.514551,1920.000000
4.649839,1920.000000
4.901707,1920.000000
4.971623,1920.000000
5.148341,1920.000000
4.899399,1920.000000
4.681244,1920.000000
4.954428,1920.000000
4.486651,1920.000000
4.893516,1920.000000
4.670060,1920.000000
5.168126,1920.000000
4.990968,1920.000000
4.713893,1920.000000
5.041350,1920.000000
4.675388,1920.000000
4.875013,1920.000000
4.746638,1920.000000
4.973766,1920.000000
4.720187,1920.000000
4.859983,1920.000000
5.274906,1920.000000
4.611989,1920.000000
5.150025,1920.000000
4.852307,1920.000000
4.895291,1920.000000
5.144695,1920.000000
4.851243,1920.000000
4.726179,1920.000000
4.919139,1920.000000
5.161271,1920.000000
5.087335,1920.000000
5.371121,1920.000000
5.180927,1920.000000
4.820248,1920.000000
4.596116,1920.000000
4.634180,1920.000000
4.573806,1920.000000
4.455392,1920.000000
4.716045,1920.000000
4.287393,1920.000000
4.677680,1920.000000
4.562732,1920.000000
4.810260,1920.000000
4.932789,1920.000000
4.678916,1920.000000
4.754526,1920.000000
4.855245,1920.000000
4.674539,1920.000000
4.873035,1920.000000
4.711597,1920.000000
4.955168,1920.000000
4.390978,1920.000000
4.988135,1920.000000
4.917717,1920.000000
4.704846,1920.000000
4.991503,1920.000000
4.452016,1920.000000
4.531406,1920.000000
4.548460,1920.000000
4.573921,1920.000000
4.606135,1920.000000
4.536597,1920.000000
4.803771,1920.000000
4.444026,1920.000000
4.722214,1920.000000
4.571244,1920.000000
4.650018,1920.000000
4.839423,1920.000000
4.718538,1920.000000
4.561056,1920.000000
4.610876,1920.000000
4.640907,1920.000000
4.696237,1920.000000
5.344666,1920.000000
4.867142,1920.000000
4.601427,1920.000000
4.764776,1920.000000
4.731628,1920.000000
5.081409,1920.000000
4.549370,1920.000000
4.627168,1920.000000
4.577060,1920.000000
4.460185,1920.000000
4.615482,1920.000000
4.421144,1920.000000
4.593273,1920.000000
4.538522,1920.000000
4.664936,1920.000000
4.535931,1920.000000
4.488728,1920.000000
4.605117,1920.000000
4.430020,1920.000000
4.692724,1920.000000
4.263243,1920.000000
4.503180,1920.000000
4.529477,1920.000000
4.387140,1920.000000
4.480971,1920.000000
4.142955,1920.000000
4.316774,1920.000000
4.169403,1920.000000
4.428674,1920.000000
4.180861,1920.000000
4.166810,1920.000000
4.657823,1920.000000
4.407398,1920.000000
4.461064,1920.000000
4.374676,1920.000000
4.388544,1920.000000
4.569121,1920.000000
4.269914,1920.000000
4.500451,1920.000000
4.408076,1920.000000
4.465030,1920.000000
4.418504,1920.000000
4.694639,1920.000000
4.646224,1920.000000
4.405930,1920.000000
4.333953,1920.000000
4.267348,1920.000000
4.327481,1920.000000
4.085276,1920.000000
4.167371,1920.000000
4.321045,1920.000000
3.937476,1920.000000
4.462764,1920.000000
4.301031,1920.000000
4.245577,1920.000000
4.262337,1920.000000
4.123848,1920.000000
4.537815,1920.000000
4.275288,1920.000000
4.177851,1920.000000
3.735073,1920.000000
4.292711,1920.000000
3.854626,1920.000000
4.076810,1920.000000
4.056943,1920.000000
3.815502,1920.000000
4.155748,1920.000000
3.732733,1920.000000
3.704119,1920.000000
4.023077,1920.000000
4.006977,1920.000000
4.182822,1920.000000
4.086002,1920.000000
4.391379,1920.000000
4.241642,1920.000000
4.624783,1920.000000
3.985680,1920.000000
4.128092,1920.000000
4.459338,1920.000000
4.023352,1920.000000
4.342418,1920.000000
4.125751,1920.000000
4.094614,1920.000000
4.602931,1920.000000
4.912258,1920.000000
4.334393,1920.000000
4.322997,1920.000000
4.423894,1920.000000
4.023216,1920.000000
4.511221,1920.000000
4.336142,1920.000000
4.373938,1920.000000
4.228136,1920.000000
4.108158,1920.000000
4.431361,1920.000000
4.475563,1920.000000
4.326533,1920.000000
4.308208,1920.000000
4.509853,1920.000000
4.313550,1920.000000
4.281176,1920.000000
4.183531,1920.000000
4.173734,1920.000000
4.057193,1920.000000
3.809776,1920.000000
4.507764,1920.000000
4.241050,1920.000000
4.039320,1920.000000
4.176654,1920.000000
3.856944,1920.000000
3.905087,1920.000000
3.857945,1920.000000
3.854123,1920.000000
4.125251,1920.000000
3.951278,1920.000000
3.933841,1920.000000
4.035612,1920.000000
4.293547,1920.000000
4.107976,1920.000000
4.015455,1920.000000
4.204312,1920.000000
4.158698,1920.000000
4.268647,1920.000000
4.074303,1920.000000
4.366771,1920.000000
4.372797,1920.000000
4.963801,1920.000000
4.394214,1920.000000
4.233978,1920.000000
4.475934,1920.000000
4.029354,1920.000000
4.132521,1920.000000
4.243216,1920.000000
4.365409,1920.000000
4.444503,1920.000000
4.288713,1920.000000
4.243954,1920.000000
4.202304,1920.000000
4.593887,1920.000000
4.296561,1920.000000
4.514607,1920.000000
4.278050,1920.000000
4.325929,1920.000000
4.330659,1920.000000
4.364067,1920.000000
4.245514,1920.000000
4.423835,1920.000000
4.656593,1920.000000
4.863687,1920.000000
4.307072,1920.000000
4.517501,1920.000000
3.995583,1920.000000
4.225175,1920.000000
4.282017,1920.000000
4.067189,1920.000000
4.193187,1920.000000
4.018592,1920.000000
4.348175,1920.000000
4.065661,1920.000000
4.574756,1920.000000
4.228612,1920.000000
4.170828,1920.000000
4.539525,1920.000000
4.049509,1920.000000
4.279677,1920.000000
3.972865,1920.000000
4.016128,1920.000000
4.209092,1920.000000
4.524186,1920.000000
4.082561,1920.000000
4.045432,1920.000000
4.086776,1920.000000
3.988908,1920.000000
4.042635,1920.000000
3.770187,1920.000000
4.086287,1920.000000
4.004363,1920.000000
3.831215,1920.000000
4.496820,1920.000000
4.095732,1920.000000
4.537276,1920.000000
4.401432,1920.000000
4.721332,1920.000000
4.283776,1920.000000
4.373085,1920.000000
4.187434,1920.000000
4.228861,1920.000000
4.137255,1920.000000
4.307138,1920.000000
4.688509,1920.000000
4.488064,1920.000000
4.374755,1920.000000
4.487435,1920.000000
4.220170,1920.000000
4.524530,1920.000000
4.392277,1920.000000
4.301294,1920.000000
4.135002,1920.000000
3.760519,1920.000000
3.852918,1920.000000
4.073908,1920.000000
4.026602,1920.000000
4.207939,1920.000000
4.136803,1920.000000
4.320752,1920.000000
4.275103,1920.000000
4.003779,1920.000000
3.910434,1920.000000
4.006118,1920.000000
3.976731,1920.000000
4.523454,1920.000000
4.147899,1920.000000
3.942504,1920.000000
4.088826,1920.000000
3.839458,1920.000000
3.896547,1920.000000
4.074767,1920.000000
3.774811,1920.000000
3.674791,1920.000000
3.971548,1920.000000
4.129948,1920.000000
3.995145,1920.000000
4.078000,1920.000000
3.859293,1920.000000
3.721290,1920.000000
4.083848,1920.000000
3.631039,1920.000000
3.980900,1920.000000
3.917863,1920.000000
4.111032,1920.000000
4.088549,1920.000000
4.144925,1920.000000
4.046690,1920.000000
3.943738,1920.000000
4.082143,1920.000000
3.811032,1920.000000
3.858630,1920.000000
3.705634,1920.000000
3.993108,1920.000000
3.771716,1920.000000
3.789672,1920.000000
3.903741,1920.000000
3.578315,1920.000000
3.855961,1920.000000
3.844672,1920.000000
3.672158,1920.000000
3.865953,1920.000000
3.684501,1920.000000
3.413899,1920.000000
3.609456,1920.000000
3.467875,1920.000000
3.524859,1920.000000
3.948854,1920.000000
3.828779,1920.000000
3.460661,1920.000000
3.580226,1920.000000
3.433913,1920.000000
3.717874,1920.000000
3.743633,1920.000000
3.625756,1920.000000
3.525655,1920.000000
3.585845,1920.000000
3.672578,1920.000000
3.641951,1920.000000
4.225372,1920.000000
3.872778,1920.000000
4.010560,1920.000000
3.747536,1920.000000
3.646353,1920.000000
3.877108,1920.000000
3.862117,1920.000000
4.121447,1920.000000
4.019877,1920.000000
4.454377,1920.000000
3.958076,1920.000000
4.048258,1920.000000
3.940684,1920.000000
3.805144,1920.000000
4.048812,1920.000000
3.959319,1920.000000
4.093335,1920.000000
4.092780,1920.000000
3.883858,1920.000000
4.231180,1920.000000
3.968385,1920.000000
4.284184,1920.000000
4.322515,1920.000000
4.022799,1920.000000
4.476951,1920.000000
4.145480,1920.000000
4.268157,1920.000000
4.095564,1920.000000
4.065862,1920.000000
3.861357,1920.000000
4.339072,1920.000000
4.143231,1920.000000
4.134850,1920.000000
4.094616,1920.000000
4.202695,1920.000000
4.166113,1920.000000
4.190678,1920.000000
4.170064,1920.000000
4.115717,1920.000000
3.813446,1920.000000
4.314377,1920.000000
4.324658,1920.000000
4.561891,1920.000000
4.425667,1920.000000
4.691820,1920.000000
4.570468,1920.000000
4.518482,1920.000000
4.346397,1920.000000
4.208650,1920.000000
4.473445,1920.000000
4.663485,1920.000000
4.924059,1920.000000
4.617691,1920.000000
4.559100,1920.000000
5.009465,1920.000000
4.529112,1920.000000
4.756757,1920.000000
4.794634,1920.000000
4.699149,1920.000000
4.688936,1920.000000
4.560450,1920.000000
4.639546,1920.000000
4.348367,1920.000000
5.191456,1920.000000
4.929364,1920.000000
4.943125,1920.000000
4.989756,1920.000000
4.717138,1920.000000
4.540658,1920.000000
4.727138,1920.000000
4.755963,1920.000000
4.778097,1920.000000
5.114652,1920.000000
5.144868,1920.000000
4.818552,1920.000000
5.110065,1920.000000
4.596343,1920.000000
5.031534,1920.000000
4.700304,1920.000000
4.795143,1920.000000
4.812002,1920.000000
4.203110,1920.000000
4.565818,1920.000000
4.442867,1920.000000
4.904158,1920.000000
4.552630,1920.000000
4.953531,1920.000000
4.858413,1920.000000
4.772067,1920.000000
4.441913,1920.000000
4.645495,1920.000000
4.626388,1920.000000
4.429436,1920.000000
5.109276,1920.000000
4.882245,1920.000000
4.610037,1920.000000
4.769491,1920.000000
4.380143,1920.000000
4.874504,1920.000000
4.852372,1920.000000
4.732504,1920.000000
5.046390,1920.000000
4.601756,1920.000000
4.908942,1920.000000
4.669360,1920.000000
4.834844,1920.000000
4.783580,1920.000000
5.057407,1920.000000
4.678695,1920.000000
4.684914,1920.000000
5.032266,1920.000000
4.897256,1920.000000
4.632232,1920.000000
4.816452,1920.000000
5.128661,1920.000000
4.956603,1920.000000
4.831117,1920.000000
4.975137,1920.000000
4.574124,1920.000000
4.954692,1920.000000
4.630902,1920.000000
4.917165,1920.000000
5.092063,1920.000000
4.939069,1920.000000
4.935236,1920.000000
4.865163,1920.000000
5.244439,1920.000000
4.756524,1920.000000
5.005327,1920.000000
4.975220,1920.000000
4.942500,1920.000000
4.878270,1920.000000
4.902996,1920.000000
5.012972,1920.000000
4.811645,1920.000000
5.560647,1920.000000
4.958770,1920.000000
4.758123,1920.000000
4.778264,1920.000000
4.738840,1920.000000
4.435816,1920.000000
4.577096,1920.000000
4.637024,1920.000000
4.438131,1920.000000
4.509246,1920.000000
5.016120,1920.000000
4.680473,1920.000000
5.035444,1920.000000
4.706953,1920.000000
5.169264,1920.000000
4.789039,1920.000000
4.472799,1920.000000
4.873463,1920.000000
4.509720,1920.000000
4.932264,1920.000000
4.626270,1920.000000
4.956218,1920.000000
4.805592,1920.000000
4.566240,1920.000000
4.875097,1920.000000
4.386586,1920.000000
4.514273,1920.000000
4.793207,1920.000000
4.681580,1920.000000
4.454568,1920.000000
4.468254,1920.000000
4.826171,1920.000000
4.364541,1920.000000
4.736819,1920.000000
4.723619,1920.000000
5.017695,1920.000000
4.701761,1920.000000
4.859732,1920.000000
4.603704,1920.000000
4.536839,1920.000000
4.603939,1920.000000
4.487262,1920.000000
4.953021,1920.000000
4.976004,1920.000000
4.669291,1920.000000
4.805485,1920.000000
4.545382,1920.000000
4.919520,1920.000000
4.718906,1920.000000
4.605926,1920.000000
4.383427,1920.000000
4.298548,1920.000000
4.807972,1920.000000
4.416008,1920.000000
4.714661,1920.000000
4.595733,1920.000000
4.481878,1920.000000
4.455752,1920.000000
4.345730,1920.000000
4.657155,1920.000000
4.606066,1920.000000
4.534449,1920.000000
4.369701,1920.000000
4.562940,1920.000000
4.677233,1920.000000
4.614775,1920.000000
4.463054,1920.000000
4.251793,1920.000000
4.483820,1920.000000
4.032898,1920.000000
4.222547,1920.000000
4.258513,1920.000000
4.323704,1920.000000
4.318005,1920.000000
4.538994,1920.000000
4.570601,1920.000000
4.452847,1920.000000
4.409753,1920.000000
4.439678,1920.000000
4.339979,1920.000000
4.359872,1920.000000
4.335215,1920.000000
4.482105,1920.000000
4.436888,1920.000000
4.811386,1920.000000
4.566721,1920.000000
4.283142,1920.000000
4.462000,1920.000000
4.412306,1920.000000
4.165711,1920.000000
4.422533,1920.000000
4.210578,1920.000000
4.169992,1920.000000
4.056942,1920.000000
4.307916,1920.000000
4.166651,1920.000000
4.141314,1920.000000
4.394192,1920.000000
3.899796,1920.000000
4.403740,1920.000000
3.992931,1920.000000
4.115982,1920.000000
4.078666,1920.000000
4.265085,1920.000000
3.939555,1920.000000
4.365796,1920.000000
4.208476,1920.000000
3.793174,1920.000000
3.991303,1920.000000
3.622254,1920.000000
3.816029,1920.000000
4.015040,1920.000000
3.964824,1920.000000
4.055920,1920.000000
3.908955,1920.000000
4.238992,1920.000000
4.020323,1920.000000
4.819787,1920.000000
4.033064,1920.000000
4.151793,1920.000000
4.222687,1920.000000
3.917873,1920.000000
4.470596,1920.000000
4.082732,1920.000000
4.208889,1920.000000
4.412719,1920.000000
4.957414,1920.000000
4.507297,1920.000000
4.286270,1920.000000
4.405316,1920.000000
4.234991,1920.000000
4.723198,1920.000000
4.534631,1920.000000
4.202147,1920.000000
4.192264,1920.000000
4.042828,1920.000000
4.258813,1920.000000
4.307899,1920.000000
4.468690,1920.000000
4.427376,1920.000000
4.195698,1920.000000
4.520019,1920.000000
4.254489,1920.000000
4.130702,1920.000000
4.196097,1920.000000
4.182523,1920.000000
4.166972,1920.000000
4.416719,1920.000000
4.197089,1920.000000
3.856720,1920.000000
3.997409,1920.000000
3.771532,1920.000000
3.832884,1920.000000
3.888818,1920.000000
3.927101,1920.000000
4.093495,1920.000000
3.945113,1920.000000
3.833038,1920.000000
4.205875,1920.000000
4.352155,1920.000000
3.857403,1920.000000
4.064027,1920.000000
4.384763,1920.000000
4.188134,1920.000000
4.033967,1920.000000
4.169771,1920.000000
4.394006,1920.000000
4.392870,1920.000000
4.890291,1920.000000
4.285141,1920.000000
4.356327,1920.000000
4.286053,1920.000000
4.195564,1920.000000
4.097811,1920.000000
4.020173,1920.000000
4.497690,1920.000000
4.221029,1920.000000
4.269266,1920.000000
4.316505,1920.000000
4.026433,1920.000000
4.820983,1920.000000
4.257329,1920.000000
4.557156,1920.000000
4.449476,1920.000000
4.739929,1920.000000
4.460364,1920.000000
4.345272,1920.000000
4.360671,1920.000000
4.494702,1920.000000
4.506614,1920.000000
4.623426,1920.000000
4.142878,1920.000000
4.560300,1920.000000
4.004881,1920.000000
4.333009,1920.000000
3.976581,1920.000000
3.998994,1920.000000
4.154214,1920.000000
4.011413,1920.000000
4.521065,1920.000000
4.017108,1920.000000
4.309916,1920.000000
4.258430,1920.000000
4.334651,1920.000000
4.549700,1920.000000
4.046296,1920.000000
4.103289,1920.000000
3.864223,1920.000000
4.247191,1920.000000
4.227863,1920.000000
4.437553,1920.000000
3.947023,1920.000000
3.971841,1920.000000
4.174823,1920.000000
3.916152,1920.000000
4.112126,1920.000000
3.913427,1920.000000
4.102632,1920.000000
4.304581,1920.000000
3.986435,1920.000000
4.330047,1920.000000
4.281650,1920.000000
4.445085,1920.000000
4.293510,1920.000000
4.454432,1920.000000
4.618347,1920.000000
4.105793,1920.000000
4.166179,1920.000000
4.354170,1920.000000
4.245015,1920.000000
4.272692,1920.000000
4.781847,1920.000000
4.624820,1920.000000
4.087576,1920.000000
4.319224,1920.000000
4.113235,1920.000000
4.502590,1920.000000
4.156803,1920.000000
4.258320,1920.000000
4.182452,1920.000000
4.120026,1920.000000
4.081565,1920.000000
4.194589,1920.000000
4.015291,1920.000000
4.184964,1920.000000
3.924042,1920.000000
4.425822,1920.000000
4.161322,1920.000000
4.208802,1920.000000
3.947974,1920.000000
4.010513,1920.000000
3.982437,1920.000000
4.133106,1920.000000
4.292468,1920.000000
3.924342,1920.000000
4.053061,1920.000000
3.741531,1920.000000
3.849002,1920.000000
4.013254,1920.000000
3.866999,1920.000000
3.988657,1920.000000
3.894219,1920.000000
3.962380,1920.000000
3.844405,1920.000000
4.023453,1920.000000
4.097757,1920.000000
3.876350,1920.000000
3.880297,1920.000000
3.677068,1920.000000
3.879744,1920.000000
3.755748,1920.000000
4.007728,1920.000000
3.922288,1920.000000
4.183271,1920.000000
4.316345,1920.000000
3.868314,1920.000000
3.925187,1920.000000
3.948430,1920.000000
4.064895,1920.000000
3.875951,1920.000000
3.736785,1920.000000
3.731964,1920.000000
3.705709,1920.000000
3.962284,1920.000000
3.754536,1920.000000
3.838193,1920.000000
3.839695,1920.000000
3.791414,1920.000000
3.764042,1920.000000
3.622492,1920.000000
3.437550,1920.000000
3.516232,1920.000000
3.602539,1920.000000
3.657407,1920.000000
3.750380,1920.000000
3.918359,1920.000000
3.404613,1920.000000
3.639409,1920.000000
3.389175,1920.000000
3.512958,1920.000000
3.910804,1920.000000
3.637356,1920.000000
3.626939,1920.000000
3.756077,1920.000000
3.811839,1920.000000
3.556936,1920.000000
4.000537,1920.000000
3.853507,1920.000000
3.802089,1920.000000
3.982737,1920.000000
3.719557,1920.000000
3.865800,1920.000000
3.767529,1920.000000
3.850476,1920.000000
3.966371,1920.000000
4.363469,1920.000000
4.176232,1920.000000
4.089526,1920.000000
4.228787,1920.000000
3.910437,1920.000000
4.109904,1920.000000
3.705743,1920.000000
3.938845,1920.000000
3.931283,1920.000000
3.799693,1920.000000
4.199380,1920.000000
4.192951,1920.000000
4.482052,1920.000000
4.219567,1920.000000
4.295075,1920.000000
4.447517,1920.000000
4.172277,1920.000000
4.194034,1920.000000
4.093511,1920.000000
4.088490,1920.000000
3.909492,1920.000000
4.555820,1920.000000
4.156035,1920.000000
4.120918,1920.000000
4.202487,1920.000000
4.085556,1920.000000
4.267628,1920.000000
4.158366,1920.000000
4.085650,1920.000000
4.143601,1920.000000
4.034686,1920.000000
4.226877,1920.000000
4.108511,1920.000000
4.518875,1920.000000
4.527641,1920.000000
4.554902,1920.000000
4.677316,1920.000000
4.638553,1920.000000
4.436718,1920.000000
4.313707,1920.000000
4.325009,1920.000000
4.353531,1920.000000
5.109445,1920.000000
4.740328,1920.000000
4.475344,1920.000000
4.788774,1920.000000
4.480410,1920.000000
4.643777,1920.000000
4.597554,1920.000000
4.729101,1920.000000
4.675293,1920.000000
4.483333,1920.000000
4.923573,1920.000000
4.649890,1920.000000
5.229297,1920.000000
4.882661,1920.000000
4.765503,1920.000000
4.988259,1920.000000
4.614668,1920.000000
4.630849,1920.000000
4.576109,1920.000000
4.626227,1920.000000
4.915559,1920.000000
5.157652,1920.000000
5.260546,1920.000000
5.041781,1920.000000
5.068073,1920.000000
4.765122,1920.000000
4.785893,1920.000000
4.704162,1920.000000
4.710622,1920.000000
4.803232,1920.000000
4.572079,1920.000000
4.741508,1920.000000
4.684418,1920.000000
5.047982,1920.000000
4.624093,1920.000000
4.760313,1920.000000
4.794505,1920.000000
4.678567,1920.000000
4.532093,1920.000000
4.727846,1920.000000
4.633980,1920.000000
4.571588,1920.000000
5.099970,1920.000000
4.635354,1920.000000
4.720094,1920.000000
4.646439,1920.000000
4.301903,1920.000000
4.979098,1920.000000
4.459061,1920.000000
4.509509,1920.000000
5.141590,1920.000000
4.499077,1920.000000
4.820549,1920.000000
4.612349,1920.000000
4.875847,1920.000000
4.679800,1920.000000
5.003904,1920.000000
5.038803,1920.000000
4.886950,1920.000000
5.029232,1920.000000
4.674622,1920.000000
4.889626,1920.000000
4.807964,1920.000000
5.055775,1920.000000
4.803995,1920.000000
4.809836,1920.000000
5.024144,1920.000000
4.329425,1920.000000
5.059159,1920.000000
4.886487,1920.000000
4.964018,1920.000000
4.829892,1920.000000
4.665126,1920.000000
5.305289,1920.000000
4.881093,1920.000000
5.102718,1920.000000
4.804058,1920.000000
5.045628,1920.000000
4.999366,1920.000000
5.000717,1920.000000
4.988597,1920.000000
4.560606,1920.000000
5.133427,1920.000000
4.703011,1920.000000
5.511049,1920.000000
5.034593,1920.000000
4.711120,1920.000000
4.772613,1920.000000
4.558918,1920.000000
4.724661,1920.000000
4.291947,1920.000000
4.619534,1920.000000
4.607061,1920.000000
4.761608,1920.000000
4.890859,1920.000000
4.924266,1920.000000
4.758742,1920.000000
4.720198,1920.000000
5.011667,1920.000000
4.890092,1920.000000
4.509279,1920.000000
4.803648,1920.000000
4.550250,1920.000000
4.924151,1920.000000
4.248314,1920.000000
4.794144,1920.000000
4.818558,1920.000000
4.561274,1920.000000
4.903182,1920.000000
4.367324,1920.000000
4.593574,1920.000000
4.673828,1920.000000
4.509744,1920.000000
4.473132,1920.000000
4.471753,1920.000000
4.747829,1920.000000
4.417890,1920.000000
4.843751,1920.000000
4.666939,1920.000000
4.806428,1920.000000
4.578944,1920.000000
4.851224,1920.000000
4.490289,1920.000000
4.825242,1920.000000
4.634883,1920.000000
4.485638,1920.000000
5.049302,1920.000000
4.933858,1920.000000
4.711134,1920.000000
4.976268,1920.000000
4.703551,1920.000000
4.802009,1920.000000
4.898757,1920.000000
4.608915,1920.000000
4.588980,1920.000000
4.480933,1920.000000
4.791217,1920.000000
4.251082,1920.000000
4.546079,1920.000000
4.419135,1920.000000
4.776723,1920.000000
4.489216,1920.000000
4.264559,1920.000000
4.545825,1920.000000
4.675300,1920.000000
4.512812,1920.000000
4.549560,1920.000000
4.831218,1920.000000
4.329389,1920.000000
4.481574,1920.000000
4.465251,1920.000000
4.226646,1920.000000
4.454004,1920.000000
4.213531,1920.000000
4.485500,1920.000000
4.343974,1920.000000
4.276183,1920.000000
4.280952,1920.000000
4.383664,1920.000000
4.688003,1920.000000
4.324819,1920.000000
4.205641,1920.000000
4.421017,1920.000000
4.539469,1920.000000
4.578641,1920.000000
4.415475,1920.000000
4.415414,1920.000000
4.463007,1920.000000
4.448671,1920.000000
4.657464,1920.000000
4.096281,1920.000000
4.374536,1920.000000
4.457079,1920.000000
4.096559,1920.000000
4.236595,1920.000000
4.286015,1920.000000
4.256243,1920.000000
3.853481,1920.000000
4.252396,1920.000000
4.389140,1920.000000
4.170028,1920.000000
4.284530,1920.000000
4.044566,1920.000000
4.285669,1920.000000
4.353214,1920.000000
4.072275,1920.000000
4.028761,1920.000000
4.140210,1920.000000
4.152955,1920.000000
4.198941,1920.000000
4.021249,1920.000000
3.865980,1920.000000
4.205261,1920.000000
3.653242,1920.000000
3.987007,1920.000000
4.161146,1920.000000
3.981505,1920.000000
3.930018,1920.000000
3.985145,1920.000000
4.309747,1920.000000
3.920898,1920.000000
4.592323,1920.000000
4.002797,1920.000000
4.077770,1920.000000
4.394308,1920.000000
3.962134,1920.000000
3.977028,1920.000000
4.099746,1920.000000
3.983362,1920.000000
4.548636,1920.000000
5.050216,1920.000000
4.747981,1920.000000
4.428314,1920.000000
4.490201,1920.000000
4.218461,1920.000000
4.652181,1920.000000
4.372115,1920.000000
4.368573,1920.000000
4.209885,1920.000000
4.047529,1920.000000
4.596638,1920.000000
4.243451,1920.000000
4.259502,1920.000000
4.345294,1920.000000
4.491706,1920.000000
4.372089,1920.000000
4.153171,1920.000000
4.292190,1920.000000
4.201449,1920.000000
4.115674,1920.000000
3.917291,1920.000000
4.335475,1920.000000
4.337140,1920.000000
3.993244,1920.000000
4.163503,1920.000000
3.778921,1920.000000
3.767987,1920.000000
3.942489,1920.000000
4.240161,1920.000000
4.036709,1920.000000
3.872520,1920.000000
4.035763,1920.000000
4.056083,1920.000000
4.363232,1920.000000
3.822614,1920.000000
4.024090,1920.000000
4.112493,1920.000000
4.094380,1920.000000
3.905338,1920.000000
4.057434,1920.000000
4.320642,1920.000000
4.423068,1920.000000
4.674906,1920.000000
4.387933,1920.000000
4.231674,1920.000000
4.474546,1920.000000
4.145573,1920.000000
4.326688,1920.000000
4.222101,1920.000000
4.405762,1920.000000
4.405811,1920.000000
4.120154,1920.000000
4.417021,1920.000000
4.024738,1920.000000
4.648751,1920.000000
4.168743,1920.000000
4.409698,1920.000000
4.368839,1920.000000
4.522038,1920.000000
4.585739,1920.000000
4.222377,1920.000000
4.164866,1920.000000
4.455308,1920.000000
4.790695,1920.000000
4.466772,1920.000000
4.319836,1920.000000
4.585455,1920.000000
3.980646,1920.000000
4.463187,1920.000000
4.202239,1920.000000
4.078690,1920.000000
4.236672,1920.000000
4.078995,1920.000000
4.375651,1920.000000
3.931789,1920.000000
4.891389,1920.000000
4.100700,1920.000000
4.308258,1920.000000
4.293019,1920.000000
4.037773,1920.000000
4.295535,1920.000000
4.132990,1920.000000
4.051946,1920.000000
4.141120,1920.000000
4.443630,1920.000000
3.963586,1920.000000
4.003650,1920.000000
4.023793,1920.000000
4.068725,1920.000000
4.054180,1920.000000
4.006799,1920.000000
4.265942,1920.000000
4.060102,1920.000000
3.818959,1920.000000
4.395405,1920.000000
4.112351,1920.000000
4.659196,1920.000000
4.499374,1920.000000
4.492900,1920.000000
4.660502,1920.000000
4.105341,1920.000000
4.148337,1920.000000
4.069996,1920.000000
4.138413,1920.000000
4.173530,1920.000000
4.783057,1920.000000
4.599386,1920.000000
4.359798,1920.000000
4.619471,1920.000000
4.015757,1920.000000
4.425142,1920.000000
4.279000,1920.000000
4.181594,1920.000000
4.255071,1920.000000
3.993914,1920.000000
3.956973,1920.000000
4.217332,1920.000000
4.367773,1920.000000
4.127152,1920.000000
4.063090,1920.000000
4.081357,1920.000000
4.185166,1920.000000
4.095635,1920.000000
4.020678,1920.000000
4.056636,1920.000000
3.754955,1920.000000
4.199993,1920.000000
4.370623,1920.000000
4.015924,1920.000000
3.880462,1920.000000
3.774047,1920.000000
3.729444,1920.000000
4.156456,1920.000000
4.079300,1920.000000
3.719721,1920.000000
3.861712,1920.000000
4.040397,1920.000000
3.966301,1920.000000
4.118173,1920.000000
3.774189,1920.000000
3.801878,1920.000000
4.150667,1920.000000
3.868395,1920.000000
3.858241,1920.000000
3.671954,1920.000000
3.971290,1920.000000
3.979320,1920.000000
4.456707,1920.000000
4.203058,1920.000000
3.734883,1920.000000
4.058463,1920.000000
3.877956,1920.000000
3.796770,1920.000000
3.705751,1920.000000
3.900939,1920.000000
3.670384,1920.000000
3.717367,1920.000000
3.873827,1920.000000
3.791399,1920.000000
3.940658,1920.000000
3.828201,1920.000000
3.949477,1920.000000
3.671789,1920.000000
3.691490,1920.000000
3.464443,1920.000000
3.639901,1920.000000
3.532406,1920.000000
3.542910,1920.000000
3.831083,1920.000000
3.766216,1920.000000
3.712119,1920.000000
3.909927,1920.000000
3.292832,1920.000000
3.650350,1920.000000
3.824647,1920.000000
3.429066,1920.000000
3.687727,1920.000000
3.639690,1920.000000
3.857171,1920.000000
3.571538,1920.000000
4.180680,1920.000000
3.700513,1920.000000
3.888246,1920.000000
3.958679,1920.000000
3.482826,1920.000000
3.721189,1920.000000
3.961731,1920.000000
3.852630,1920.000000
3.918185,1920.000000
4.296362,1920.000000
3.903408,1920.000000
4.080116,1920.000000
3.984351,1920.000000
3.861121,1920.000000
4.058082,1920.000000
3.784634,1920.000000
4.121683,1920.000000
4.001609,1920.000000
3.935308,1920.000000
4.158853,1920.000000
3.906010,1920.000000
4.325329,1920.000000
4.512230,1920.000000
4.369390,1920.000000
4.314572,1920.000000
4.209148,1920.000000
4.240837,1920.000000
4.062003,1920.000000
4.024715,1920.000000
4.082474,1920.000000
4.388981,1920.000000
4.305630,1920.000000
3.992240,1920.000000
4.037562,1920.000000
4.038884,1920.000000
4.239610,1920.000000
4.122241,1920.000000
4.101592,1920.000000
4.198342,1920.000000
4.101019,1920.000000
4.404923,1920.000000
4.281468,1920.000000
4.323400,1920.000000
4.542233,1920.000000
4.620639,1920.000000
4.649312,1920.000000
4.583659,1920.000000
4.288411,1920.000000
4.345099,1920.000000
4.483110,1920.000000
4.422640,1920.000000
5.023452,1920.000000
4.953447,1920.000000
4.485514,1920.000000
4.824561,1920.000000
4.714584,1920.000000
4.692260,1920.000000
4.504348,1920.000000
4.607946,1920.000000
4.455882,1920.000000
4.521244,1920.000000
5.128569,1920.000000
4.700631,1920.000000
4.901970,1920.000000
4.859670,1920.000000
4.987437,1920.000000
4.881723,1920.000000
4.719700,1920.000000
4.750229,1920.000000
4.668032,1920.000000
4.821546,1920.000000
4.928042,1920.000000
5.084212,1920.000000
5.007280,1920.000000
4.818700,1920.000000
4.922611,1920.000000
4.604624,1920.000000
4.935156,1920.000000
4.708973,1920.000000
4.599234,1920.000000
4.721845,1920.000000
4.532249,1920.000000
4.760773,1920.000000
4.748339,1920.000000
4.928511,1920.000000
4.924187,1920.000000
4.807894,1920.000000
4.821580,1920.000000
4.632480,1920.000000
4.562340,1920.000000
4.587640,1920.000000
4.528076,1920.000000
4.572145,1920.000000
5.157295,1920.000000
4.812527,1920.000000
4.639249,1920.000000
4.851342,1920.000000
4.544063,1920.000000
4.689603,1920.000000
4.631680,1920.000000
4.661218,1920.000000
5.169181,1920.000000
4.293549,1920.000000
4.562344,1920.000000
4.760030,1920.000000
5.041780,1920.000000
4.746243,1920.000000
5.016352,1920.000000
4.993688,1920.000000
4.807084,1920.000000
5.088868,1920.000000
4.717021,1920.000000
4.884814,1920.000000
4.710746,1920.000000
5.266447,1920.000000
164.519792,1920.000000
54.563221,1920.000000
76.148895,1920.000000
88.117790,1920.000000
60.022401,1920.000000
129.518161,1920.000000
55.260746,1920.000000
70.105225,1920.000000
74.756935,1920.000000
157.737400,1920.000000
34.964810,1920.000000
51.245794,1920.000000
104.357319,1920.000000
66.909074,1920.000000
221.713214,1920.000000
179.889282,1920.000000
110.277654,1920.000000
111.729865,1920.000000
35.459438,1920.000000
35.906173,1920.000000
36.796811,1920.000000
