3,20,14,1,2,0.779843
2,14,2,3,2,0.669859
3,12,20,0,0,0.477687
0,2,3,1,0,0.339311
3,0,19,0,2,0.313796
3,20,15,0,0,0.295348
2,8,3,0,0,0.276138
0,2,3,0,0,0.270476
2,9,1,1,0,0.217732
2,12,2,3,0,0.222302
3,3,2,0,3,0.210897
0,1,3,0,3,0.189433
2,10,1,1,3,0.185329
3,20,14,0,2,0.219437
3,20,5,0,2,0.223682
0,3,2,3,2,0.157970
0,3,1,0,2,0.161204
2,3,1,1,2,0.124126
2,14,1,1,2,0.136833
3,11,5,2,1,0.151932
0,2,1,1,1,0.140586
0,3,2,1,1,0.100182
2,12,3,1,1,0.104974
2,4,3,0,1,0.104970
2,14,3,1,1,0.120567
2,10,2,3,1,0.115266
0,2,3,1,1,0.091373
0,3,1,1,1,0.102061
0,0,3,0,1,0.086222
3,15,20,0,3,0.072851
0,0,2,2,3,0.076132
0,3,2,2,3,0.070870
0,2,1,0,3,0.075680
0,2,3,0,3,0.068853
3,10,20,0,1,0.063788
2,7,2,3,1,0.071680
2,20,2,0,1,0.070876
2,19,2,1,1,0.091591
2,14,2,0,1,0.079617
2,9,2,0,1,0.068666
3,20,15,3,0,0.070021
2,17,2,0,0,0.059915
3,12,8,0,3,0.056579
2,5,2,3,3,0.070392
2,0,2,0,3,0.067929
0,2,2,0,3,0.058391
2,8,2,3,3,0.057459
2,20,2,0,3,0.073145
3,12,20,3,0,0.108456
3,5,18,3,3,0.064862
3,12,1,0,1,0.074804
3,8,11,3,2,0.060204
3,18,16,0,1,0.056911
2,17,2,3,1,0.058636
2,20,2,0,1,0.064648
0,0,2,3,1,0.053562
3,4,4,0,2,0.048704
0,1,3,0,2,0.048627
2,8,3,0,2,0.050569
2,3,2,1,2,0.060695
2,16,2,0,2,0.056501
2,14,3,0,2,0.050537
2,14,2,0,2,0.056597
2,14,2,0,2,0.053377
0,3,3,0,2,0.047231
3,0,19,0,2,0.071847
2,19,2,1,2,0.065364
2,20,2,0,2,0.055065
2,19,2,1,2,0.050629
3,5,20,1,1,0.040967
0,2,3,1,1,0.042985
0,3,2,0,1,0.041245
2,8,2,1,1,0.044630
2,14,3,1,1,0.050100
2,14,2,1,1,0.034871
2,6,3,1,1,0.048526
2,12,3,1,1,0.031933
2,14,2,1,1,0.043561
2,16,3,1,1,0.043243
2,2,2,1,1,0.038787
3,15,20,1,3,0.039164
3,8,10,1,3,0.029395
3,20,5,1,2,0.049081
3,5,20,1,1,0.047081
3,20,5,1,2,0.039696
2,8,2,1,2,0.032725
2,20,3,1,2,0.043860
2,8,2,1,2,0.038398
2,16,3,1,2,0.041019
2,13,3,1,2,0.033481
2,17,2,1,2,0.030439
2,8,3,1,2,0.031266
2,8,2,1,2,0.033765
3,15,8,1,2,0.037519
3,16,19,1,0,0.032699
2,11,3,1,0,0.028578
2,16,3,1,0,0.025576
0,2,3,1,0,0.032063
2,19,2,1,0,0.025971
2,12,2,0,0,0.033767
2,3,3,1,0,0.024938
2,2,3,1,0,0.035218
2,17,3,1,0,0.024855
2,20,3,1,0,0.032693
2,4,2,1,0,0.030932
2,8,3,1,0,0.027526
3,19,1,1,2,0.025204
2,9,3,1,2,0.025184
2,9,3,1,2,0.026335
0,1,3,1,2,0.024780
2,15,3,1,2,0.026026
2,3,3,1,2,0.031384
2,3,3,1,2,0.026686
2,3,2,1,2,0.028939
2,14,3,1,2,0.028708
2,8,2,1,2,0.023328
0,2,3,1,2,0.022872
0,3,3,1,2,0.024382
0,2,1,0,2,0.020207
2,14,2,1,2,0.025693
3,15,8,0,2,0.029241
2,16,2,0,2,0.021085
2,0,2,0,2,0.021215
2,12,2,0,2,0.020490
2,17,2,1,2,0.023650
0,0,2,0,2,0.028130
0,3,2,0,2,0.020650
2,17,2,1,2,0.019548
2,14,2,1,2,0.027386
2,16,1,0,2,0.028247
2,9,2,1,2,0.025562
2,12,2,1,2,0.018798
2,8,2,1,2,0.024198
2,20,1,0,2,0.025922
3,5,20,1,2,0.025679
3,15,20,0,1,0.020434
2,15,2,1,1,0.023621
2,13,1,0,1,0.023752
0,3,2,1,1,0.023539
2,20,1,0,1,0.026150
0,3,2,1,1,0.023183
2,9,1,0,1,0.025104
2,4,2,1,1,0.016771
2,7,2,1,1,0.022976
3,15,7,0,2,0.025593
3,15,7,1,2,0.023130
2,6,2,1,2,0.023677
2,18,1,0,2,0.023128
3,15,7,1,1,0.020189
0,1,1,0,1,0.020104
2,10,2,1,1,0.020855
3,12,1,1,0,0.020320
2,17,2,1,0,0.017316
2,16,1,1,0,0.021690
2,14,2,1,0,0.020909
2,13,1,1,0,0.020732
0,3,2,1,0,0.018791
2,9,1,1,0,0.020556
2,9,2,0,0,0.019173
3,12,1,1,0,0.017232
3,15,20,0,1,0.015725
2,15,3,1,1,0.016560
2,15,3,0,1,0.015770
3,15,20,0,3,0.018871
2,20,1,1,3,0.016928
2,8,2,0,3,0.020082
2,8,1,1,3,0.019883
3,10,8,0,3,0.019804
2,8,2,0,3,0.014192
2,14,1,1,3,0.019611
2,14,2,0,3,0.019793
3,20,9,1,1,0.028036
2,9,2,0,1,0.019492
3,8,10,0,1,0.017544
2,9,2,0,1,0.015142
2,17,3,1,1,0.014109
2,2,2,0,1,0.016817
2,12,2,0,1,0.015828
2,17,2,0,1,0.015342
0,3,2,0,1,0.013790
2,16,1,1,1,0.020314
0,3,2,1,1,0.018560
0,2,1,1,1,0.018624
2,11,2,0,1,0.014021
3,15,7,1,2,0.018648
2,7,2,1,2,0.018266
3,15,7,1,1,0.017153
3,15,7,0,2,0.017275
2,6,3,1,2,0.014404
3,15,20,0,1,0.013025
2,6,3,1,1,0.015955
2,6,2,0,1,0.016147
3,15,7,0,2,0.019022
2,7,3,0,2,0.014523
2,0,3,1,2,0.018869
0,1,3,0,2,0.015090
2,3,3,1,2,0.012305
2,3,2,0,2,0.016001
0,3,3,1,2,0.016213
0,3,2,0,2,0.012810
2,18,1,0,2,0.017555
2,0,2,1,2,0.016358
0,1,1,0,2,0.017314
2,7,2,1,2,0.015483
2,16,3,1,2,0.016488
2,8,2,1,2,0.013878
2,9,3,1,2,0.016950
2,9,2,1,2,0.015062
2,0,1,0,2,0.013015
2,8,1,0,2,0.011743
2,8,2,1,2,0.016125
3,19,11,0,0,0.013142
3,5,20,0,2,0.012009
2,5,1,0,2,0.012643
2,7,1,0,2,0.012192
3,4,4,1,3,0.011640
3,4,4,3,1,0.012189
2,14,2,1,1,0.011210
2,14,3,1,1,0.016686
2,14,2,1,1,0.013119
3,15,7,1,1,0.012913
2,11,2,1,1,0.012538
2,13,3,1,1,0.015700
0,3,2,1,1,0.014402
2,9,3,1,1,0.015855
2,14,2,1,1,0.013251
2,8,3,1,1,0.015698
2,8,2,1,1,0.013721
2,20,3,1,1,0.015996
2,8,2,1,1,0.013834
2,3,3,1,1,0.015468
3,12,1,0,0,0.011907
0,3,2,0,0,0.014143
2,10,3,1,0,0.014780
2,0,2,1,0,0.014438
2,6,3,1,0,0.014513
0,3,2,3,0,0.010890
2,16,3,1,0,0.012893
0,3,2,1,0,0.013827
2,18,3,1,0,0.014110
2,6,2,1,0,0.013158
0,1,3,1,0,0.013928
0,2,3,0,0,0.011709
3,10,1,0,3,0.012135
2,16,2,1,3,0.011344
2,15,1,0,3,0.012350
2,15,2,1,3,0.014146
3,5,20,1,2,0.011389
0,2,1,0,2,0.010373
2,17,3,1,2,0.012162
2,1,3,1,2,0.014811
3,15,20,1,1,0.012831
2,15,3,1,1,0.012118
0,3,2,1,1,0.011164
2,10,3,1,1,0.013815
2,8,2,0,1,0.013207
2,0,3,1,1,0.013446
2,0,2,0,1,0.012187
0,2,3,1,1,0.012912
0,2,3,1,1,0.011494
2,4,2,0,1,0.010986
2,4,1,1,1,0.011906
2,15,3,1,1,0.010471
2,19,2,0,1,0.010911
2,2,2,1,1,0.012010
2,11,2,0,1,0.010226
2,20,1,0,1,0.012564
2,8,2,0,1,0.011415
2,13,1,0,1,0.012351
0,3,2,1,1,0.010728
2,8,1,0,1,0.012216
2,8,2,0,1,0.010369
2,16,1,0,1,0.012463
2,10,2,0,1,0.011449
2,10,1,0,1,0.011886
2,14,2,0,1,0.012628
0,1,1,0,1,0.011909
0,3,2,0,1,0.011369
2,14,1,1,1,0.011946
2,14,2,1,1,0.010436
0,2,1,1,1,0.012024
2,7,2,1,1,0.009579
3,15,7,1,2,0.012114
2,7,2,1,2,0.011564
2,17,2,1,2,0.011454
2,17,2,1,2,0.012116
2,17,2,1,2,0.012244
2,3,2,1,2,0.011986
2,12,2,1,2,0.009190
2,12,2,1,2,0.011700
2,12,2,1,2,0.011489
2,9,2,1,2,0.008991
2,9,2,1,2,0.011399
2,9,2,1,2,0.009438
2,17,2,1,2,0.008527
2,17,2,1,2,0.009780
0,0,2,1,2,0.010530
0,3,2,1,2,0.010123
2,10,3,1,2,0.011724
2,10,2,0,2,0.011252
2,10,3,1,2,0.010343
2,4,2,0,2,0.011098
0,1,3,1,2,0.009600
0,3,2,1,2,0.009477
3,10,1,1,1,0.008461
3,10,8,1,0,0.011403
3,10,8,1,2,0.011067
3,10,8,1,3,0.009738
3,10,8,1,2,0.008167
2,5,2,1,2,0.008507
3,5,20,0,2,0.010311
2,20,3,1,2,0.009192
0,3,2,0,2,0.010138
2,18,3,1,2,0.010744
2,8,2,0,2,0.010254
0,2,3,1,2,0.010743
2,0,3,1,2,0.008281
2,6,2,1,2,0.008408
2,17,2,0,2,0.008516
3,12,1,0,0,0.009727
2,12,1,0,0,0.011108
3,4,4,0,3,0.008686
3,4,4,0,1,0.009563
3,12,8,0,2,0.008619
3,16,19,0,3,0.009303
2,16,3,1,3,0.010479
3,12,1,0,0,0.009308
2,8,1,0,0,0.013036
3,12,8,0,3,0.008926
3,15,7,0,2,0.009920
3,12,8,0,3,0.010165
2,12,1,0,3,0.008792
2,18,3,1,3,0.008581
2,2,2,1,3,0.008792
2,9,1,0,3,0.008474
3,4,4,0,3,0.007211
0,2,1,0,3,0.007621
3,15,20,0,1,0.008285
3,15,20,0,3,0.009448
2,0,2,0,3,0.009768
2,9,1,0,3,0.011062
2,8,2,0,3,0.009172
2,10,1,0,3,0.010383
2,11,2,0,3,0.009798
2,16,1,0,3,0.010111
2,10,2,0,3,0.009633
3,12,1,0,0,0.009183
3,12,1,0,0,0.008834
2,10,1,0,0,0.010215
2,2,2,0,0,0.009651
2,0,1,0,0,0.009502
2,6,2,0,0,0.009245
0,1,1,0,0,0.009742
2,0,2,0,0,0.009186
2,13,2,0,0,0.009827
2,7,2,0,0,0.009148
3,12,1,0,0,0.009616
3,1,19,0,1,0.007646
3,19,1,0,0,0.008586
2,14,2,0,0,0.007690
2,14,2,0,0,0.009863
2,14,2,0,0,0.009447
3,12,1,1,0,0.007118
2,2,2,0,0,0.006760
2,2,3,1,0,0.007472
2,9,2,0,0,0.008458
2,14,2,0,0,0.008661
2,14,2,0,0,0.007826
2,10,2,0,0,0.008882
0,3,2,0,0,0.009372
0,2,2,0,0,0.008925
2,8,2,1,0,0.008058
2,9,3,1,0,0.009129
2,9,2,1,0,0.008425
0,0,3,1,0,0.006622
2,16,3,1,0,0.006994
2,10,1,0,0,0.009532
2,10,2,1,0,0.008815
2,20,1,0,0,0.007907
2,1,2,1,0,0.008733
2,10,1,0,0,0.008792
2,20,2,1,0,0.008740
2,18,1,0,0,0.008738
3,12,8,1,2,0.008197
2,3,1,0,2,0.007598
2,3,3,1,2,0.007910
2,16,1,0,2,0.008519
3,19,16,1,3,0.008156
3,11,19,1,1,0.007793
2,7,2,1,1,0.006755
3,15,7,0,2,0.007511
0,3,2,1,2,0.007594
2,13,1,0,2,0.008402
2,8,2,1,2,0.007929
2,10,1,0,2,0.008348
2,0,2,1,2,0.008184
2,20,1,0,2,0.008290
2,20,2,1,2,0.008026
0,1,1,0,2,0.008290
2,14,2,1,2,0.007575
2,5,3,1,2,0.008155
2,12,3,1,2,0.007373
0,2,3,1,2,0.007557
3,15,7,1,2,0.006029
3,15,7,0,2,0.007558
2,8,2,1,2,0.008552
2,8,2,0,2,0.007496
2,11,3,1,2,0.008179
2,15,2,0,2,0.007397
2,15,3,1,2,0.008505
2,15,2,0,2,0.008621
2,11,2,1,2,0.006477
0,2,2,1,2,0.005896
3,5,20,1,2,0.005921
2,12,3,1,2,0.007668
2,17,2,1,2,0.007782
0,3,3,1,2,0.008355
2,13,2,1,2,0.006460
2,14,2,1,2,0.005716
2,14,2,1,2,0.006911
2,14,2,1,2,0.007441
2,11,2,1,2,0.007361
2,6,2,1,2,0.009046
2,6,2,1,2,0.006499
2,13,2,1,2,0.008057
2,9,2,1,2,0.006368
2,9,2,1,2,0.007614
2,9,2,1,2,0.006211
2,17,2,1,2,0.006921
0,3,2,1,2,0.005882
2,20,2,1,2,0.008312
2,20,2,0,2,0.007549
2,9,2,1,2,0.008260
0,3,2,0,2,0.006751
0,0,2,1,2,0.007905
2,20,2,1,2,0.006489
2,10,2,0,2,0.008005
2,19,2,1,2,0.007527
2,16,2,0,2,0.007454
2,20,2,1,2,0.007270
3,15,7,1,2,0.007719
2,6,2,0,2,0.005921
3,15,7,1,2,0.006885
2,15,2,0,2,0.006813
2,16,2,1,2,0.007066
0,1,3,1,2,0.006586
2,14,2,1,2,0.006670
2,1,2,0,2,0.007580
2,17,2,1,2,0.006582
2,0,2,0,2,0.006802
2,10,2,1,2,0.007183
2,10,2,0,2,0.007443
3,10,1,1,0,0.007049
3,1,10,1,2,0.028261
3,10,1,1,2,0.022879
2,0,2,1,2,0.007122
2,10,2,0,2,0.007558
2,8,2,1,2,0.007423
2,9,2,0,2,0.007439
2,16,2,1,2,0.006062
2,15,2,1,2,0.005530
3,4,4,0,1,0.006050
3,4,4,0,3,0.006386
3,1,19,0,1,0.005489
3,11,19,0,2,0.006685
3,4,4,0,1,0.005814
0,2,2,0,1,0.005542
2,9,2,1,1,0.007611
3,5,20,0,2,0.006613
0,3,2,1,2,0.006111
2,10,1,0,2,0.007235
2,10,2,1,2,0.007143
2,10,1,0,2,0.006548
2,11,2,1,2,0.007099
2,18,1,0,2,0.007066
2,20,2,1,2,0.006613
2,20,1,0,2,0.007152
2,20,2,1,2,0.006858
0,1,1,0,2,0.007026
2,20,2,1,2,0.006371
2,16,3,1,2,0.006904
2,8,2,1,2,0.006370
3,12,8,1,2,0.006768
2,8,2,1,2,0.005627
2,3,3,1,2,0.006601
2,3,2,1,2,0.006009
2,10,3,1,2,0.006849
0,3,2,1,2,0.006567
2,13,3,1,2,0.006559
2,14,2,0,2,0.006264
2,18,3,1,2,0.006482
2,0,2,0,2,0.006552
2,0,3,1,2,0.006618
2,6,2,1,2,0.006041
2,17,3,1,2,0.006494
2,17,2,0,2,0.006294
2,0,3,0,2,0.005549
3,5,20,0,2,0.005160
2,5,3,1,2,0.006481
3,12,1,0,0,0.005600
0,0.500000
1,0.700000
0,0.100000
0,0.100000
0,0.100000
0,0.100000
0,0.100000
0,0.100000
0,0.200000
1,0.400000
0,0.100000
0,0.100000
0,0.100000
0,0.100000
0,0.100000
1,0.400000
0,0.100000
0,0.200000
0,0.200000
1,0.400000
0,0.200000
0,0.100000
1,0.100000
0,0.100000
1,0.100000
1,0.300000
1,0.100000
0,0.100000
0,0.100000
0,0.100000
1,0.100000
1,0.300000
0,0.100000
1,0.100000
0,0.200000
1,0.200000
0,0.200000
1,0.500000
0,0.300000
0,0.200000
1,0.200000
0,0.200000
0,0.200000
1,0.300000
0,0.200000
0,0.200000
1,0.300000
0,0.200000
1,0.300000
1,0.300000
0,0.100000
1,0.200000
0,0.100000
1,0.300000
0,0.200000
1,0.200000
1,0.100000
1,0.100000
0,0.100000
1,0.500000
0,0.200000
0,0.100000
0,0.200000
0,0.100000
0,0.100000
0,0.200000
1,0.500000
0,0.200000
1,0.500000
1,0.100000
1,0.100000
0,0.200000
1,0.500000
0,0.300000
1,0.500000
0,0.300000
0,0.200000
1,0.500000
0,0.300000
1,0.500000
0,0.300000
1,0.500000
0,0.200000
0,0.300000
0,0.100000
1,0.500000
0,0.300000
1,0.500000
0,0.300000
0,0.200000
1,0.500000
0,0.300000
1,0.500000
0,0.300000
0,0.100000
0,0.200000
0,0.200000
0,0.300000
1,0.500000
0,0.100000
0,0.100000
0,0.100000
0,0.100000
0,0.300000
1,0.500000
0,0.100000
0,0.100000
0,0.100000
0,0.100000
0,0.100000
1,0.100000
0,0.300000
1,0.100000
1,0.500000
0,0.300000
1,0.500000
1,0.100000
0,0.200000
0,0.100000
1,0.500000
0,0.100000
0,0.100000
0,0.100000
0,0.100000
1,0.500000
0,0.100000
0,0.100000
1,0.500000
1,0.500000
0,0.200000
1,0.500000
1,0.500000
1,0.500000
0,0.200000
1,0.500000
0,0.200000
1,0.500000
0,0.200000
1,0.500000
0,0.200000
1,0.500000
0,0.200000
1,0.500000
1,0.500000
0,0.200000
1,0.500000
1,0.500000
0,0.200000
1,0.500000
0,0.200000
1,0.500000
0,0.400000
1,0.500000
0,0.400000
1,0.500000
0,0.400000
1,0.500000
0,0.400000
1,0.500000
0,0.400000
1,0.500000
0,0.300000
1,0.100000
1,0.500000
0,0.400000
1,0.500000
0,0.400000
1,0.500000
1,0.500000
0,0.400000
1,0.500000
0,0.400000
1,0.500000
1,0.100000
1,0.500000
0,0.300000
1,0.500000
1,0.500000
1,0.500000
1,0.500000
0,0.400000
1,0.500000
0,0.400000
1,0.500000
0,0.300000
1,0.500000
0,0.300000
1,0.100000
0,0.300000
1,0.100000
0,0.300000
1,0.500000
0,0.200000
1,0.100000
0,0.300000
1,0.100000
0,0.300000
1,0.500000
0,0.300000
1,0.500000
0,0.200000
1,0.500000
0,0.200000
1,0.500000
0,0.300000
1,0.500000
0,0.300000
1,0.500000
0,0.100000
0,0.100000
1,0.500000
0,0.100000
0,0.100000
0,0.100000
0,0.100000
1,0.500000
1,0.600000
1,0.500000
0,0.300000
1,0.500000
1,0.100000
1,0.500000
0,0.300000
1,0.500000
0,0.300000
1,0.500000
0,0.300000
1,0.500000
0,0.300000
1,0.500000
0,0.300000
0,0.100000
1,0.500000
0,0.300000
1,0.500000
0,0.300000
1,0.600000
0,0.300000
1,0.500000
0,0.300000
1,0.500000
0,0.300000
1,0.100000
1,0.500000
1,0.500000
0,0.100000
1,0.500000
0,0.100000
0,0.100000
1,0.100000
0,0.400000
1,0.500000
1,0.100000
1,0.500000
0,0.400000
1,0.500000
0,0.400000
1,0.500000
0,0.400000
1,0.100000
1,0.500000
0,0.400000
0,0.100000
1,0.500000
0,0.200000
1,0.500000
0,0.200000
1,0.500000
0,0.300000
1,0.500000
0,0.300000
1,0.500000
0,0.300000
1,0.500000
0,0.300000
1,0.500000
0,0.300000
1,0.500000
0,0.400000
0,0.100000
0,0.400000
1,0.200000
0,0.200000
1,0.500000
0,0.200000
1,0.200000
1,0.500000
0,0.200000
1,0.200000
0,0.200000
1,0.200000
1,0.500000
0,0.200000
1,0.200000
0,0.200000
1,0.500000
0,0.200000
1,0.500000
0,0.300000
1,0.500000
0,0.300000
1,0.500000
0,0.300000
1,0.200000
0,0.300000
0,0.100000
0,0.100000
0,0.100000
0,0.100000
0,0.100000
1,0.500000
0,0.100000
1,0.500000
0,0.300000
1,0.500000
0,0.300000
0,0.100000
0,0.100000
1,0.500000
0,0.300000
0,0.100000
0,0.100000
0,0.100000
0,0.100000
0,0.100000
0,0.100000
0,0.100000
0,0.300000
1,0.500000
0,0.300000
1,0.500000
0,0.100000
1,0.100000
0,0.100000
0,0.100000
0,0.100000
0,0.100000
1,0.500000
0,0.200000
1,0.500000
0,0.300000
1,0.500000
0,0.300000
1,0.500000
0,0.300000
1,0.500000
0,0.200000
1,0.500000
0,0.300000
1,0.500000
0,0.300000
1,0.500000
0,0.300000
1,0.500000
0,0.500000
1,0.500000
0,0.500000
1,0.500000
1,0.500000
1,0.500000
0,0.500000
1,0.500000
0,0.100000
1,0.500000
1,0.100000
1,0.500000
0,0.500000
1,0.500000
0,0.500000
1,0.500000
0,0.500000
1,0.500000
0,0.300000
0,0.100000
0,0.100000
1,0.100000
0,0.300000
1,0.500000
0,0.300000
1,0.500000
0,0.300000
1,0.500000
0,0.300000
1,0.500000
0,0.300000
1,0.100000
0,0.300000
1,0.500000
1,0.100000
1,0.500000
0,0.300000
1,0.500000
0,0.300000
1,0.500000
0,0.300000
1,0.500000
0,0.300000
1,0.500000
0,0.300000
1,0.500000
0,0.300000
1,0.100000
1,0.100000
0,0.100000
1,0.500000
0,0.200000
1,0.500000
0,0.300000
1,0.500000
0,0.300000
1,0.500000
0,0.100000
0,0.100000
0,0.300000
0,0.300000
1,0.500000
0,0.300000
1,0.500000
1,0.500000
1,0.500000
0,0.200000
1,0.500000
0,0.200000
1,0.500000
0,0.200000
1,0.500000
0,0.200000
1,0.500000
0,0.200000
1,0.500000
0,0.200000
1,0.500000
0,0.200000
1,0.500000
0,0.200000
1,0.500000
0,0.500000
1,0.500000
0,0.500000
1,0.500000
0,0.300000
0,0.100000
1,0.500000
0,0.500000
1,0.500000
0,0.300000
1,0.500000
0,0.500000
1,0.500000
0,0.500000
1,0.500000
0,0.500000
1,0.500000
1,0.500000
0,0.100000
1,0.500000
0,0.500000
1,0.500000
0,0.500000
1,0.500000
1,0.500000
0,0.500000
0,0.500000
0,0.500000
0,0.500000
0,0.500000
0,0.500000
1,0.500000
0,0.300000
1,0.500000
0,0.300000
1,0.500000
0,0.300000
1,0.500000
0,0.300000
1,0.500000
0,0.300000
1,0.500000
0,0.300000
1,0.500000
0,0.500000
1,0.500000
0,0.500000
1,0.500000
0,0.500000
1,0.500000
0,0.500000
1,0.500000
0,0.500000
1,0.500000
0,0.500000
1,0.500000
0,0.500000
1,0.500000
0,0.500000
0,0.500000
1,0.100000
1,0.500000
0,0.100000
1,0.500000
1,1.198357
0,1.461544
1,2.592118
0,1.511544
0,1.511544
1,2.269495
0,3.338005
1,1.972186
1,1.972186
0,1.198357
0,1.203509
1,1.972186
1,1.972186
0,1.198357
1,2.024591
0,1.109136
0,6.831152
0,1.277536
0,6.831152
0,1.277536
0,1.328871
0,5.900863
0,5.900863
0,5.900863
1,2.170585
1,9.731298
1,2.170585
1,2.170585
1,2.461456
1,2.461456
0,4.953712
1,18.720143
0,2.569495
1,18.720143
1,18.720143
0,5.068838
0,2.569495
1,9.044472
1,1.511544
0,2.519495
0,2.519495
1,2.291339
0,1.295858
0,1.116664
1,1.972186
0,6.831152
0,6.831152
1,2.170585
0,2.592118
0,1.078919
1,1.102886
0,6.831152
1,2.291339
1,2.072186
1,1.972186
0,5.900863
0,5.900863
0,2.024591
0,2.024591
1,2.222186
0,2.540334
1,2.072186
0,1.248232
1,2.072186
1,2.072186
1,1.511544
1,2.222186
0,1.248232
1,2.222186
1,2.072186
0,1.248232
0,1.248232
0,2.001369
0,1.248232
0,1.248232
0,1.248232
0,2.661456
0,2.001369
0,1.248232
0,2.001369
0,2.661456
1,9.023003
0,2.024591
1,1.972186
0,2.224591
1,1.510586
0,1.248232
1,1.510586
0,1.248232
0,3.605865
1,3.679806
0,1.248232
0,1.198232
0,1.248232
1,3.679806
0,9.218083
0,9.218083
1,1.048232
0,9.218083
1,1.048232
0,9.218083
1,2.170585
0,9.218083
1,1.048232
1,1.510586
1,1.048232
0,9.218083
1,1.510586
0,8.979388
1,1.086306
1,2.761456
1,1.086306
1,1.510586
1,1.510586
1,1.086306
0,8.979388
1,1.048232
1,1.048232
1,1.048232
1,1.510586
1,1.048232
0,2.596104
0,2.596104
1,5.409080
1,1.510586
1,1.086306
0,2.596104
1,5.409080
1,1.510586
1,1.086306
0,2.296104
0,2.596104
1,1.510586
0,2.596104
0,1.881663
0,2.596104
1,2.761456
1,1.086306
1,1.510586
1,1.086306
1,1.510586
1,1.086306
1,5.409080
1,1.510586
1,1.086306
0,1.286306
1,1.510586
1,1.045941
1,1.510586
1,1.045941
0,2.296104
1,1.045941
0,2.296104
0,1.295941
0,2.296104
0,1.295941
0,2.296104
0,1.295941
0,2.296104
0,1.295941
0,2.296104
1,1.160586
0,8.979388
1,2.761456
1,1.086306
1,1.345941
1,1.036306
0,8.979388
1,5.409080
1,1.036306
1,1.345941
1,3.379236
1,9.085591
1,9.085591
0,2.296104
1,1.086306
0,2.296104
0,8.833224
0,1.277372
1,1.345941
1,1.036306
1,1.345941
1,1.036306
1,1.345941
1,1.036306
0,2.296104
1,1.160586
0,1.186306
1,1.086306
0,2.296104
1,1.086306
1,1.345941
1,1.086306
1,2.081663
1,2.196104
1,2.081663
1,2.081663
1,1.345941
1,2.196104
1,4.135518
1,2.196104
1,1.345941
1,2.196104
1,1.345941
1,2.196104
1,2.081663
1,0.995941
1,2.081663
1,1.981663
1,5.409080
1,2.081663
1,14.711200
1,2.031663
1,5.409080
0,8.632652
1,5.409080
0,5.853139
1,1.160586
1,1.160586
0,8.632652
1,1.160586
0,2.296104
1,0.995941
0,2.296104
1,0.995941
1,2.081663
1,0.995941
0,1.195858
1,0.995941
0,2.296104
1,0.995941
1,0.995941
0,2.296104
0,2.596104
0,2.296104
0,2.596104
1,2.081663
1,1.036306
0,2.296104
1,1.036306
0,2.296104
1,1.036306
0,8.632652
0,8.632652
1,8.495611
0,2.596104
1,8.495611
1,2.081663
1,8.495611
0,2.296104
1,1.036306
0,2.296104
1,2.196104
1,1.486306
1,1.036306
1,1.486306
1,1.036306
1,1.486306
1,1.036306
1,5.409080
0,3.669155
1,1.036306
0,3.669155
1,1.345941
1,2.196104
1,1.345941
1,1.036306
1,1.486306
1,1.036306
1,1.486306
1,1.036306
0,1.277372
1,1.036306
1,1.486306
1,1.036306
1,1.486306
1,1.036306
1,1.486306
1,1.036306
0,1.277372
1,1.036306
0,1.277372
1,1.036306
1,1.345941
0,1.245941
0,1.277372
1,1.345941
0,1.295941
0,1.277372
1,8.495611
0,1.277372
0,2.296104
1,0.995941
1,8.495611
1,8.495611
1,1.345941
0,2.281663
0,2.296104
1,0.995941
1,1.345941
1,8.495611
1,1.345941
1,8.495611
1,1.345941
1,8.495611
0,8.833224
1,9.277868
0,8.979388
1,9.277868
0,1.245941
0,1.931663
1,2.261456
0,2.296104
1,1.036306
1,1.345941
1,1.036306
0,1.245941
0,2.296104
1,1.345941
0,1.245941
1,1.345941
1,5.409080
0,5.453139
0,1.277372
1,4.135518
1,1.036306
1,1.345941
1,1.036306
1,1.595858
1,1.036306
0,1.195858
1,1.045941
1,5.409080
0,1.245941
0,1.295941
1,5.409080
0,9.620313
0,2.296104
1,2.261456
1,1.477372
0,1.295941
1,1.477372
0,1.295941
1,1.477372
0,1.295941
1,1.477372
0,1.295941
1,1.345941
1,0.995941
1,1.477372
1,0.995941
1,1.477372
1,0.995941
1,1.477372
1,0.995941
1,1.477372
1,0.995941
0,9.620313
1,9.338064
1,1.477372
0,1.295941
0,3.669155
0,1.245941
1,1.477372
0,8.610540
1,1.477372
0,2.281663
0,3.669155
0,2.281663
1,1.477372
0,2.281663
1,1.477372
0,2.281663
1,1.477372
0,5.453139
0,5.453139
0,2.281663
1,1.477372
0,1.336306
1,1.477372
0,1.336306
1,1.477372
0,2.281663
1,1.477372
0,1.336306
0,3.669155
0,2.281663
0,3.669155
1,14.410798
0,5.453139
1,1.036306
1,1.345941
0,1.336306
1,1.345941
0,1.336306
1,1.345941
0,1.336306
1,1.345941
0,1.336306
1,1.345941
0,1.336306
1,1.045941
0,1.931663
0,1.336306
1,1.486306
0,2.281663
0,1.931663
0,2.281663
0,1.931663
0,2.281663
0,1.931663
0,1.336306
0,1.336306
0,1.931663
0,1.336306
1,1.345941
0,1.336306
1,1.345941
0,5.453139
0,5.453139
0,1.336306
1,1.345941
0,1.336306
1,1.345941
0,1.336306
1,1.345941
0,1.336306
0,5.453139
0,1.336306
1,1.345941
0,2.281663
1,1.345941
0,1.336306
1,1.345941
0,1.336306
1,1.345941
0,1.336306
1,1.345941
0,1.336306
1,1.345941
0,1.336306
1,1.386306
1,1.386306
0,2.281663
1,1.345941
0,2.281663
1,1.345941
0,2.281663
1,1.345941
0,2.281663
1,1.345941
0,2.281663
0,8.610540
1,9.233985
0,8.544472
1,1.345941
0,2.281663
1,1.345941
0,2.281663
0,5.453139
1,1.345941
0,5.453139
1,5.409080
0,9.620313
1,14.503066
0,5.453139
0,2.281663
1,1.345941
0,2.281663
1,1.345941
1,1.045941
1,1.345941
1,1.045941
1,1.345941
1,1.045941
1,1.345941
1,1.077372
1,1.345941
1,1.077372
1,1.345941
1,1.077372
1,1.345941
1,1.077372
0,8.833224
0,1.336306
1,1.345941
1,0.995941
1,1.345941
1,1.045941
1,1.345941
1,1.045941
1,1.345941
1,1.045941
1,1.345941
0,1.336306
1,1.045941
0,1.277372
1,2.131663
1,1.045941
1,1.345941
0,7
0,4
0,0
1,0
1,0
1,2
1,2
1,2
1,2
1,5
1,3
1,0
1,0
1,4
0,0
1,3
1,4
1,3
1,4
1,1
1,1
1,1
1,5
1,1
1,4
1,1
0,1
0,1
0,0
1,5
1,2
1,5
0,1
1,5
1,5
1,1
0,1
1,2
1,4
1,5
1,5
1,3
1,8
1,8
1,5
1,0
1,5
0,1
1,8
1,4
0,6
1,0
0,0
0,0
0,0
1,7
1,7
1,7
0,2
1,7
0,6
0,1
1,4
0,7
1,1
1,1
1,3
0,1
1,0
1,6
1,4
0,2
1,6
1,4
0,1
0,2
1,1
0,0
0,7
1,4
1,1
1,3
1,1
0,1
1,3
1,7
0,1
1,8
1,1
1,0
1,5
0,2
1,4
1,0
1,0
1,0
0,0
1,1
1,3
1,1
1,8
1,0
0,0
0,1
1,3
0,2
1,1
0,2
1,3
1,0
0,0
1,0
0,3
1,8
1,4
1,1
1,1
1,2
0,0
0,0
0,7
1,2
0,8
0,5
0,0
1,1
1,1
1,1
0,0
0,7
0,2
1,2
1,4
0,1
1,7
1,4
0,0
0,4
1,7
0,1
1,7
1,1
0,1
1,3
0,2
1,0
1,7
0,2
1,2
0,8
1,2
0,8
0,0
0,8
0,0
0,4
1,4
0,8
1,6
0,2
1,4
0,5
1,2
1,8
0,1
1,8
0,2
1,1
1,3
1,4
0,6
0,2
1,4
0,2
0,2
1,1
0,1
0,4
0,3
1,4
0,8
1,4
1,3
1,4
1,3
1,2
1,3
1,0
1,0
0,3
0,3
1,7
1,3
1,3
1,3
0,0
0,3
1,5
0,3
1,4
0,3
0,0
0,6
1,4
0,6
1,8
0,8
1,6
0,8
0,2
1,1
0,2
1,0
1,5
1,0
0,2
0,2
0,2
1,4
0,6
0,2
1,3
0,4
0,0
0,8
0,0
0,2
1,3
0,1
1,8
0,3
1,0
0,0
0,3
0,0
0,3
1,7
0,8
1,7
0,3
1,7
1,2
1,3
1,3
0,0
1,1
0,3
1,7
0,4
0,0
0,3
1,3
0,7
1,8
0,3
1,8
1,2
0,0
0,8
1,3
1,3
0,1
1,2
1,1
1,0
1,4
0,1
1,8
0,4
1,2
0,2
1,3
0,8
1,2
0,3
0,0
1,4
1,8
1,4
0,3
1,0
1,2
1,1
1,4
1,1
0,4
0,0
1,0
1,7
0,5
1,3
0,0
1,1
0,2
1,1
0,0
0,3
1,3
0,3
1,2
0,3
1,3
0,3
1,8
0,1
0,1
0,2
0,1
0,1
0,8
0,4
0,0
1,8
0,3
1,8
0,5
0,8
0,1
1,7
1,1
0,4
0,1
1,3
0,1
0,2
1,1
0,2
0,2
1,3
0,8
1,3
0,5
0,0
0,1
1,3
0,5
1,2
1,8
0,8
0,0
0,8
1,8
0,3
1,4
0,8
1,2
0,3
1,2
0,3
1,7
1,2
1,7
0,5
0,0
0,5
1,5
0,4
0,0
0,0
0,2
1,4
0,6
1,4
1,2
0,3
0,0
1,4
0,3
0,4
1,8
1,1
1,8
1,1
0,2
1,0
0,0
0,4
1,2
0,2
1,6
0,4
1,5
0,3
1,8
0,4
1,5
0,8
1,8
1,7
1,2
0,2
1,8
0,5
1,8
0,4
0,0
0,2
1,5
0,3
0,0
0,8
0,4
0,2
0,2
0,0
0,2
1,3
0,2
0,0
1,1
0,3
1,0
1,1
1,7
1,1
0,0
0,3
1,1
1,7
0,5
1,4
1,4
0,3
1,6
0,3
1,6
0,5
1,6
1,1
0,0
0,1
1,5
0,8
1,5
0,3
1,5
0,3
1,3
0,8
1,5
0,4
1,0
0,0
1,1
0,0
0,3
0,0
0,3
0,0
1,2
1,2
0,1
1,2
0,0
1,0
0,0
0,4
1,8
1,1
1,2
0,3
0,4
0,1
0,4
0,4
1,0
0,4
0,0
0,4
1,4
0,4
1,2
0,3
1,4
0,3
1,5
0,2
1,5
0,8
1,5
0,8
1,8
0,4
1,3
0,4
1,5
0,4
0,0
0,5
0,0
0,5
0,0
1,2
1,8
0,4
1,2
0,8
0,0
1,3
0,0
4.560346,1920.000000
4.480731,1920.000000
4.299464,1920.000000
4.490074,1920.000000
4.574124,1920.000000
4.468781,1920.000000
4.536903,1920.000000
4.512016,1920.000000
4.398293,1920.000000
4.379319,1920.000000
4.436853,1920.000000
4.482482,1920.000000
4.345085,1920.000000
4.324935,1920.000000
4.189139,1920.000000
4.328926,1920.000000
4.400320,1920.000000
4.337183,1920.000000
4.525097,1920.000000
4.558815,1920.000000
4.346254,1920.000000
4.324026,1920.000000
4.301376,1920.000000
4.293265,1920.000000
4.453811,1920.000000
4.360799,1920.000000
4.439464,1920.000000
4.225147,1920.000000
4.439657,1920.000000
4.296766,1920.000000
4.444644,1920.000000
4.380959,1920.000000
4.511290,1920.000000
4.328192,1920.000000
4.180053,1920.000000
4.303769,1920.000000
4.260605,1920.000000
4.361147,1920.000000
4.527445,1920.000000
4.328848,1920.000000
4.618679,1920.000000
4.250714,1920.000000
4.415420,1920.000000
4.564078,1920.000000
4.463032,1920.000000
4.251852,1920.000000
4.488686,1920.000000
4.668058,1920.000000
4.375133,1920.000000
4.414965,1920.000000
4.274889,1920.000000
4.305971,1920.000000
4.488408,1920.000000
4.504737,1920.000000
4.323168,1920.000000
4.412713,1920.000000
4.451602,1920.000000
4.456382,1920.000000
4.506073,1920.000000
4.387569,1920.000000
4.513207,1920.000000
4.599153,1920.000000
4.403379,1920.000000
4.478835,1920.000000
4.385128,1920.000000
4.519379,1920.000000
4.640004,1920.000000
4.523999,1920.000000
4.589035,1920.000000
4.255248,1920.000000
4.393568,1920.000000
4.323793,1920.000000
4.483045,1920.000000
4.468206,1920.000000
4.616233,1920.000000
4.467385,1920.000000
4.430981,1920.000000
4.295530,1920.000000
4.382960,1920.000000
4.493946,1920.000000
4.378858,1920.000000
4.408521,1920.000000
4.530710,1920.000000
4.500058,1920.000000
4.361026,1920.000000
4.468997,1920.000000
4.365681,1920.000000
4.512855,1920.000000
4.337162,1920.000000
4.483635,1920.000000
4.333758,1920.000000
4.355015,1920.000000
4.404533,1920.000000
4.455275,1920.000000
4.519184,1920.000000
4.552497,1920.000000
4.487523,1920.000000
4.232410,1920.000000
4.327696,1920.000000
4.416580,1920.000000
4.346378,1920.000000
4.457988,1920.000000
4.439450,1920.000000
4.339950,1920.000000
4.503893,1920.000000
4.429434,1920.000000
4.581793,1920.000000
4.348492,1920.000000
4.281447,1920.000000
4.295786,1920.000000
4.564386,1920.000000
4.508632,1920.000000
4.269801,1920.000000
4.447406,1920.000000
4.263720,1920.000000
4.492853,1920.000000
4.529429,1920.000000
4.399116,1920.000000
4.295758,1920.000000
4.563351,1920.000000
4.331861,1920.000000
4.403960,1920.000000
4.332233,1920.000000
4.374302,1920.000000
4.595841,1920.000000
4.354369,1920.000000
4.398049,1920.000000
4.467686,1920.000000
4.411147,1920.000000
4.501242,1920.000000
4.420458,1920.000000
4.319537,1920.000000
4.498202,1920.000000
4.502487,1920.000000
4.376399,1920.000000
4.467988,1920.000000
4.508693,1920.000000
4.516175,1920.000000
4.397250,1920.000000
4.331590,1920.000000
4.272931,1920.000000
4.420676,1920.000000
4.387239,1920.000000
4.380635,1920.000000
4.251373,1920.000000
4.355830,1920.000000
4.400676,1920.000000
4.196558,1920.000000
4.438684,1920.000000
4.360851,1920.000000
4.544545,1920.000000
4.369374,1920.000000
4.272302,1920.000000
4.394705,1920.000000
4.432577,1920.000000
4.324500,1920.000000
4.462322,1920.000000
4.540590,1920.000000
4.452712,1920.000000
4.370353,1920.000000
4.213157,1920.000000
4.305013,1920.000000
4.338534,1920.000000
4.280404,1920.000000
4.273731,1920.000000
4.396544,1920.000000
4.427181,1920.000000
4.456544,1920.000000
4.348138,1920.000000
4.410717,1920.000000
4.323928,1920.000000
4.302472,1920.000000
4.335581,1920.000000
4.289030,1920.000000
4.185849,1920.000000
4.304847,1920.000000
4.137150,1920.000000
4.272221,1920.000000
4.174991,1920.000000
4.353550,1920.000000
4.262412,1920.000000
4.203212,1920.000000
4.417120,1920.000000
3.893350,1920.000000
4.310598,1920.000000
4.251669,1920.000000
4.387368,1920.000000
4.384656,1920.000000
4.204999,1920.000000
4.527896,1920.000000
4.315726,1920.000000
4.418013,1920.000000
4.386778,1920.000000
4.373177,1920.000000
4.522055,1920.000000
4.268174,1920.000000
4.310380,1920.000000
4.396679,1920.000000
4.305745,1920.000000
4.296083,1920.000000
4.472175,1920.000000
4.244310,1920.000000
4.333722,1920.000000
4.290434,1920.000000
4.295670,1920.000000
4.188431,1920.000000
4.333264,1920.000000
4.315966,1920.000000
4.359314,1920.000000
4.437316,1920.000000
4.299475,1920.000000
4.151082,1920.000000
4.193096,1920.000000
4.234331,1920.000000
4.187000,1920.000000
4.138890,1920.000000
4.144192,1920.000000
4.128009,1920.000000
4.232668,1920.000000
4.283372,1920.000000
4.311884,1920.000000
4.230668,1920.000000
4.274439,1920.000000
4.165384,1920.000000
4.190861,1920.000000
4.040451,1920.000000
4.219646,1920.000000
4.281045,1920.000000
4.152390,1920.000000
4.519083,1920.000000
4.280675,1920.000000
4.211905,1920.000000
4.449500,1920.000000
4.320854,1920.000000
4.351300,1920.000000
4.106961,1920.000000
4.297217,1920.000000
4.402655,1920.000000
4.332647,1920.000000
4.103320,1920.000000
4.153949,1920.000000
4.245151,1920.000000
4.121273,1920.000000
4.313285,1920.000000
4.089737,1920.000000
4.227679,1920.000000
4.150698,1920.000000
4.099917,1920.000000
4.281523,1920.000000
4.388284,1920.000000
4.404423,1920.000000
4.199134,1920.000000
4.099760,1920.000000
4.007889,1920.000000
4.136804,1920.000000
4.344479,1920.000000
4.209975,1920.000000
4.175891,1920.000000
4.312689,1920.000000
4.183142,1920.000000
3.942683,1920.000000
4.235238,1920.000000
4.206722,1920.000000
4.087579,1920.000000
4.189130,1920.000000
4.158102,1920.000000
4.225156,1920.000000
4.083320,1920.000000
4.346574,1920.000000
4.052397,1920.000000
4.245593,1920.000000
4.208778,1920.000000
4.044893,1920.000000
4.175043,1920.000000
4.157079,1920.000000
4.284653,1920.000000
4.352398,1920.000000
4.084096,1920.000000
4.026029,1920.000000
4.023207,1920.000000
4.174870,1920.000000
4.072873,1920.000000
4.132411,1920.000000
4.128029,1920.000000
4.187220,1920.000000
4.290686,1920.000000
3.988410,1920.000000
4.107691,1920.000000
4.031649,1920.000000
4.135071,1920.000000
4.210457,1920.000000
4.167412,1920.000000
4.216473,1920.000000
4.034316,1920.000000
4.322905,1920.000000
4.268174,1920.000000
4.028047,1920.000000
4.184618,1920.000000
4.193943,1920.000000
4.329542,1920.000000
4.202881,1920.000000
4.141324,1920.000000
4.216140,1920.000000
4.293044,1920.000000
4.399794,1920.000000
4.161021,1920.000000
4.102027,1920.000000
4.158336,1920.000000
4.180723,1920.000000
4.271329,1920.000000
4.183328,1920.000000
4.187448,1920.000000
4.359506,1920.000000
4.316448,1920.000000
4.252383,1920.000000
4.327193,1920.000000
4.279956,1920.000000
4.191322,1920.000000
4.246751,1920.000000
4.226357,1920.000000
4.282864,1920.000000
4.490402,1920.000000
4.426909,1920.000000
4.261552,1920.000000
4.259051,1920.000000
4.348826,1920.000000
4.435842,1920.000000
4.278239,1920.000000
4.234127,1920.000000
4.164193,1920.000000
4.263463,1920.000000
4.206898,1920.000000
4.217031,1920.000000
4.491402,1920.000000
4.401931,1920.000000
4.300506,1920.000000
4.216948,1920.000000
4.145399,1920.000000
4.081505,1920.000000
4.203444,1920.000000
4.281358,1920.000000
4.291164,1920.000000
4.212266,1920.000000
4.311861,1920.000000
4.199199,1920.000000
4.384387,1920.000000
4.312016,1920.000000
4.238304,1920.000000
4.361345,1920.000000
4.216341,1920.000000
4.317558,1920.000000
4.458759,1920.000000
4.538330,1920.000000
4.203287,1920.000000
4.190706,1920.000000
4.382944,1920.000000
4.355479,1920.000000
4.250602,1920.000000
4.182214,1920.000000
4.321127,1920.000000
4.487196,1920.000000
4.271787,1920.000000
4.528226,1920.000000
4.571634,1920.000000
4.323371,1920.000000
4.531701,1920.000000
4.506368,1920.000000
4.515535,1920.000000
4.490386,1920.000000
4.362616,1920.000000
4.329224,1920.000000
4.719293,1920.000000
4.645302,1920.000000
4.647912,1920.000000
4.409949,1920.000000
4.389217,1920.000000
4.687898,1920.000000
4.437679,1920.000000
4.420702,1920.000000
4.453626,1920.000000
4.414241,1920.000000
4.685640,1920.000000
4.513450,1920.000000
4.654042,1920.000000
4.588972,1920.000000
4.434354,1920.000000
4.519288,1920.000000
4.446590,1920.000000
4.644952,1920.000000
4.335096,1920.000000
4.371159,1920.000000
4.599842,1920.000000
4.444486,1920.000000
4.562843,1920.000000
4.551032,1920.000000
4.504906,1920.000000
4.626759,1920.000000
4.563182,1920.000000
4.525789,1920.000000
4.639050,1920.000000
4.588529,1920.000000
4.313339,1920.000000
4.564227,1920.000000
4.418017,1920.000000
4.406665,1920.000000
4.328190,1920.000000
4.375624,1920.000000
4.358028,1920.000000
4.459895,1920.000000
4.378937,1920.000000
4.474956,1920.000000
4.400485,1920.000000
4.486373,1920.000000
4.477136,1920.000000
4.382403,1920.000000
4.603940,1920.000000
4.453263,1920.000000
4.539270,1920.000000
4.556355,1920.000000
4.477404,1920.000000
4.477925,1920.000000
4.447875,1920.000000
4.386111,1920.000000
4.572493,1920.000000
4.512501,1920.000000
4.659613,1920.000000
4.474635,1920.000000
4.506056,1920.000000
4.338447,1920.000000
4.418016,1920.000000
4.305257,1920.000000
4.586518,1920.000000
4.700786,1920.000000
4.431455,1920.000000
4.545615,1920.000000
4.298569,1920.000000
4.390295,1920.000000
4.295603,1920.000000
4.534481,1920.000000
4.672336,1920.000000
4.528087,1920.000000
4.637226,1920.000000
4.533341,1920.000000
4.294141,1920.000000
4.558393,1920.000000
4.369372,1920.000000
4.550090,1920.000000
4.511500,1920.000000
4.542396,1920.000000
4.345462,1920.000000
4.305298,1920.000000
4.517507,1920.000000
4.399263,1920.000000
4.354745,1920.000000
4.468138,1920.000000
4.308520,1920.000000
4.296901,1920.000000
4.372089,1920.000000
4.365268,1920.000000
4.526298,1920.000000
4.385923,1920.000000
4.313826,1920.000000
4.449621,1920.000000
4.435655,1920.000000
4.326174,1920.000000
4.457183,1920.000000
4.259250,1920.000000
4.472043,1920.000000
4.258831,1920.000000
4.376759,1920.000000
4.235341,1920.000000
4.468576,1920.000000
4.391715,1920.000000
4.609062,1920.000000
4.406947,1920.000000
4.247671,1920.000000
4.201378,1920.000000
4.289587,1920.000000
4.378163,1920.000000
4.421424,1920.000000
4.310707,1920.000000
4.679052,1920.000000
4.262446,1920.000000
4.395242,1920.000000
4.609910,1920.000000
4.515870,1920.000000
4.305587,1920.000000
4.496214,1920.000000
4.727168,1920.000000
4.330120,1920.000000
4.461975,1920.000000
4.253420,1920.000000
4.335301,1920.000000
4.434920,1920.000000
4.429465,1920.000000
4.419967,1920.000000
4.412991,1920.000000
4.415244,1920.000000
4.493286,1920.000000
4.475534,1920.000000
4.482316,1920.000000
4.539907,1920.000000
4.669192,1920.000000
4.417816,1920.000000
4.304404,1920.000000
4.366452,1920.000000
4.433814,1920.000000
4.684339,1920.000000
4.433561,1920.000000
4.592920,1920.000000
4.429857,1920.000000
4.535081,1920.000000
4.350309,1920.000000
4.505608,1920.000000
4.422831,1920.000000
4.685211,1920.000000
4.479288,1920.000000
4.362324,1920.000000
4.411878,1920.000000
4.656963,1920.000000
4.434343,1920.000000
4.413165,1920.000000
4.286789,1920.000000
4.555726,1920.000000
4.504944,1920.000000
4.426973,1920.000000
4.503232,1920.000000
4.403037,1920.000000
4.473371,1920.000000
4.367652,1920.000000
4.409219,1920.000000
4.218064,1920.000000
4.303788,1920.000000
4.457352,1920.000000
4.535665,1920.000000
4.607691,1920.000000
4.497638,1920.000000
4.482220,1920.000000
4.279129,1920.000000
4.340662,1920.000000
4.371898,1920.000000
4.350079,1920.000000
4.549487,1920.000000
4.477936,1920.000000
4.545513,1920.000000
4.478509,1920.000000
4.417496,1920.000000
4.369229,1920.000000
4.251227,1920.000000
4.274749,1920.000000
4.342991,1920.000000
4.548282,1920.000000
4.429440,1920.000000
4.205641,1920.000000
4.424716,1920.000000
4.305703,1920.000000
4.461023,1920.000000
4.721048,1920.000000
4.451713,1920.000000
4.468906,1920.000000
4.594279,1920.000000
4.395865,1920.000000
4.313170,1920.000000
4.311944,1920.000000
4.408256,1920.000000
4.586334,1920.000000
4.379819,1920.000000
4.400532,1920.000000
4.467605,1920.000000
4.464352,1920.000000
4.553147,1920.000000
4.460249,1920.000000
4.492249,1920.000000
4.519010,1920.000000
4.564956,1920.000000
4.424500,1920.000000
4.371412,1920.000000
4.344878,1920.000000
4.594841,1920.000000
4.511474,1920.000000
4.279249,1920.000000
4.308782,1920.000000
4.399185,1920.000000
4.351167,1920.000000
4.342273,1920.000000
4.288196,1920.000000
4.374566,1920.000000
4.304741,1920.000000
4.314667,1920.000000
4.584254,1920.000000
4.448325,1920.000000
4.520483,1920.000000
4.331664,1920.000000
4.337296,1920.000000
4.423045,1920.000000
4.476522,1920.000000
4.345814,1920.000000
4.380819,1920.000000
4.446680,1920.000000
4.341088,1920.000000
4.219959,1920.000000
4.279990,1920.000000
4.213058,1920.000000
4.276057,1920.000000
4.216197,1920.000000
4.421720,1920.000000
4.482322,1920.000000
4.495882,1920.000000
4.434123,1920.000000
4.188837,1920.000000
4.235595,1920.000000
4.517420,1920.000000
4.425183,1920.000000
4.373681,1920.000000
4.370103,1920.000000
4.265619,1920.000000
4.261167,1920.000000
4.152141,1920.000000
4.285137,1920.000000
4.163872,1920.000000
4.302062,1920.000000
4.322485,1920.000000
4.312387,1920.000000
4.270684,1920.000000
4.031249,1920.000000
4.405260,1920.000000
4.245178,1920.000000
4.360525,1920.000000
4.437610,1920.000000
4.203991,1920.000000
4.449347,1920.000000
4.265161,1920.000000
4.211126,1920.000000
4.504709,1920.000000
4.287869,1920.000000
4.615173,1920.000000
4.388580,1920.000000
4.192288,1920.000000
4.315745,1920.000000
4.397950,1920.000000
4.390397,1920.000000
4.417953,1920.000000
4.347190,1920.000000
4.302086,1920.000000
4.156340,1920.000000
4.235172,1920.000000
4.398683,1920.000000
4.261286,1920.000000
4.343407,1920.000000
4.211033,1920.000000
4.231900,1920.000000
4.245996,1920.000000
4.240825,1920.000000
4.415260,1920.000000
4.140939,1920.000000
4.313213,1920.000000
4.105042,1920.000000
4.118738,1920.000000
4.172750,1920.000000
4.361921,1920.000000
4.398550,1920.000000
4.285519,1920.000000
4.190193,1920.000000
4.158177,1920.000000
4.264553,1920.000000
4.293195,1920.000000
4.191800,1920.000000
4.270409,1920.000000
4.290267,1920.000000
4.069030,1920.000000
4.289841,1920.000000
4.331761,1920.000000
4.185176,1920.000000
4.249669,1920.000000
4.203229,1920.000000
4.329959,1920.000000
4.181172,1920.000000
4.228591,1920.000000
4.277424,1920.000000
4.382825,1920.000000
4.181039,1920.000000
4.239420,1920.000000
4.259347,1920.000000
4.093694,1920.000000
4.426566,1920.000000
4.142483,1920.000000
4.121421,1920.000000
4.153962,1920.000000
4.029293,1920.000000
4.125789,1920.000000
4.300398,1920.000000
4.399301,1920.000000
4.223949,1920.000000
4.172909,1920.000000
4.030229,1920.000000
3.966846,1920.000000
4.426609,1920.000000
4.190187,1920.000000
4.145819,1920.000000
4.335516,1920.000000
4.167253,1920.000000
4.019818,1920.000000
4.169351,1920.000000
4.191602,1920.000000
4.227427,1920.000000
4.106767,1920.000000
4.040816,1920.000000
4.111015,1920.000000
4.027464,1920.000000
4.324311,1920.000000
4.227019,1920.000000
4.323963,1920.000000
4.249350,1920.000000
4.038722,1920.000000
4.173896,1920.000000
4.227420,1920.000000
4.163431,1920.000000
4.392954,1920.000000
4.188533,1920.000000
4.239788,1920.000000
3.947838,1920.000000
4.120484,1920.000000
4.002087,1920.000000
4.177701,1920.000000
4.146333,1920.000000
4.065943,1920.000000
4.313502,1920.000000
4.049305,1920.000000
3.975710,1920.000000
4.014044,1920.000000
4.158585,1920.000000
4.105846,1920.000000
4.209377,1920.000000
4.209441,1920.000000
4.076456,1920.000000
4.200162,1920.000000
4.254623,1920.000000
4.091764,1920.000000
4.255253,1920.000000
3.993019,1920.000000
4.441945,1920.000000
4.134777,1920.000000
4.070929,1920.000000
4.110723,1920.000000
4.379678,1920.000000
4.336450,1920.000000
4.209254,1920.000000
3.959053,1920.000000
4.261720,1920.000000
4.231737,1920.000000
4.109966,1920.000000
4.317599,1920.000000
4.200765,1920.000000
4.512486,1920.000000
4.362210,1920.000000
4.200184,1920.000000
4.389720,1920.000000
4.386275,1920.000000
4.224226,1920.000000
4.252212,1920.000000
4.212850,1920.000000
4.296552,1920.000000
4.229409,1920.000000
4.190840,1920.000000
4.134231,1920.000000
4.427674,1920.000000
4.310155,1920.000000
4.383665,1920.000000
4.155966,1920.000000
4.094731,1920.000000
4.220906,1920.000000
4.339357,1920.000000
4.439544,1920.000000
4.143774,1920.000000
4.232512,1920.000000
4.442619,1920.000000
4.345844,1920.000000
4.364726,1920.000000
4.089920,1920.000000
4.149533,1920.000000
4.231196,1920.000000
4.241489,1920.000000
4.147441,1920.000000
4.390991,1920.000000
4.226141,1920.000000
4.290821,1920.000000
4.299872,1920.000000
4.397622,1920.000000
4.360685,1920.000000
4.317028,1920.000000
4.179367,1920.000000
4.326193,1920.000000
4.546831,1920.000000
4.371765,1920.000000
4.175322,1920.000000
4.324553,1920.000000
4.371512,1920.000000
4.349311,1920.000000
4.253730,1920.000000
4.185213,1920.000000
4.399853,1920.000000
4.420308,1920.000000
4.260009,1920.000000
4.542556,1920.000000
4.500976,1920.000000
4.483189,1920.000000
4.511383,1920.000000
4.504676,1920.000000
4.528061,1920.000000
4.472951,1920.000000
4.518429,1920.000000
4.469527,1920.000000
4.468944,1920.000000
4.434489,1920.000000
4.561353,1920.000000
4.411294,1920.000000
4.337083,1920.000000
4.844405,1920.000000
4.415184,1920.000000
4.498433,1920.000000
4.421977,1920.000000
4.338878,1920.000000
4.582137,1920.000000
4.615682,1920.000000
4.689501,1920.000000
4.426013,1920.000000
4.551098,1920.000000
4.567176,1920.000000
4.285303,1920.000000
4.586194,1920.000000
4.333341,1920.000000
4.359506,1920.000000
4.393330,1920.000000
4.545549,1920.000000
4.485850,1920.000000
4.606978,1920.000000
4.452034,1920.000000
4.482664,1920.000000
4.495118,1920.000000
4.542322,1920.000000
4.530365,1920.000000
4.637748,1920.000000
4.415950,1920.000000
4.566164,1920.000000
4.455211,1920.000000
4.359727,1920.000000
4.400422,1920.000000
4.459714,1920.000000
4.440934,1920.000000
4.452942,1920.000000
4.449829,1920.000000
4.365943,1920.000000
4.407852,1920.000000
4.577216,1920.000000
4.414899,1920.000000
4.397459,1920.000000
4.510276,1920.000000
4.617499,1920.000000
4.417509,1920.000000
4.641058,1920.000000
4.462452,1920.000000
4.429239,1920.000000
4.479656,1920.000000
4.285444,1920.000000
4.452044,1920.000000
4.225315,1920.000000
4.674973,1920.000000
4.402799,1920.000000
4.624273,1920.000000
4.387934,1920.000000
4.428215,1920.000000
4.439004,1920.000000
4.423148,1920.000000
4.538666,1920.000000
4.310383,1920.000000
4.533110,1920.000000
4.205204,1920.000000
4.286066,1920.000000
4.293113,1920.000000
4.609777,1920.000000
4.654196,1920.000000
4.613156,1920.000000
4.631570,1920.000000
4.514789,1920.000000
4.245975,1920.000000
4.469532,1920.000000
4.585868,1920.000000
4.323017,1920.000000
4.535075,1920.000000
4.461292,1920.000000
4.277597,1920.000000
4.367825,1920.000000
4.520576,1920.000000
4.467530,1920.000000
4.481434,1920.000000
4.331611,1920.000000
4.227486,1920.000000
4.224881,1920.000000
4.273539,1920.000000
4.437793,1920.000000
4.432863,1920.000000
4.443604,1920.000000
4.289595,1920.000000
4.460091,1920.000000
4.364546,1920.000000
4.275660,1920.000000
4.509363,1920.000000
4.277649,1920.000000
4.287538,1920.000000
4.260093,1920.000000
4.379300,1920.000000
4.307229,1920.000000
4.578588,1920.000000
4.356415,1920.000000
4.687929,1920.000000
4.472461,1920.000000
4.364184,1920.000000
4.310553,1920.000000
4.255427,1920.000000
4.455915,1920.000000
4.386590,1920.000000
4.063936,1920.000000
4.707685,1920.000000
4.255558,1920.000000
4.298497,1920.000000
4.539917,1920.000000
4.442945,1920.000000
4.300137,1920.000000
4.512521,1920.000000
4.595660,1920.000000
4.263895,1920.000000
4.534030,1920.000000
4.247300,1920.000000
4.304254,1920.000000
4.344039,1920.000000
4.416896,1920.000000
4.245238,1920.000000
4.361159,1920.000000
4.210516,1920.000000
4.527789,1920.000000
4.487893,1920.000000
4.538440,1920.000000
4.584329,1920.000000
4.599644,1920.000000
4.490745,1920.000000
4.459562,1920.000000
4.516703,1920.000000
4.456974,1920.000000
4.642196,1920.000000
4.449667,1920.000000
4.631765,1920.000000
4.450024,1920.000000
4.481863,1920.000000
4.287136,1920.000000
4.529129,1920.000000
4.580837,1920.000000
4.573336,1920.000000
4.406400,1920.000000
4.392230,1920.000000
4.390387,1920.000000
4.535632,1920.000000
4.526427,1920.000000
4.527740,1920.000000
4.287537,1920.000000
4.415923,1920.000000
4.318080,1920.000000
4.483055,1920.000000
4.430092,1920.000000
4.368842,1920.000000
4.494100,1920.000000
4.404201,1920.000000
4.418619,1920.000000
4.327812,1920.000000
4.310001,1920.000000
4.446315,1920.000000
4.452076,1920.000000
4.623537,1920.000000
4.459508,1920.000000
4.411961,1920.000000
4.295869,1920.000000
4.249815,1920.000000
4.448812,1920.000000
4.362991,1920.000000
4.357210,1920.000000
4.499504,1920.000000
4.408452,1920.000000
4.442599,1920.000000
4.407612,1920.000000
4.406888,1920.000000
4.333367,1920.000000
4.344218,1920.000000
4.433555,1920.000000
4.599520,1920.000000
4.390985,1920.000000
4.189623,1920.000000
4.469774,1920.000000
4.408985,1920.000000
4.510878,1920.000000
4.441115,1920.000000
4.507211,1920.000000
4.257079,1920.000000
4.632436,1920.000000
4.455857,1920.000000
4.420795,1920.000000
4.298783,1920.000000
4.427893,1920.000000
4.456173,1920.000000
4.400345,1920.000000
4.350658,1920.000000
4.530359,1920.000000
4.419618,1920.000000
4.627209,1920.000000
4.436884,1920.000000
4.426235,1920.000000
4.397535,1920.000000
4.615759,1920.000000
4.396480,1920.000000
4.349619,1920.000000
4.330931,1920.000000
4.485442,1920.000000
4.393735,1920.000000
4.293265,1920.000000
4.325772,1920.000000
4.426083,1920.000000
4.234451,1920.000000
4.319057,1920.000000
4.402003,1920.000000
4.302524,1920.000000
4.360853,1920.000000
4.507805,1920.000000
4.357715,1920.000000
4.348486,1920.000000
4.445361,1920.000000
4.389325,1920.000000
4.307813,1920.000000
4.296008,1920.000000
4.377827,1920.000000
4.381353,1920.000000
4.413850,1920.000000
4.500647,1920.000000
4.446044,1920.000000
4.283531,1920.000000
4.149449,1920.000000
4.213009,1920.000000
4.257722,1920.000000
4.395564,1920.000000
4.288400,1920.000000
4.329281,1920.000000
4.399246,1920.000000
4.313288,1920.000000
4.375998,1920.000000
4.317211,1920.000000
4.514555,1920.000000
4.517316,1920.000000
4.294433,1920.000000
4.119103,1920.000000
4.239727,1920.000000
4.339778,1920.000000
4.149329,1920.000000
4.071486,1920.000000
4.222906,1920.000000
4.296783,1920.000000
4.406483,1920.000000
4.277953,1920.000000
4.284081,1920.000000
4.065641,1920.000000
4.355990,1920.000000
4.302621,1920.000000
4.482891,1920.000000
4.455914,1920.000000
4.391062,1920.000000
4.479909,1920.000000
4.351806,1920.000000
4.163831,1920.000000
4.301415,1920.000000
4.209236,1920.000000
4.534250,1920.000000
4.314735,1920.000000
4.281158,1920.000000
4.463502,1920.000000
4.374296,1920.000000
4.330473,1920.000000
4.559344,1920.000000
4.127590,1920.000000
4.273041,1920.000000
4.230321,1920.000000
4.175588,1920.000000
4.260552,1920.000000
4.304412,1920.000000
4.315678,1920.000000
4.231893,1920.000000
4.425595,1920.000000
4.225831,1920.000000
4.240273,1920.000000
4.322776,1920.000000
4.247933,1920.000000
4.225351,1920.000000
4.066681,1920.000000
4.251550,1920.000000
4.200034,1920.000000
4.230172,1920.000000
4.296879,1920.000000
4.374904,1920.000000
4.168451,1920.000000
4.268787,1920.000000
4.173312,1920.000000
4.140562,1920.000000
4.147313,1920.000000
4.204357,1920.000000
4.308570,1920.000000
3.981428,1920.000000
4.495453,1920.000000
4.148715,1920.000000
4.158634,1920.000000
4.433310,1920.000000
4.264888,1920.000000
4.321238,1920.000000
4.310145,1920.000000
4.366874,1920.000000
4.212278,1920.000000
4.165165,1920.000000
4.040446,1920.000000
4.255715,1920.000000
4.356469,1920.000000
3.979711,1920.000000
4.310681,1920.000000
4.165596,1920.000000
4.291632,1920.000000
4.204626,1920.000000
4.254002,1920.000000
4.248474,1920.000000
4.288426,1920.000000
4.336538,1920.000000
4.240728,1920.000000
4.274967,1920.000000
4.094631,1920.000000
4.174941,1920.000000
4.494384,1920.000000
4.174028,1920.000000
4.233441,1920.000000
4.278599,1920.000000
4.153669,1920.000000
4.103219,1920.000000
4.136211,1920.000000
4.225342,1920.000000
4.141568,1920.000000
4.058094,1920.000000
4.156948,1920.000000
4.288188,1920.000000
3.959771,1920.000000
4.231162,1920.000000
4.132751,1920.000000
4.317474,1920.000000
4.259458,1920.000000
4.085493,1920.000000
4.095969,1920.000000
4.133817,1920.000000
4.171015,1920.000000
4.265996,1920.000000
4.143072,1920.000000
4.272653,1920.000000
3.993006,1920.000000
4.178124,1920.000000
4.001545,1920.000000
4.101443,1920.000000
4.192888,1920.000000
4.155990,1920.000000
4.183808,1920.000000
4.022124,1920.000000
4.070874,1920.000000
4.140005,1920.000000
4.146793,1920.000000
4.085962,1920.000000
4.213226,1920.000000
4.290231,1920.000000
4.083687,1920.000000
4.215597,1920.000000
4.203732,1920.000000
4.169787,1920.000000
4.180605,1920.000000
4.062045,1920.000000
4.367356,1920.000000
4.265512,1920.000000
4.138178,1920.000000
4.183909,1920.000000
4.326487,1920.000000
4.187678,1920.000000
4.451200,1920.000000
4.222463,1920.000000
4.138469,1920.000000
4.263218,1920.000000
4.222966,1920.000000
4.307058,1920.000000
4.283861,1920.000000
4.481665,1920.000000
4.397097,1920.000000
4.246618,1920.000000
4.325610,1920.000000
4.393292,1920.000000
4.116719,1920.000000
4.182773,1920.000000
4.180074,1920.000000
4.117154,1920.000000
4.314260,1920.000000
4.113202,1920.000000
4.298503,1920.000000
4.315376,1920.000000
4.213070,1920.000000
4.324437,1920.000000
4.206931,1920.000000
4.334983,1920.000000
4.186260,1920.000000
4.408514,1920.000000
4.359376,1920.000000
4.278304,1920.000000
4.227313,1920.000000
4.380369,1920.000000
4.395141,1920.000000
4.348175,1920.000000
4.301461,1920.000000
4.260338,1920.000000
4.293938,1920.000000
4.129118,1920.000000
4.278697,1920.000000
4.335431,1920.000000
4.257633,1920.000000
4.242152,1920.000000
4.191322,1920.000000
4.283249,1920.000000
4.346577,1920.000000
4.317445,1920.000000
4.218220,1920.000000
4.421208,1920.000000
4.302895,1920.000000
4.440817,1920.000000
4.286761,1920.000000
4.400775,1920.000000
4.425470,1920.000000
4.421307,1920.000000
4.313321,1920.000000
4.127984,1920.000000
4.281245,1920.000000
4.647665,1920.000000
4.414172,1920.000000
4.398450,1920.000000
4.432915,1920.000000
4.352158,1920.000000
4.490087,1920.000000
4.607797,1920.000000
4.457156,1920.000000
4.535664,1920.000000
4.500632,1920.000000
4.379131,1920.000000
4.506982,1920.000000
4.641539,1920.000000
4.669655,1920.000000
4.568280,1920.000000
4.547187,1920.000000
4.631346,1920.000000
4.499961,1920.000000
4.579887,1920.000000
4.379070,1920.000000
4.352760,1920.000000
4.594985,1920.000000
4.496232,1920.000000
4.536669,1920.000000
4.560007,1920.000000
4.527290,1920.000000
4.321632,1920.000000
4.427249,1920.000000
4.492366,1920.000000
4.295696,1920.000000
4.438298,1920.000000
4.395681,1920.000000
4.447942,1920.000000
4.489793,1920.000000
4.570542,1920.000000
4.519075,1920.000000
4.485715,1920.000000
4.577772,1920.000000
4.541855,1920.000000
4.585917,1920.000000
4.578605,1920.000000
4.321414,1920.000000
4.470641,1920.000000
4.408019,1920.000000
4.468978,1920.000000
4.439517,1920.000000
4.482749,1920.000000
4.501714,1920.000000
4.597727,1920.000000
4.477493,1920.000000
4.533031,1920.000000
4.420721,1920.000000
4.531848,1920.000000
4.519432,1920.000000
4.320667,1920.000000
4.593683,1920.000000
4.448111,1920.000000
4.623523,1920.000000
4.506924,1920.000000
4.413870,1920.000000
4.302214,1920.000000
4.430200,1920.000000
4.303398,1920.000000
4.548066,1920.000000
4.412730,1920.000000
4.601617,1920.000000
4.355088,1920.000000
4.502782,1920.000000
4.435534,1920.000000
4.521670,1920.000000
4.517393,1920.000000
4.463480,1920.000000
4.674416,1920.000000
4.554248,1920.000000
4.450534,1920.000000
4.186396,1920.000000
4.367104,1920.000000
4.353953,1920.000000
4.467736,1920.000000
4.694320,1920.000000
4.476970,1920.000000
4.610602,1920.000000
4.559890,1920.000000
4.280717,1920.000000
4.483380,1920.000000
4.436307,1920.000000
4.518774,1920.000000
4.636751,1920.000000
4.433959,1920.000000
4.332909,1920.000000
4.315928,1920.000000
4.413814,1920.000000
4.424429,1920.000000
4.347976,1920.000000
4.498366,1920.000000
4.228730,1920.000000
4.245982,1920.000000
4.332132,1920.000000
4.388075,1920.000000
4.456722,1920.000000
4.563761,1920.000000
4.345698,1920.000000
4.326324,1920.000000
4.333346,1920.000000
4.477137,1920.000000
4.500606,1920.000000
4.359378,1920.000000
4.441019,1920.000000
4.196316,1920.000000
4.480734,1920.000000
4.393857,1920.000000
4.456150,1920.000000
4.383850,1920.000000
4.714766,1920.000000
4.441100,1920.000000
4.248303,1920.000000
4.383210,1920.000000
4.386069,1920.000000
4.357382,1920.000000
4.303955,1920.000000
4.161856,1920.000000
4.441706,1920.000000
4.320949,1920.000000
4.411962,1920.000000
4.558888,1920.000000
4.493918,1920.000000
4.388233,1920.000000
4.392574,1920.000000
4.613115,1920.000000
4.234751,1920.000000
4.483744,1920.000000
4.319453,1920.000000
4.252248,1920.000000
4.504338,1920.000000
4.381654,1920.000000
4.395816,1920.000000
4.257106,1920.000000
4.372818,1920.000000
4.576676,1920.000000
4.479523,1920.000000
4.495368,1920.000000
4.600761,1920.000000
4.713907,1920.000000
4.386987,1920.000000
4.430231,1920.000000
4.461780,1920.000000
4.477738,1920.000000
4.692411,1920.000000
4.570347,1920.000000
4.489140,1920.000000
4.464995,1920.000000
4.407571,1920.000000
4.279135,1920.000000
4.524567,1920.000000
4.541483,1920.000000
4.650946,1920.000000
4.568984,1920.000000
4.472382,1920.000000
4.409004,1920.000000
4.361735,1920.000000
4.504332,1920.000000
4.347904,1920.000000
4.343729,1920.000000
4.490149,1920.000000
4.317208,1920.000000
4.380022,1920.000000
4.418283,1920.000000
4.310357,1920.000000
4.548956,1920.000000
4.333911,1920.000000
4.534583,1920.000000
4.362216,1920.000000
4.256191,1920.000000
4.501157,1920.000000
4.391771,1920.000000
4.478345,1920.000000
4.533868,1920.000000
4.347979,1920.000000
4.379687,1920.000000
4.332669,1920.000000
4.443968,1920.000000
4.313646,1920.000000
4.454474,1920.000000
4.387014,1920.000000
4.390601,1920.000000
4.421229,1920.000000
4.532966,1920.000000
4.378603,1920.000000
4.212332,1920.000000
4.513112,1920.000000
4.440507,1920.000000
4.647793,1920.000000
4.430347,1920.000000
4.311384,1920.000000
4.296168,1920.000000
4.316174,1920.000000
4.601921,1920.000000
4.688772,1920.000000
4.544392,1920.000000
4.411794,1920.000000
4.438078,1920.000000
4.340975,1920.000000
4.327975,1920.000000
4.328615,1920.000000
4.545368,1920.000000
4.510645,1920.000000
4.356806,1920.000000
4.431614,1920.000000
4.379230,1920.000000
4.467320,1920.000000
4.555562,1920.000000
4.467333,1920.000000
4.503260,1920.000000
4.555556,1920.000000
4.528639,1920.000000
4.309494,1920.000000
4.379889,1920.000000
4.408568,1920.000000
4.421201,1920.000000
4.493924,1920.000000
4.306120,1920.000000
4.270013,1920.000000
4.403078,1920.000000
4.446355,1920.000000
4.390852,1920.000000
4.242087,1920.000000
4.272420,1920.000000
4.241695,1920.000000
4.385715,1920.000000
4.544436,1920.000000
4.447474,1920.000000
4.535460,1920.000000
4.449099,1920.000000
4.317255,1920.000000
4.370055,1920.000000
4.461913,1920.000000
4.475219,1920.000000
4.394356,1920.000000
4.442264,1920.000000
4.266061,1920.000000
4.388172,1920.000000
4.377684,1920.000000
4.343610,1920.000000
4.344761,1920.000000
4.166009,1920.000000
4.241283,1920.000000
4.313137,1920.000000
4.328508,1920.000000
4.349898,1920.000000
4.331569,1920.000000
4.410317,1920.000000
4.452314,1920.000000
4.504843,1920.000000
4.250618,1920.000000
4.107309,1920.000000
4.291032,1920.000000
4.329179,1920.000000
4.109840,1920.000000
4.194016,1920.000000
4.297803,1920.000000
4.379479,1920.000000
4.391114,1920.000000
4.338306,1920.000000
4.190881,1920.000000
4.129397,1920.000000
4.385625,1920.000000
4.158622,1920.000000
4.499578,1920.000000
4.439357,1920.000000
4.287981,1920.000000
4.500529,1920.000000
4.322348,1920.000000
4.098254,1920.000000
4.354291,1920.000000
4.400844,1920.000000
4.505225,1920.000000
4.326305,1920.000000
4.260739,1920.000000
4.355567,1920.000000
4.298826,1920.000000
4.228256,1920.000000
4.481819,1920.000000
4.226548,1920.000000
4.301828,1920.000000
4.112259,1920.000000
4.207236,1920.000000
4.369104,1920.000000
4.370256,1920.000000
4.275856,1920.000000
4.324389,1920.000000
4.266995,1920.000000
4.141846,1920.000000
4.186051,1920.000000
4.233722,1920.000000
4.067643,1920.000000
4.230022,1920.000000
4.121537,1920.000000
4.256067,1920.000000
4.169809,1920.000000
4.300778,1920.000000
4.325203,1920.000000
4.313376,1920.000000
4.221193,1920.000000
4.373354,1920.000000
4.320868,1920.000000
4.197495,1920.000000
4.145183,1920.000000
4.297770,1920.000000
4.334078,1920.000000
4.053160,1920.000000
4.391803,1920.000000
4.189854,1920.000000
4.266528,1920.000000
4.394596,1920.000000
4.305983,1920.000000
4.383101,1920.000000
3.999245,1920.000000
4.296807,1920.000000
4.181146,1920.000000
4.232388,1920.000000
3.989257,1920.000000
4.274495,1920.000000
4.234657,1920.000000
4.063700,1920.000000
4.255293,1920.000000
4.206072,1920.000000
4.140668,1920.000000
4.148692,1920.000000
4.259931,1920.000000
4.230002,1920.000000
4.278348,1920.000000
4.452576,1920.000000
4.106552,1920.000000
4.278218,1920.000000
4.040347,1920.000000
4.129490,1920.000000
4.368305,1920.000000
4.142139,1920.000000
4.189003,1920.000000
4.296428,1920.000000
4.136131,1920.000000
4.160362,1920.000000
4.112907,1920.000000
4.143890,1920.000000
4.158229,1920.000000
4.117009,1920.000000
4.085973,1920.000000
4.139602,1920.000000
4.019989,1920.000000
4.177492,1920.000000
4.190619,1920.000000
4.178025,1920.000000
4.310769,1920.000000
4.205072,1920.000000
4.206959,1920.000000
4.063126,1920.000000
4.177403,1920.000000
4.242498,1920.000000
4.029309,1920.000000
4.264188,1920.000000
4.020340,1920.000000
4.095655,1920.000000
3.998388,1920.000000
4.101509,1920.000000
4.232806,1920.000000
4.163885,1920.000000
4.235278,1920.000000
4.048617,1920.000000
3.966940,1920.000000
4.063574,1920.000000
4.135134,1920.000000
4.226448,1920.000000
4.206250,1920.000000
4.261130,1920.000000
4.057737,1920.000000
4.182412,1920.000000
4.300807,1920.000000
4.179138,1920.000000
4.206779,1920.000000
4.128181,1920.000000
4.357549,1920.000000
4.280441,1920.000000
4.119359,1920.000000
4.108279,1920.000000
4.290921,1920.000000
4.122770,1920.000000
4.145717,1920.000000
4.185064,1920.000000
4.196593,1920.000000
4.150945,1920.000000
4.202235,1920.000000
4.308828,1920.000000
4.174773,1920.000000
4.443299,1920.000000
4.474394,1920.000000
4.321080,1920.000000
4.349513,1920.000000
4.220835,1920.000000
4.295369,1920.000000
4.327575,1920.000000
4.298632,1920.000000
4.254299,1920.000000
4.345325,1920.000000
4.249597,1920.000000
4.213313,1920.000000
4.436166,1920.000000
4.269736,1920.000000
4.258456,1920.000000
4.215900,1920.000000
4.138586,1920.000000
4.271974,1920.000000
4.435448,1920.000000
4.322890,1920.000000
4.378192,1920.000000
4.312490,1920.000000
4.321475,1920.000000
4.461951,1920.000000
4.339375,1920.000000
4.226389,1920.000000
4.168816,1920.000000
4.329819,1920.000000
4.243785,1920.000000
4.183079,1920.000000
4.215228,1920.000000
4.210005,1920.000000
4.171224,1920.000000
4.203990,1920.000000
4.498120,1920.000000
4.361202,1920.000000
4.135982,1920.000000
4.182804,1920.000000
4.360758,1920.000000
4.422245,1920.000000
4.591597,1920.000000
4.197394,1920.000000
4.206795,1920.000000
4.445881,1920.000000
4.497344,1920.000000
4.400320,1920.000000
4.128874,1920.000000
4.320153,1920.000000
4.555490,1920.000000
4.450471,1920.000000
4.447798,1920.000000
4.419779,1920.000000
4.317750,1920.000000
4.516286,1920.000000
4.481187,1920.000000
4.542218,1920.000000
4.415107,1920.000000
4.401054,1920.000000
4.442227,1920.000000
4.459403,1920.000000
4.449005,1920.000000
4.651515,1920.000000
4.486414,1920.000000
4.638976,1920.000000
4.603593,1920.000000
4.424114,1920.000000
4.474221,1920.000000
4.486102,1920.000000
4.328900,1920.000000
4.556802,1920.000000
4.578583,1920.000000
4.674470,1920.000000
4.471901,1920.000000
4.414125,1920.000000
4.300345,1920.000000
4.459742,1920.000000
4.567197,1920.000000
4.260540,1920.000000
4.477558,1920.000000
4.590896,1920.000000
4.375888,1920.000000
4.486571,1920.000000
4.570355,1920.000000
4.571410,1920.000000
4.503339,1920.000000
4.574841,1920.000000
4.578765,1920.000000
4.559597,1920.000000
4.504123,1920.000000
4.361185,1920.000000
4.543988,1920.000000
4.431134,1920.000000
4.435160,1920.000000
4.447446,1920.000000
4.453711,1920.000000
4.405534,1920.000000
4.387470,1920.000000
4.327667,1920.000000
4.467424,1920.000000
4.369520,1920.000000
4.518513,1920.000000
4.554138,1920.000000
4.270466,1920.000000
4.427395,1920.000000
4.613702,1920.000000
4.597035,1920.000000
4.548398,1920.000000
4.503577,1920.000000
4.486592,1920.000000
4.456681,1920.000000
4.337620,1920.000000
4.428949,1920.000000
4.348352,1920.000000
4.558317,1920.000000
4.458785,1920.000000
4.692220,1920.000000
4.349573,1920.000000
4.392358,1920.000000
4.530974,1920.000000
4.371218,1920.000000
4.710995,1920.000000
4.483240,1920.000000
4.530275,1920.000000
4.246760,1920.000000
4.368218,1920.000000
4.287209,1920.000000
4.574729,1920.000000
4.682046,1920.000000
4.464872,1920.000000
235.865504,1920.000000
45.124214,1920.000000
75.495773,1920.000000
84.134881,1920.000000
38.345788,1920.000000
193.637689,1920.000000
45.370765,1920.000000
38.652966,1920.000000
43.363422,1920.000000
112.176762,1920.000000
20.632497,1920.000000
27.448310,1920.000000
136.870426,1920.000000
45.457520,1920.000000
332.032748,1920.000000
158.837880,1920.000000
102.629687,1920.000000
107.399183,1920.000000
33.914217,1920.000000
21.134116,1920.000000
21.475650,1920.000000
