2,20,0,2,4474040,1.291192
3,2,8,0,0,0.595158
2,14,2,2,0,0.342586
3,0,11,1,3,0.265397
2,20,2,1,3,0.297305
2,3,2,1,3,0.290311
3,5,19,1,0,0.220598
3,7,11,1,0,0.159076
3,2,5,1,0,0.166378
2,10,2,1,0,0.158636
3,2,8,1,0,0.146783
3,6,20,2,3,0.156730
2,17,3,1,3,0.130674
2,19,3,1,3,0.128984
2,0,1,2,3,0.136624
3,16,1,1,3,0.113747
0,3,1,2,3,0.114084
3,4,4,1,1,0.106851
0,1,3,1,1,0.099327
3,14,18,1,2,0.111271
2,14,0,2,2,0.107079
3,2,8,1,1,0.090675
3,2,8,1,0,0.103277
3,12,11,1,1,0.125165
2,14,2,1,1,0.106637
0,1,0,2,1,0.103194
3,13,20,1,2,0.095919
2,1,2,1,2,0.094741
2,19,2,1,2,0.090137
3,14,10,1,1,0.092002
2,9,2,1,1,0.089475
0,2,2,1,1,0.083734
2,8,2,1,1,0.078792
2,12,2,1,1,0.073548
3,12,20,1,3,0.074493
3,2,5,1,0,0.093987
3,2,8,2,0,0.097569
3,2,7,1,2,0.081733
3,7,11,1,3,0.071941
0,3,2,1,3,0.070142
2,20,3,3,3,0.068563
2,20,1,0,3,0.086091
2,8,2,1,3,0.086276
2,14,2,2,3,0.071370
2,0,3,1,3,0.065990
2,14,2,2,3,0.057511
0,3,2,2,3,0.060319
0,2,1,0,3,0.050969
3,7,11,1,3,0.058255
3,2,8,3,0,0.059804
3,2,8,3,0,0.061299
2,14,3,1,0,0.061281
3,20,16,3,3,0.071014
2,20,3,1,3,0.064181
3,11,20,3,3,0.063428
3,0,1,1,3,0.058717
3,7,11,3,3,0.049363
0,0,3,1,3,0.049885
3,7,11,3,0,0.054945
0,1,3,3,0,0.046806
0,3,2,0,0,0.047133
3,18,18,3,2,0.046635
3,11,7,3,0,0.044878
3,2,8,3,1,0.046838
3,20,4,3,1,0.058607
2,4,3,1,1,0.063710
3,3,2,3,1,0.046684
2,3,1,3,1,0.047823
3,2,3,2,0,0.044980
3,7,20,3,1,0.053492
2,20,2,2,1,0.048005
3,4,20,2,3,0.054750
0,3,1,3,3,0.039969
0,0,2,2,3,0.042598
0,2,1,1,3,0.039730
0,3,3,3,3,0.039022
3,3,2,0,2,0.041616
2,14,1,1,2,0.050281
3,2,7,0,3,0.045081
3,20,2,0,0,0.043242
3,3,2,0,2,0.048528
3,8,6,0,2,0.040911
3,8,11,0,1,0.041567
0,1,3,0,1,0.039895
3,2,8,1,0,0.038614
3,7,11,3,3,0.049592
3,4,20,1,1,0.040180
3,11,8,1,2,0.037671
3,1,1,1,2,0.043351
3,13,13,1,2,0.039479
3,20,3,1,2,0.032739
3,3,11,1,3,0.040934
3,3,2,1,1,0.036184
2,9,1,1,1,0.039987
2,7,1,1,1,0.032019
0,3,1,1,1,0.037173
3,7,20,2,1,0.030760
3,7,11,1,0,0.034591
3,19,20,2,1,0.038971
2,18,1,2,1,0.030842
3,11,7,3,2,0.036601
3,11,7,2,2,0.037067
2,15,3,1,2,0.032122
3,19,20,2,3,0.029208
2,3,1,2,3,0.028778
2,3,3,1,3,0.037242
3,3,20,2,0,0.037407
2,14,3,1,0,0.035510
2,17,1,2,0,0.039362
3,11,7,1,0,0.035942
2,2,1,2,0,0.029690
3,2,3,1,1,0.033038
3,2,2,2,0,0.032663
3,3,2,2,1,0.030881
3,2,8,2,0,0.031329
2,8,3,1,0,0.029728
3,2,8,2,0,0.036357
3,2,12,1,2,0.032491
2,16,1,2,2,0.031107
0,1,1,2,2,0.028221
2,14,3,1,2,0.028478
2,14,3,1,2,0.035253
2,19,3,1,2,0.036187
3,4,20,2,0,0.033131
2,20,3,1,0,0.035889
3,13,20,1,3,0.030246
3,13,4,1,3,0.031056
0,3,3,1,3,0.025920
3,7,11,1,0,0.024330
3,7,11,1,3,0.025108
3,4,13,1,0,0.029036
3,13,20,1,1,0.027288
0,2,3,1,1,0.024633
2,9,1,0,1,0.024240
3,3,2,3,2,0.024603
3,3,20,2,0,0.028381
3,2,3,1,2,0.033760
3,2,8,2,0,0.028748
2,8,2,3,0,0.023497
3,3,20,2,0,0.023903
3,8,20,2,3,0.026045
2,11,1,2,3,0.023548
2,3,1,2,3,0.023740
3,20,3,2,3,0.027958
2,3,2,2,3,0.031077
2,3,2,1,3,0.026657
2,17,1,2,3,0.026315
2,4,2,3,3,0.027829
3,20,4,2,1,0.027630
2,20,2,3,1,0.029391
2,14,1,2,1,0.020691
3,20,13,2,3,0.025135
2,14,2,3,3,0.024653
3,11,7,3,2,0.022724
2,14,1,2,2,0.027314
3,6,8,2,1,0.020487
3,20,8,2,0,0.023466
2,12,1,2,0,0.021862
3,12,20,2,2,0.022016
0,3,1,2,2,0.018424
3,4,13,1,2,0.017818
2,12,2,2,2,0.025647
2,8,2,1,2,0.025117
2,15,2,2,2,0.027174
2,14,2,1,2,0.025119
2,2,2,2,2,0.025807
2,7,2,1,2,0.019664
3,4,20,2,0,0.021820
2,4,2,1,0,0.023651
2,16,2,2,0,0.025831
3,13,4,3,3,0.022018
3,4,20,2,0,0.019763
3,7,11,1,0,0.020042
3,16,11,1,0,0.018437
3,7,11,2,0,0.024589
2,19,2,3,0,0.021629
3,1,17,2,0,0.029119
3,3,2,3,1,0.021728
2,3,2,2,1,0.022840
2,14,2,1,1,0.017645
2,17,2,2,1,0.018690
2,13,2,1,1,0.020047
3,2,8,2,0,0.019686
3,2,8,1,0,0.023087
3,8,2,1,1,0.032148
2,8,2,2,1,0.027318
2,17,2,2,1,0.023952
3,2,8,1,1,0.022885
3,2,8,2,0,0.023727
3,3,2,1,1,0.020414
2,5,2,2,1,0.018369
2,7,2,2,1,0.019107
3,20,7,2,3,0.028122
2,7,1,3,3,0.017956
3,2,8,2,0,0.018786
2,20,2,3,0,0.020968
2,0,2,2,0,0.021893
3,1,0,3,3,0.016851
3,8,20,3,3,0.017763
2,20,1,0,3,0.020674
3,7,20,2,1,0.019705
2,1,2,3,1,0.018878
2,16,2,2,1,0.020721
2,11,2,3,1,0.019595
2,14,2,2,1,0.020667
3,4,20,3,1,0.018023
3,18,18,3,0,0.015727
2,18,1,3,0,0.018682
2,8,2,3,0,0.018921
2,15,2,2,0,0.020008
2,14,2,3,0,0.018899
2,16,2,2,0,0.019204
0,3,1,3,0,0.015861
2,15,3,1,0,0.014679
3,11,7,1,2,0.016150
2,17,2,3,2,0.015893
3,3,2,1,1,0.015184
2,17,3,1,1,0.020598
2,20,2,3,1,0.017662
3,12,20,1,3,0.019345
2,12,2,3,3,0.017807
0,1,3,1,3,0.017542
0,3,2,2,3,0.014243
2,20,2,3,3,0.019187
3,12,20,0,2,0.019086
2,14,2,0,2,0.013863
2,14,1,0,2,0.014610
0,3,2,0,2,0.014337
3,3,20,0,2,0.013265
3,3,11,0,3,0.016098
2,11,1,0,3,0.014564
2,2,1,0,3,0.016729
3,6,8,3,0,0.015462
3,4,13,0,3,0.015894
2,13,1,0,3,0.015144
2,1,1,0,3,0.017104
2,20,2,1,3,0.015397
3,12,20,0,2,0.018238
2,12,1,0,2,0.017074
2,15,1,0,2,0.019030
2,20,2,3,2,0.017704
2,10,1,0,2,0.017411
2,14,2,1,2,0.016033
3,4,20,0,0,0.017083
3,1,1,0,2,0.016284
2,4,2,1,2,0.018372
3,2,8,0,0,0.015742
3,2,8,0,0,0.015820
3,2,8,0,0,0.016398
2,1,1,0,0,0.015075
3,8,1,0,0,0.018714
3,7,11,0,0,0.014536
2,10,1,0,0,0.013835
2,9,1,0,0,0.014384
0,2,1,0,0,0.013614
2,7,2,1,0,0.013763
2,11,1,0,0,0.016667
3,20,13,1,3,0.014506
3,8,1,0,0,0.016864
2,1,2,1,0,0.014516
3,2,8,0,0,0.018008
3,11,8,1,3,0.020521
2,16,1,0,3,0.019030
2,8,2,1,3,0.015104
3,4,20,0,2,0.016668
0,0,2,1,2,0.013403
3,4,20,1,2,0.014877
2,20,2,3,2,0.014513
3,7,20,1,1,0.016300
3,7,20,1,1,0.016465
2,4,2,3,1,0.016261
3,4,20,1,2,0.014461
2,6,2,3,2,0.012391
3,2,8,3,0,0.012807
3,8,6,3,2,0.017521
2,2,2,3,2,0.013603
3,8,6,3,2,0.016128
3,2,8,1,0,0.014655
3,2,8,3,0,0.014023
3,1,0,0,3,0.015728
2,20,2,3,3,0.012481
3,7,11,0,0,0.015902
2,19,2,3,0,0.011501
2,15,1,0,0,0.015351
2,11,2,3,0,0.014817
3,20,13,0,3,0.015071
3,20,13,1,1,0.012660
3,7,11,1,0,0.011251
2,7,3,1,0,0.012806
3,2,8,1,0,0.011765
2,20,2,3,0,0.013611
2,5,1,0,0,0.015438
2,12,2,3,0,0.013413
3,12,20,0,2,0.014345
2,20,2,3,2,0.013137
2,10,1,0,2,0.014685
2,20,2,3,2,0.013961
2,5,1,0,2,0.014431
2,18,2,3,2,0.010727
3,18,18,1,0,0.014998
2,18,1,0,0,0.012914
2,5,3,1,0,0.011769
2,7,2,3,0,0.012301
2,7,3,1,0,0.013185
3,18,18,1,0,0.010908
2,18,3,1,0,0.010320
2,3,3,1,0,0.010220
3,3,2,3,1,0.013098
3,0,6,1,3,0.013467
3,3,20,3,0,0.011947
3,2,8,1,0,0.012588
2,8,2,3,0,0.012837
3,8,20,1,3,0.012424
3,3,20,3,0,0.013429
3,3,20,1,0,0.012900
2,1,2,3,0,0.012248
2,17,1,0,0,0.013909
2,14,2,3,0,0.013439
3,13,4,0,3,0.013575
3,20,13,3,0,0.012960
2,6,3,1,0,0.010473
3,7,11,1,3,0.010233
3,7,11,3,3,0.013226
3,7,11,1,0,0.012811
3,1,0,1,3,0.010837
2,14,3,1,3,0.010032
0,3,2,3,3,0.010388
2,20,3,1,3,0.013608
2,4,3,2,3,0.012923
3,4,13,1,3,0.012878
2,13,3,1,3,0.011989
2,15,1,0,3,0.014500
2,20,3,2,3,0.013923
2,16,1,0,3,0.013878
2,11,3,2,3,0.012874
2,10,1,0,3,0.013064
2,13,3,2,3,0.011414
2,0,1,0,3,0.012808
3,7,11,2,3,0.011497
3,3,20,1,0,0.009337
2,3,3,1,0,0.010465
2,3,3,2,0,0.011962
3,3,20,1,0,0.012257
2,20,3,2,0,0.012729
2,16,1,0,0,0.012782
3,6,8,2,1,0.011569
3,7,11,0,3,0.012663
3,6,8,2,0,0.011807
3,8,1,0,0,0.011209
3,1,0,1,3,0.011545
3,12,20,0,3,0.012227
2,5,3,1,3,0.009899
2,15,1,0,3,0.009530
2,12,3,1,3,0.010840
2,12,3,1,3,0.012200
3,20,8,1,0,0.011551
3,12,20,1,3,0.011808
2,5,3,1,3,0.010645
2,15,3,1,3,0.011704
2,2,2,1,3,0.012416
2,14,1,0,3,0.012071
2,14,3,1,3,0.010752
2,14,3,1,3,0.011058
3,4,13,1,2,0.009038
2,4,3,1,2,0.010017
3,7,11,0,3,0.009869
2,11,3,1,3,0.012947
3,20,8,0,0,0.009320
2,8,1,0,0,0.010667
3,20,8,0,2,0.010097
3,2,8,1,0,0.010765
3,2,8,0,1,0.010303
3,2,8,1,0,0.013158
2,13,3,2,0,0.010573
3,2,8,0,0,0.013586
3,3,2,0,1,0.010211
2,2,1,0,1,0.011565
2,7,3,1,1,0.009646
2,1,3,1,1,0.010973
3,11,7,1,2,0.009618
2,1,3,1,2,0.010709
3,2,8,1,0,0.009488
3,2,8,1,0,0.010708
3,11,7,1,2,0.009262
2,11,3,1,2,0.009328
2,17,2,2,2,0.011826
3,19,19,2,0,0.013337
2,19,2,1,0,0.014456
3,4,20,2,2,0.011775
3,4,20,1,2,0.010493
0,1,3,1,2,0.009209
2,5,3,1,2,0.008746
2,7,3,2,2,0.009806
3,1,0,1,3,0.010021
2,20,3,2,3,0.009422
2,15,3,1,3,0.011619
2,6,3,2,3,0.011345
2,20,3,1,3,0.011435
2,20,3,2,3,0.011484
2,10,3,1,3,0.011512
2,2,3,2,3,0.010423
2,0,3,1,3,0.011091
2,0,1,0,3,0.012287
2,0,3,1,3,0.012613
0,1,3,1,3,0.009052
2,0,1,0,3,0.009935
2,9,1,0,3,0.008414
3,20,13,0,1,0.009216
3,20,13,0,2,0.010644
2,20,2,1,2,0.010706
2,20,1,0,2,0.010901
2,20,2,1,2,0.010925
2,18,1,0,2,0.011013
2,20,1,0,2,0.009112
0,3,1,0,2,0.009274
3,8,20,1,3,0.008860
2,8,2,1,3,0.010511
3,3,20,1,0,0.009972
3,8,20,2,3,0.009521
2,13,2,1,3,0.010921
2,3,2,2,3,0.011068
3,3,2,1,3,0.010135
3,2,3,1,0,0.008566
3,8,1,1,0,0.008636
3,18,18,1,0,0.010435
3,8,1,1,0,0.008199
3,8,1,1,0,0.010018
2,1,2,1,0,0.008879
3,0,1,2,3,0.011707
2,8,2,1,3,0.008880
2,0,2,2,3,0.010897
2,4,2,1,3,0.008516
3,3,11,1,3,0.008948
3,3,11,1,3,0.008770
2,11,2,1,3,0.011239
3,13,4,2,3,0.011327
2,13,2,1,3,0.009807
2,20,2,2,3,0.010194
2,20,2,1,3,0.010593
2,0,2,2,3,0.010689
2,6,2,1,3,0.009266
2,17,2,2,3,0.010672
2,17,2,1,3,0.008505
2,15,2,1,3,0.008493
3,20,13,1,3,0.007797
3,20,13,1,1,0.009015
3,4,20,1,2,0.008401
2,11,2,1,2,0.009174
2,20,2,2,2,0.010603
2,20,2,1,2,0.010215
2,15,2,2,2,0.010446
2,20,2,1,2,0.010314
3,12,20,2,2,0.010331
2,12,2,1,2,0.008762
2,16,2,2,2,0.010041
2,16,2,1,2,0.010068
2,9,2,2,2,0.008698
3,2,8,1,0,0.008205
2,17,3,1,0,0.007323
3,2,8,1,0,0.009256
3,2,8,1,0,0.009956
3,11,7,1,2,0.009071
2,16,1,1,2,0.008485
2,19,2,1,2,0.009785
2,10,2,2,2,0.009590
2,6,2,1,2,0.009353
2,15,2,2,2,0.009756
2,2,2,1,2,0.009581
2,13,2,2,2,0.009533
2,18,3,1,2,0.007689
2,5,3,1,2,0.007186
3,12,20,1,3,0.007327
3,20,12,1,3,0.009937
2,20,2,1,3,0.013929
2,12,2,2,3,0.012073
3,20,12,2,3,0.010655
2,20,2,1,3,0.011628
3,7,11,2,3,0.009433
2,12,3,1,3,0.008424
3,7,11,2,0,0.012047
3,11,7,1,2,0.009201
2,5,2,2,2,0.008742
2,13,2,1,2,0.009440
2,20,2,2,2,0.009712
2,20,2,1,2,0.009241
3,0,6,2,3,0.009535
3,0,6,1,3,0.007970
3,20,13,1,0,0.008014
2,6,3,1,0,0.007156
3,7,11,1,3,0.007027
3,7,11,2,3,0.008887
2,0,2,1,3,0.007556
3,4,13,1,1,0.007247
3,7,11,1,3,0.007194
3,12,20,1,2,0.007233
2,12,3,1,2,0.006799
2,7,3,1,2,0.007267
2,7,2,1,2,0.008096
3,12,20,2,3,0.009239
2,4,2,1,3,0.008494
1,0.300000
1,0.900000
0,0.100000
1,0.300000
1,0.300000
1,0.400000
1,0.300000
1,0.300000
1,0.300000
1,0.300000
1,0.400000
0,0.100000
1,0.300000
1,0.300000
0,0.100000
1,0.200000
0,0.100000
1,0.200000
1,0.300000
1,0.300000
0,0.100000
1,0.300000
1,0.300000
1,0.400000
1,0.300000
0,0.100000
1,0.300000
1,0.300000
1,0.300000
1,0.300000
1,0.100000
1,0.300000
1,0.200000
1,0.100000
1,0.100000
1,0.400000
0,0.200000
1,0.300000
1,0.100000
1,0.100000
0,0.100000
0,0.200000
1,0.400000
0,0.200000
1,0.300000
0,0.200000
0,0.100000
0,0.200000
1,0.300000
0,0.100000
0,0.100000
1,0.300000
0,0.100000
1,0.300000
0,0.100000
1,0.300000
0,0.100000
1,0.300000
0,0.100000
0,0.100000
0,0.100000
1,0.200000
1,0.200000
1,0.200000
0,0.200000
1,0.300000
0,0.200000
1,0.200000
1,0.100000
0,0.200000
1,0.100000
1,0.100000
1,0.200000
1,0.100000
1,0.300000
0,0.200000
0,0.100000
1,0.100000
0,0.100000
0,0.100000
0,0.100000
0,0.100000
0,0.100000
0,0.100000
1,0.100000
1,0.400000
1,0.100000
1,0.300000
1,0.100000
1,0.100000
1,0.400000
1,0.300000
1,0.400000
1,0.100000
1,0.100000
1,0.100000
1,0.100000
1,0.400000
1,0.100000
1,0.100000
1,0.400000
1,0.100000
1,0.400000
1,0.100000
1,0.100000
1,0.400000
1,0.100000
1,0.400000
1,0.100000
1,0.400000
1,0.100000
1,0.400000
1,0.100000
1,0.100000
1,0.100000
1,0.400000
1,0.100000
1,0.400000
1,0.100000
1,0.100000
1,0.400000
1,0.400000
1,0.400000
0,0.200000
1,0.400000
1,0.300000
1,0.400000
1,0.300000
1,0.400000
1,0.400000
1,0.400000
1,0.400000
1,0.400000
0,0.100000
1,0.400000
1,0.100000
1,0.300000
0,0.200000
1,0.400000
1,0.100000
1,0.100000
1,0.100000
1,0.100000
1,0.100000
0,0.200000
1,0.300000
1,0.100000
1,0.400000
1,0.100000
1,0.400000
1,0.100000
1,0.100000
1,0.400000
1,0.400000
1,0.100000
1,0.100000
1,0.100000
1,0.100000
1,0.100000
1,0.100000
1,0.300000
0,0.200000
1,0.300000
0,0.200000
1,0.300000
0,0.200000
1,0.300000
0,0.200000
1,0.300000
0,0.200000
1,0.400000
0,0.200000
1,0.300000
1,0.300000
0,0.200000
1,0.400000
0,0.200000
1,0.400000
0,0.200000
1,0.200000
0,0.200000
1,0.300000
0,0.200000
1,0.300000
1,0.300000
0,0.200000
0,0.200000
1,0.300000
0,0.200000
1,0.300000
0,0.200000
0,0.200000
0,0.200000
1,0.200000
0,0.200000
1,0.400000
0,0.200000
1,0.200000
1,0.400000
0,0.100000
0,0.200000
1,0.400000
0,0.200000
1,0.400000
0,0.200000
1,0.400000
1,0.200000
1,0.200000
1,0.400000
0,0.200000
1,0.400000
0,0.200000
1,0.200000
0,0.300000
0,0.300000
1,0.400000
1,0.200000
0,0.300000
1,0.400000
0,0.300000
1,0.400000
0,0.300000
0,0.200000
1,0.400000
0,0.100000
0,0.100000
0,0.100000
0,0.100000
0,0.100000
0,0.100000
0,0.100000
0,0.100000
1,0.400000
0,0.100000
0,0.100000
0,0.100000
1,0.300000
0,0.100000
0,0.100000
0,0.100000
1,0.400000
0,0.100000
1,0.300000
0,0.100000
0,0.100000
1,0.300000
0,0.100000
0,0.100000
0,0.100000
0,0.100000
0,0.100000
0,0.100000
0,0.100000
0,0.100000
0,0.100000
1,0.200000
0,0.200000
1,0.300000
0,0.200000
1,0.300000
0,0.200000
1,0.300000
0,0.200000
1,0.300000
0,0.200000
1,0.300000
1,0.200000
1,0.400000
1,0.200000
1,0.200000
1,0.400000
1,0.200000
1,0.400000
1,0.400000
1,0.400000
1,0.400000
1,0.400000
1,0.200000
1,0.400000
0,0.200000
1,0.400000
0,0.200000
1,0.400000
0,0.200000
1,0.400000
0,0.200000
1,0.200000
1,0.200000
1,0.200000
1,0.200000
1,0.400000
0,0.200000
1,0.400000
0,0.200000
1,0.400000
0,0.200000
1,0.400000
0,0.200000
1,0.400000
1,0.200000
0,0.100000
1,0.200000
1,0.400000
1,0.200000
1,0.200000
1,0.200000
1,0.200000
1,0.400000
1,0.200000
1,0.400000
1,0.200000
1,0.400000
1,0.200000
1,0.400000
1,0.200000
1,0.400000
0,0.200000
1,0.400000
0,0.200000
1,0.400000
1,0.200000
1,0.200000
1,0.400000
1,0.200000
1,0.200000
1,0.200000
1,0.400000
1,0.200000
1,0.400000
1,0.200000
1,0.200000
0,0.200000
1,0.400000
0,0.200000
1,0.400000
0,0.200000
1,0.400000
0,0.200000
1,0.400000
1,0.200000
1,0.200000
1,0.400000
1,0.200000
1,0.400000
0,0.200000
1,0.400000
0,0.100000
1,0.400000
0,0.100000
1,0.200000
0,0.200000
1,0.200000
0,0.100000
1,0.200000
1,0.200000
1,0.200000
1,0.200000
1,0.200000
1,0.200000
1,0.400000
0,0.200000
1,0.200000
1,0.200000
1,0.200000
1,0.200000
0,0.100000
1,0.200000
0,0.100000
0,0.100000
0,0.100000
1,0.200000
0,0.100000
1,0.200000
1,0.400000
0,0.100000
0,0.100000
0,0.100000
1,0.200000
1,0.200000
1,0.200000
1,0.200000
1,0.200000
1,0.200000
1,0.200000
1,0.200000
0,0.400000
1,0.400000
1,0.400000
0,0.400000
1,0.200000
1,0.200000
0,0.300000
1,0.400000
0,0.300000
1,0.400000
0,0.300000
1,0.400000
0,0.300000
1,0.400000
0,0.300000
1,0.400000
0,0.300000
0,0.100000
0,0.300000
0,0.300000
0,0.100000
0,0.100000
0,0.100000
0,0.100000
1,0.400000
0,0.100000
1,0.400000
0,0.100000
0,0.100000
0,0.100000
1,0.400000
1,0.200000
1,0.400000
0,0.400000
1,0.400000
0,0.400000
1,0.400000
1,0.200000
1,0.400000
1,0.200000
1,0.200000
1,0.200000
1,0.400000
0,0.400000
1,0.400000
0,0.400000
1,0.400000
1,0.100000
1,0.200000
1,0.400000
0,0.400000
1,0.400000
0,0.400000
1,0.400000
0,0.400000
1,0.400000
0,0.400000
1,0.400000
1,0.400000
1,0.200000
1,0.400000
1,0.200000
1,0.400000
0,0.400000
1,0.400000
0,0.400000
1,0.400000
0,0.400000
1,0.400000
0,0.400000
1,0.400000
0,0.400000
1,0.200000
1,0.200000
1,0.400000
1,0.100000
1,0.400000
1,0.100000
1,0.400000
0,0.400000
1,0.400000
0,0.400000
1,0.400000
0,0.400000
1,0.200000
1,0.200000
1,0.200000
1,0.200000
1,0.400000
0,0.400000
0,0.400000
1,0.400000
0,0.400000
1,0.200000
0,0.400000
1,0.400000
0,0.400000
1,0.400000
0,0.400000
1,0.400000
0,0.400000
1,0.200000
1,0.200000
1,0.200000
1,0.200000
0,0.400000
1,0.400000
1,0.200000
1,0.400000
1,0.200000
1,0.200000
1,0.200000
1,0.400000
0,0.400000
1,0.400000
1,3.550882
0,1.111337
0,1.162526
0,1.162526
1,2.896393
0,0.882398
0,1.439716
0,1.326645
0,1.019341
0,5.249816
1,1.461337
1,2.700598
1,1.337832
1,1.311863
1,3.909418
1,1.337832
0,1.391992
0,1.341992
1,1.288283
1,1.288283
0,1.201397
0,1.201397
1,1.111337
0,1.103755
0,4.036303
1,1.396179
1,2.096968
1,1.396179
0,4.036303
1,1.396179
1,1.471635
1,2.053384
0,1.467623
1,1.111337
1,1.530358
1,1.319341
1,1.111337
0,1.259967
0,1.467623
1,1.667623
1,1.667623
1,1.471635
1,1.667623
1,1.111337
1,1.667623
0,1.264577
0,1.264577
0,1.264577
1,1.667623
1,1.111337
0,1.261337
1,1.504554
1,1.471635
1,1.504554
1,2.493998
1,1.504554
0,1.467623
1,1.401397
1,1.326645
0,1.251354
0,1.351354
1,6.392236
0,1.386971
1,1.401397
1,1.961406
0,1.153592
0,1.264577
1,2.061318
1,1.593429
1,1.733770
0,1.874743
1,2.061318
0,2.355662
0,2.355662
0,1.351354
0,2.355662
1,1.568213
0,2.355662
1,1.515427
1,2.201350
0,1.218213
1,1.559234
0,1.351354
1,1.667623
1,1.111337
1,1.667623
0,2.355662
1,1.550731
1,2.712899
1,1.439031
0,1.896900
1,1.341933
1,1.514577
1,1.950660
1,1.576645
1,1.950660
1,1.783770
1,1.576645
0,3.991069
1,3.768766
1,1.652875
0,1.452875
1,3.871967
1,3.768766
1,1.557115
0,1.164577
1,1.574743
1,1.686971
0,2.465644
1,1.686971
0,2.465644
1,1.557115
1,1.590302
0,1.164577
1,1.111337
1,1.704209
0,1.561337
1,1.377294
1,1.950660
0,2.465644
1,1.743026
1,1.302245
1,1.743026
1,1.950660
1,1.704209
1,2.225702
0,1.362453
1,1.326645
1,1.326645
0,1.517623
1,1.743026
0,2.465644
1,1.518213
1,2.161406
1,1.518213
1,1.724743
0,1.213739
1,1.111337
0,1.874743
0,1.924743
1,1.608094
0,1.888623
0,1.888623
1,2.053384
0,1.888623
0,1.064577
0,1.888623
1,1.652875
1,1.961406
1,1.652875
1,1.554159
1,2.063146
1,1.652875
1,1.652875
0,1.888623
1,1.554159
0,1.888623
1,1.704209
1,1.603802
1,1.341933
1,1.704209
0,1.753802
0,1.061337
1,1.950660
0,1.064577
1,1.950660
1,1.612453
1,2.000660
1,1.612453
0,2.400660
1,1.612453
0,2.400660
1,1.326645
1,1.435103
0,1.526645
0,1.061337
0,1.589615
0,1.064577
1,1.724743
1,2.305662
0,1.917397
0,1.061337
0,1.561337
1,1.261337
1,1.302245
1,1.430358
1,1.430358
0,1.051397
1,1.111337
0,1.164577
0,1.561337
0,1.561337
1,1.889303
1,1.658094
0,1.561337
1,1.514577
1,1.683770
1,1.342656
1,1.658094
0,1.917397
1,1.683770
1,1.514577
0,1.502875
1,1.514577
0,1.502875
1,2.305662
0,6.109943
0,1.459234
1,1.514577
0,1.607269
1,1.514577
0,1.607269
1,1.514577
1,1.514577
0,1.502875
1,1.514577
1,1.514577
1,1.286809
1,1.652875
1,1.430358
1,1.652875
0,1.753802
0,1.917397
1,1.652875
0,1.753802
1,1.704159
0,1.917397
0,1.607269
0,1.917397
1,1.341933
1,1.833770
1,1.286809
1,1.688304
0,1.607269
1,1.833770
1,1.286809
1,2.563146
1,1.403802
1,2.563146
0,2.762899
1,2.563146
1,1.950660
1,2.563146
1,1.950660
0,2.762899
1,2.563146
1,1.111337
0,1.161337
1,1.211337
1,1.326645
0,1.386809
1,1.326645
1,1.286809
0,1.317623
1,1.286809
1,2.563146
1,1.286809
1,2.563146
1,1.286809
0,1.061337
0,1.561337
1,1.574484
0,2.415477
0,1.064577
0,2.415477
1,1.833770
1,1.965477
1,2.074743
1,1.833770
0,1.983770
1,2.074743
1,2.065477
1,2.074743
1,1.261337
0,1.459234
1,1.709234
1,1.709234
1,1.111337
0,1.061337
0,1.692656
1,2.074743
0,1.526645
1,2.074743
1,2.163146
1,2.074743
1,2.163146
0,2.409790
1,1.326645
0,1.302875
0,1.561337
1,2.074743
0,1.658920
1,2.074743
1,1.403802
1,2.074743
0,1.658920
1,2.074743
0,1.658920
1,1.392656
0,6.109943
0,1.658920
0,1.658920
1,2.074743
0,1.658920
0,6.109943
1,1.467623
1,1.267623
0,1.114577
0,1.658920
1,2.074743
1,1.111337
0,1.874743
1,1.508094
0,1.774743
1,1.724743
1,1.704159
1,1.267623
1,1.704159
1,1.212453
0,2.326413
1,1.267623
1,1.267623
0,1.317623
1,1.326645
1,1.392656
1,1.480358
0,1.359234
1,2.072823
0,1.288304
1,1.307269
0,1.288304
0,2.415477
0,1.288304
0,2.415477
0,1.288304
0,2.415477
1,1.704159
0,2.415477
1,1.467623
0,1.874743
1,1.974743
1,1.704159
1,1.574743
0,1.538623
1,1.480358
1,1.704159
0,1.567623
0,1.288304
1,1.286809
0,1.192656
1,1.480358
0,1.538623
0,1.857024
0,1.538623
0,1.830358
0,1.538623
0,1.830358
1,1.454209
1,1.638623
0,1.064577
1,1.638623
1,1.454209
1,1.454209
1,1.454209
0,2.165477
1,1.267623
0,1.317623
1,1.738623
0,1.857024
0,1.857024
1,1.261337
0,1.151397
0,1.561337
1,1.211337
1,1.111337
0,1.064577
0,2.415477
1,1.652875
0,2.415477
1,1.652875
0,1.502875
1,1.211337
0,1.161337
0,1.502875
1,1.436809
0,2.415477
1,3.978276
1,1.652875
0,2.415477
1,2.265477
0,2.165477
0,1.692656
1,1.974743
0,1.692656
1,1.974743
0,1.607269
1,1.974743
0,1.607269
0,2.209790
0,1.607269
0,2.209790
0,1.607269
0,2.209790
1,1.267623
0,2.165477
0,2.209790
1,1.267623
0,2.209790
1,2.072823
1,1.974743
0,2.415477
1,1.974743
0,2.415477
1,1.974743
1,1.630358
1,1.658094
0,1.708094
1,1.974743
0,1.808094
1,1.652875
0,2.415477
1,1.298385
0,1.293429
1,1.436809
0,6.109943
0,1.386809
1,1.336809
1,1.438304
0,1.604554
1,1.652875
0,2.415477
1,1.652875
1,1.341933
0,1.641933
1,1.652875
1,1.212453
0,2.209790
0,2.415477
1,1.652875
0,2.415477
1,1.652875
0,2.415477
1,1.652875
1,1.630358
1,2.163146
0,2.209790
0,2.415477
1,1.652875
1,1.403802
1,1.652875
1,1.403802
1,1.652875
1,1.403802
1,1.652875
1,1.111337
1,1.652875
1,1.111337
1,1.211337
1,1.630358
0,1.061337
0,1.561337
1,1.652875
0,1.502875
1,1.907024
0,1.502875
1,1.907024
0,1.502875
1,1.907024
0,1.502875
0,2.326413
0,1.502875
1,1.630358
1,1.612825
0,2.209790
1,1.267623
1,1.612825
0,2.209790
1,1.267623
0,1.526645
0,1.526645
0,1.202875
1,1.158920
0,2.326413
0,1.830358
0,2.326413
1,1.158920
0,1.308920
0,2.326413
0,1.317623
0,1.317623
1,1.267623
1,2.413146
1,1.401834
1,1.467623
1,1.553802
1,1.907024
0,1.830358
1,1.907024
0,1.830358
1,1.907024
0,0
1,4
0,4
1,3
0,1
1,3
1,1
1,3
1,3
1,0
0,0
1,3
1,3
1,3
1,2
1,1
1,1
1,1
0,0
0,1
1,4
1,2
1,3
0,0
0,7
0,0
0,1
0,0
1,0
1,8
0,8
1,2
1,2
1,3
1,2
1,0
1,1
1,0
1,0
1,0
1,0
0,1
1,8
0,8
1,5
1,4
1,1
1,1
0,1
0,2
1,1
0,1
0,2
1,0
0,1
1,3
0,1
1,3
0,1
1,2
0,1
0,0
1,2
1,3
0,2
1,3
1,0
0,3
1,5
0,2
1,0
0,2
1,3
0,8
1,4
0,8
1,4
0,8
1,5
0,2
1,5
1,4
1,1
1,4
0,1
0,0
0,1
0,1
0,1
0,7
0,7
0,3
1,4
0,8
1,4
0,2
0,1
1,4
0,1
0,1
0,0
0,2
0,5
1,4
0,3
1,5
0,8
0,0
0,8
1,5
1,0
1,0
1,2
1,4
1,2
1,6
0,8
1,0
1,2
1,4
1,4
0,6
1,5
1,0
1,0
1,4
1,4
1,2
0,7
1,2
1,8
0,7
1,2
0,7
1,4
0,2
1,5
1,0
1,4
1,0
0,3
1,2
0,3
1,5
1,0
1,5
0,8
1,4
1,0
1,0
0,2
1,4
1,4
0,0
0,6
1,3
1,2
1,3
1,2
1,8
1,8
1,0
1,8
1,1
0,0
1,0
1,5
0,8
1,5
0,8
1,4
1,1
1,4
1,4
1,1
1,5
1,1
1,4
0,3
1,4
1,2
1,4
0,8
1,3
1,2
1,2
0,8
1,3
1,1
1,3
1,3
1,2
0,1
1,3
1,1
1,4
1,1
1,0
1,0
1,0
0,8
1,5
1,0
1,6
0,8
1,8
0,3
0,1
1,8
1,1
0,0
0,5
0,3
0,4
0,3
0,3
0,3
1,1
1,4
0,3
1,5
0,3
0,3
1,6
1,0
0,3
1,4
1,0
1,0
0,3
1,3
1,0
1,5
0,3
0,0
0,3
1,6
0,3
1,8
1,0
1,4
0,3
0,0
0,2
1,5
1,5
1,0
1,4
0,1
0,1
0,5
1,0
1,0
0,5
1,1
1,4
1,0
1,5
0,8
1,5
0,8
1,8
0,8
1,8
0,2
1,5
0,2
1,0
0,1
1,1
1,4
0,1
0,1
1,3
1,1
1,1
1,4
0,5
1,4
1,0
1,4
1,0
1,5
1,0
1,6
1,0
1,0
0,3
1,3
0,5
1,6
1,0
1,8
0,5
1,4
0,4
1,6
0,5
0,0
1,1
0,0
1,1
0,0
1,1
0,3
0,0
0,3
1,5
0,8
1,5
0,8
1,4
0,8
1,0
0,3
1,5
0,8
0,0
0,8
1,5
0,1
0,8
1,5
1,4
0,2
0,5
1,5
0,2
1,5
1,0
1,8
1,0
1,6
0,8
1,6
0,3
1,8
0,8
1,8
1,2
0,3
1,5
1,0
1,4
1,0
1,8
1,1
1,8
1,3
1,8
1,1
0,2
0,8
1,8
1,0
1,8
1,0
1,8
1,0
1,8
0,8
1,4
0,3
1,2
1,2
1,1
1,2
1,3
1,4
0,3
1,3
1,0
0,3
1,8
0,3
0,0
1,0
0,0
0,3
1,5
1,0
1,3
1,7
0,8
1,7
0,8
1,5
1,5
1,0
1,6
1,1
1,1
1,5
1,0
1,6
1,0
1,8
0,3
1,4
0,4
1,8
1,1
0,2
1,3
0,2
0,2
1,3
1,0
1,1
1,6
0,3
1,4
0,2
1,0
0,1
0,1
1,1
0,0
1,1
1,8
1,0
0,0
0,1
0,1
0,1
1,1
1,1
1,5
0,3
1,7
1,1
1,3
1,2
0,7
1,7
0,3
1,4
0,3
1,4
0,8
1,8
1,1
0,3
0,4
0,7
1,7
0,7
1,7
0,3
1,4
1,0
1,7
0,3
1,8
0,8
1,6
0,7
1,2
1,2
1,8
0,8
1,7
0,8
1,5
0,4
1,8
1,0
1,8
0,3
0,0
0,4
1,4
1,2
1,4
1,2
1,0
1,1
1,0
1,6
1,0
1,3
1,0
1,8
0,3
1,7
0,5
0,0
0,2
0,1
0,5
0,5
0,2
1,3
1,4
1,1
1,3
1,1
0,0
0,5
1,4
4.608772,1920.000000
4.505608,1920.000000
4.379072,1920.000000
4.342764,1920.000000
4.389677,1920.000000
4.383687,1920.000000
4.383560,1920.000000
4.578810,1920.000000
4.553263,1920.000000
4.459834,1920.000000
4.503261,1920.000000
4.432005,1920.000000
4.406200,1920.000000
4.450367,1920.000000
4.514021,1920.000000
4.456693,1920.000000
4.411329,1920.000000
4.562415,1920.000000
4.519526,1920.000000
4.578233,1920.000000
4.613106,1920.000000
4.542596,1920.000000
4.612797,1920.000000
4.560980,1920.000000
4.595220,1920.000000
4.491384,1920.000000
4.362487,1920.000000
4.376475,1920.000000
4.565975,1920.000000
4.380541,1920.000000
4.427689,1920.000000
4.476418,1920.000000
4.572264,1920.000000
4.621505,1920.000000
4.484466,1920.000000
4.323143,1920.000000
4.555658,1920.000000
4.480490,1920.000000
4.548855,1920.000000
4.476374,1920.000000
4.687500,1920.000000
4.649264,1920.000000
4.747367,1920.000000
4.741924,1920.000000
4.448294,1920.000000
4.480654,1920.000000
4.554717,1920.000000
4.434917,1920.000000
4.654279,1920.000000
4.577401,1920.000000
4.456666,1920.000000
4.495234,1920.000000
4.426400,1920.000000
4.490283,1920.000000
4.431156,1920.000000
4.509085,1920.000000
4.456053,1920.000000
4.366918,1920.000000
4.422615,1920.000000
4.528722,1920.000000
4.449886,1920.000000
4.462480,1920.000000
4.558451,1920.000000
4.458165,1920.000000
4.517449,1920.000000
4.527374,1920.000000
4.433819,1920.000000
4.544737,1920.000000
4.521002,1920.000000
4.432721,1920.000000
4.415984,1920.000000
4.392588,1920.000000
4.439257,1920.000000
4.282494,1920.000000
4.501968,1920.000000
4.457708,1920.000000
4.407133,1920.000000
4.320610,1920.000000
4.326041,1920.000000
4.450864,1920.000000
4.389206,1920.000000
4.365815,1920.000000
4.440462,1920.000000
4.471866,1920.000000
4.465014,1920.000000
4.422453,1920.000000
4.382681,1920.000000
4.437249,1920.000000
4.421396,1920.000000
4.475574,1920.000000
4.487593,1920.000000
4.424981,1920.000000
4.251274,1920.000000
4.347429,1920.000000
4.433821,1920.000000
4.721078,1920.000000
4.655954,1920.000000
4.588493,1920.000000
4.459942,1920.000000
4.412737,1920.000000
4.523223,1920.000000
4.581913,1920.000000
4.670892,1920.000000
4.513877,1920.000000
4.591942,1920.000000
4.375965,1920.000000
4.353587,1920.000000
4.407021,1920.000000
4.451890,1920.000000
4.491154,1920.000000
4.504714,1920.000000
4.522790,1920.000000
4.411144,1920.000000
4.312608,1920.000000
4.323497,1920.000000
4.161331,1920.000000
4.284319,1920.000000
4.352710,1920.000000
4.548682,1920.000000
4.167377,1920.000000
4.264797,1920.000000
4.155624,1920.000000
4.295416,1920.000000
4.398139,1920.000000
4.352548,1920.000000
4.302606,1920.000000
4.237781,1920.000000
4.150750,1920.000000
4.318676,1920.000000
4.290117,1920.000000
4.301323,1920.000000
4.409391,1920.000000
4.348773,1920.000000
4.317231,1920.000000
4.180438,1920.000000
4.267810,1920.000000
4.284717,1920.000000
4.274859,1920.000000
4.477555,1920.000000
4.347018,1920.000000
4.275636,1920.000000
4.271284,1920.000000
4.083064,1920.000000
4.377937,1920.000000
4.307905,1920.000000
4.257402,1920.000000
4.275909,1920.000000
4.114444,1920.000000
4.332730,1920.000000
4.210592,1920.000000
4.264417,1920.000000
4.422409,1920.000000
4.392986,1920.000000
4.424616,1920.000000
4.245984,1920.000000
4.200826,1920.000000
4.213023,1920.000000
4.172760,1920.000000
4.073031,1920.000000
4.328158,1920.000000
4.366583,1920.000000
4.247671,1920.000000
4.140391,1920.000000
4.199490,1920.000000
4.200360,1920.000000
4.232788,1920.000000
4.293780,1920.000000
4.092183,1920.000000
4.313996,1920.000000
4.135220,1920.000000
4.050164,1920.000000
4.355338,1920.000000
4.253486,1920.000000
4.131534,1920.000000
4.151654,1920.000000
4.003155,1920.000000
4.156780,1920.000000
4.110370,1920.000000
4.110982,1920.000000
4.183084,1920.000000
4.277089,1920.000000
4.279497,1920.000000
4.092529,1920.000000
4.105361,1920.000000
4.155830,1920.000000
3.973684,1920.000000
4.016437,1920.000000
4.256872,1920.000000
4.232279,1920.000000
4.212642,1920.000000
4.231009,1920.000000
4.147313,1920.000000
4.304842,1920.000000
4.097987,1920.000000
4.383874,1920.000000
4.016829,1920.000000
4.148179,1920.000000
4.138428,1920.000000
4.055107,1920.000000
4.086989,1920.000000
4.195674,1920.000000
4.238834,1920.000000
4.250928,1920.000000
4.136693,1920.000000
4.075028,1920.000000
4.066074,1920.000000
4.087122,1920.000000
4.154378,1920.000000
4.104130,1920.000000
4.132121,1920.000000
4.148832,1920.000000
4.211335,1920.000000
4.196905,1920.000000
4.118197,1920.000000
4.255986,1920.000000
4.306728,1920.000000
4.217614,1920.000000
4.155181,1920.000000
4.101544,1920.000000
4.115143,1920.000000
4.138220,1920.000000
4.240106,1920.000000
4.192180,1920.000000
4.235542,1920.000000
4.051175,1920.000000
4.037976,1920.000000
4.203112,1920.000000
4.063733,1920.000000
4.133731,1920.000000
4.174348,1920.000000
4.215528,1920.000000
4.207812,1920.000000
4.150778,1920.000000
4.189889,1920.000000
4.179183,1920.000000
4.148647,1920.000000
4.289950,1920.000000
4.311189,1920.000000
4.102512,1920.000000
3.997346,1920.000000
4.181343,1920.000000
4.193263,1920.000000
4.156823,1920.000000
4.129635,1920.000000
4.229568,1920.000000
4.192481,1920.000000
3.972630,1920.000000
4.293030,1920.000000
4.387337,1920.000000
4.317018,1920.000000
4.362308,1920.000000
4.356484,1920.000000
4.347579,1920.000000
4.175779,1920.000000
4.271006,1920.000000
4.292413,1920.000000
4.227516,1920.000000
4.359130,1920.000000
4.237901,1920.000000
4.395830,1920.000000
4.070393,1920.000000
4.288208,1920.000000
4.278867,1920.000000
4.313912,1920.000000
4.272649,1920.000000
4.243798,1920.000000
4.259477,1920.000000
4.295429,1920.000000
4.187317,1920.000000
4.430468,1920.000000
4.350134,1920.000000
4.296837,1920.000000
4.109929,1920.000000
4.312542,1920.000000
4.248508,1920.000000
4.166046,1920.000000
4.180272,1920.000000
4.239742,1920.000000
4.156572,1920.000000
4.289649,1920.000000
4.348649,1920.000000
4.130135,1920.000000
4.158720,1920.000000
4.181054,1920.000000
4.403251,1920.000000
4.235761,1920.000000
4.197163,1920.000000
4.248845,1920.000000
4.176447,1920.000000
4.381928,1920.000000
4.210425,1920.000000
4.166457,1920.000000
4.195758,1920.000000
4.405019,1920.000000
4.343801,1920.000000
4.177588,1920.000000
4.089016,1920.000000
4.322142,1920.000000
4.241777,1920.000000
4.408947,1920.000000
4.227893,1920.000000
4.371747,1920.000000
4.173853,1920.000000
4.257197,1920.000000
4.299725,1920.000000
4.399190,1920.000000
4.257661,1920.000000
4.257857,1920.000000
4.377600,1920.000000
4.297274,1920.000000
4.250169,1920.000000
4.347052,1920.000000
4.291556,1920.000000
4.382189,1920.000000
4.254949,1920.000000
4.394579,1920.000000
4.209507,1920.000000
4.253142,1920.000000
4.303378,1920.000000
4.177932,1920.000000
4.368403,1920.000000
4.258395,1920.000000
4.386907,1920.000000
4.096099,1920.000000
4.267053,1920.000000
4.248397,1920.000000
4.355464,1920.000000
4.474386,1920.000000
4.513278,1920.000000
4.429225,1920.000000
4.416646,1920.000000
4.405784,1920.000000
4.401522,1920.000000
4.465123,1920.000000
4.651754,1920.000000
4.536068,1920.000000
4.538307,1920.000000
4.483497,1920.000000
4.489623,1920.000000
4.441421,1920.000000
4.481186,1920.000000
4.363813,1920.000000
4.539453,1920.000000
4.596576,1920.000000
4.384314,1920.000000
4.396525,1920.000000
4.356852,1920.000000
4.449244,1920.000000
4.494826,1920.000000
4.328321,1920.000000
4.369865,1920.000000
4.260259,1920.000000
4.408546,1920.000000
4.530076,1920.000000
4.443609,1920.000000
4.285098,1920.000000
4.470129,1920.000000
4.420792,1920.000000
4.506251,1920.000000
4.408945,1920.000000
4.516222,1920.000000
4.522095,1920.000000
4.509796,1920.000000
4.439024,1920.000000
4.447879,1920.000000
4.299877,1920.000000
4.279386,1920.000000
4.296864,1920.000000
4.528406,1920.000000
4.344925,1920.000000
4.485505,1920.000000
4.379463,1920.000000
4.325698,1920.000000
4.572402,1920.000000
4.614416,1920.000000
4.551431,1920.000000
4.541056,1920.000000
4.386697,1920.000000
4.658535,1920.000000
4.520087,1920.000000
4.470669,1920.000000
4.559691,1920.000000
4.458668,1920.000000
4.573371,1920.000000
4.470584,1920.000000
4.452999,1920.000000
4.469263,1920.000000
4.297392,1920.000000
4.555370,1920.000000
4.523280,1920.000000
4.442984,1920.000000
4.619148,1920.000000
4.404145,1920.000000
4.422850,1920.000000
4.323342,1920.000000
4.390509,1920.000000
4.300656,1920.000000
4.553825,1920.000000
4.524361,1920.000000
4.410189,1920.000000
4.405742,1920.000000
4.268063,1920.000000
4.529801,1920.000000
4.598151,1920.000000
4.439570,1920.000000
4.364664,1920.000000
4.583381,1920.000000
4.266153,1920.000000
4.391672,1920.000000
4.414366,1920.000000
4.473936,1920.000000
4.436311,1920.000000
4.314096,1920.000000
4.267488,1920.000000
4.504746,1920.000000
4.392921,1920.000000
4.351509,1920.000000
4.502599,1920.000000
4.524530,1920.000000
4.400898,1920.000000
4.568746,1920.000000
4.531654,1920.000000
4.475411,1920.000000
4.440564,1920.000000
4.244395,1920.000000
4.462249,1920.000000
4.490147,1920.000000
4.475669,1920.000000
4.466578,1920.000000
4.522215,1920.000000
4.304537,1920.000000
4.444103,1920.000000
4.491082,1920.000000
4.543213,1920.000000
4.461071,1920.000000
4.556891,1920.000000
4.504049,1920.000000
4.621636,1920.000000
4.509250,1920.000000
4.671286,1920.000000
4.495179,1920.000000
4.459601,1920.000000
4.341835,1920.000000
4.386021,1920.000000
4.339792,1920.000000
4.439487,1920.000000
4.410319,1920.000000
4.431875,1920.000000
4.550972,1920.000000
4.400134,1920.000000
4.416919,1920.000000
4.516298,1920.000000
4.490827,1920.000000
4.499549,1920.000000
4.377139,1920.000000
4.383281,1920.000000
4.391988,1920.000000
4.473057,1920.000000
4.542269,1920.000000
4.485159,1920.000000
4.444908,1920.000000
4.761013,1920.000000
4.485342,1920.000000
4.680201,1920.000000
4.381399,1920.000000
4.481673,1920.000000
4.486235,1920.000000
4.431826,1920.000000
4.447956,1920.000000
4.552749,1920.000000
4.412936,1920.000000
4.444066,1920.000000
4.517128,1920.000000
4.470450,1920.000000
4.375508,1920.000000
4.448304,1920.000000
4.352195,1920.000000
4.394892,1920.000000
4.643442,1920.000000
4.696135,1920.000000
4.504866,1920.000000
4.633093,1920.000000
4.575178,1920.000000
4.518615,1920.000000
4.565089,1920.000000
4.440204,1920.000000
4.693061,1920.000000
4.506055,1920.000000
4.447896,1920.000000
4.504167,1920.000000
4.784485,1920.000000
4.422886,1920.000000
4.288529,1920.000000
4.418329,1920.000000
4.398461,1920.000000
4.404866,1920.000000
4.571745,1920.000000
4.443110,1920.000000
4.458171,1920.000000
4.547656,1920.000000
4.384307,1920.000000
4.475227,1920.000000
4.630420,1920.000000
4.546961,1920.000000
4.444604,1920.000000
4.558658,1920.000000
4.384425,1920.000000
4.664097,1920.000000
4.602888,1920.000000
4.387926,1920.000000
4.407269,1920.000000
4.367342,1920.000000
4.458978,1920.000000
4.362190,1920.000000
4.363609,1920.000000
4.424540,1920.000000
4.392533,1920.000000
4.433529,1920.000000
4.415552,1920.000000
4.314417,1920.000000
4.371704,1920.000000
4.381121,1920.000000
4.419060,1920.000000
4.500679,1920.000000
4.484122,1920.000000
4.448022,1920.000000
4.457482,1920.000000
4.305712,1920.000000
4.462889,1920.000000
4.517890,1920.000000
4.460301,1920.000000
4.490136,1920.000000
4.340075,1920.000000
4.452338,1920.000000
4.300616,1920.000000
4.397142,1920.000000
4.373473,1920.000000
4.452372,1920.000000
4.614684,1920.000000
4.541658,1920.000000
4.480208,1920.000000
4.438592,1920.000000
4.490399,1920.000000
4.494851,1920.000000
4.477444,1920.000000
4.602378,1920.000000
4.545746,1920.000000
4.459741,1920.000000
4.431310,1920.000000
4.392525,1920.000000
4.488661,1920.000000
4.482008,1920.000000
4.465679,1920.000000
4.458493,1920.000000
4.235048,1920.000000
4.211020,1920.000000
4.261353,1920.000000
4.472360,1920.000000
4.357805,1920.000000
4.512422,1920.000000
4.280796,1920.000000
4.095631,1920.000000
4.153762,1920.000000
4.347924,1920.000000
4.293092,1920.000000
4.335816,1920.000000
4.516369,1920.000000
4.034923,1920.000000
4.250489,1920.000000
4.438389,1920.000000
4.150654,1920.000000
4.283120,1920.000000
4.478609,1920.000000
4.304608,1920.000000
4.295268,1920.000000
4.223527,1920.000000
4.367406,1920.000000
4.257736,1920.000000
4.226262,1920.000000
4.439366,1920.000000
4.401447,1920.000000
4.166140,1920.000000
4.195880,1920.000000
4.170028,1920.000000
4.420264,1920.000000
4.338891,1920.000000
4.294119,1920.000000
4.445295,1920.000000
4.301892,1920.000000
4.351231,1920.000000
4.226635,1920.000000
4.238904,1920.000000
4.187662,1920.000000
4.255305,1920.000000
4.228182,1920.000000
4.272369,1920.000000
4.152402,1920.000000
4.051174,1920.000000
4.244656,1920.000000
4.329914,1920.000000
4.327313,1920.000000
4.301542,1920.000000
4.158613,1920.000000
4.139654,1920.000000
4.152764,1920.000000
4.190152,1920.000000
4.180970,1920.000000
4.137819,1920.000000
4.329061,1920.000000
4.130961,1920.000000
4.225743,1920.000000
4.255839,1920.000000
4.214470,1920.000000
4.325144,1920.000000
4.367933,1920.000000
4.331695,1920.000000
4.110787,1920.000000
4.245199,1920.000000
4.042363,1920.000000
4.276878,1920.000000
4.192386,1920.000000
4.128920,1920.000000
4.153650,1920.000000
4.189023,1920.000000
4.112701,1920.000000
3.966225,1920.000000
3.956269,1920.000000
4.260219,1920.000000
4.033778,1920.000000
4.132468,1920.000000
4.082214,1920.000000
4.320862,1920.000000
4.088979,1920.000000
4.257169,1920.000000
4.396003,1920.000000
4.328433,1920.000000
4.032002,1920.000000
4.174092,1920.000000
4.066495,1920.000000
4.154538,1920.000000
4.079014,1920.000000
4.140245,1920.000000
4.249849,1920.000000
4.272884,1920.000000
4.228638,1920.000000
4.009052,1920.000000
4.114754,1920.000000
4.084641,1920.000000
4.213478,1920.000000
4.089543,1920.000000
4.234768,1920.000000
4.214610,1920.000000
4.284929,1920.000000
4.128234,1920.000000
4.065784,1920.000000
4.282571,1920.000000
4.317471,1920.000000
4.070131,1920.000000
4.056101,1920.000000
3.996417,1920.000000
4.126513,1920.000000
4.184766,1920.000000
4.237552,1920.000000
4.125066,1920.000000
4.190410,1920.000000
4.024740,1920.000000
4.110884,1920.000000
4.096935,1920.000000
4.343112,1920.000000
4.002275,1920.000000
4.221920,1920.000000
4.257445,1920.000000
4.345910,1920.000000
4.276535,1920.000000
4.164706,1920.000000
4.180588,1920.000000
4.195674,1920.000000
4.117202,1920.000000
4.231154,1920.000000
4.267492,1920.000000
4.013750,1920.000000
3.984845,1920.000000
4.031729,1920.000000
4.294398,1920.000000
4.226640,1920.000000
4.256109,1920.000000
4.238137,1920.000000
4.024753,1920.000000
4.164752,1920.000000
4.202781,1920.000000
4.227604,1920.000000
4.268207,1920.000000
4.259858,1920.000000
4.162990,1920.000000
4.284059,1920.000000
4.222858,1920.000000
4.218093,1920.000000
4.345417,1920.000000
4.509579,1920.000000
4.192134,1920.000000
4.510834,1920.000000
4.051015,1920.000000
4.329889,1920.000000
4.199016,1920.000000
4.349160,1920.000000
4.401392,1920.000000
4.396442,1920.000000
4.114090,1920.000000
4.380795,1920.000000
4.229162,1920.000000
4.389354,1920.000000
4.278669,1920.000000
4.242813,1920.000000
4.224673,1920.000000
4.289783,1920.000000
4.262920,1920.000000
4.120074,1920.000000
4.390221,1920.000000
4.302778,1920.000000
4.172261,1920.000000
4.208991,1920.000000
4.424336,1920.000000
4.303797,1920.000000
4.423403,1920.000000
4.159714,1920.000000
4.294634,1920.000000
4.367626,1920.000000
4.156588,1920.000000
4.296119,1920.000000
4.223844,1920.000000
4.288863,1920.000000
4.233492,1920.000000
4.121447,1920.000000
4.274143,1920.000000
4.331445,1920.000000
4.132404,1920.000000
4.085255,1920.000000
4.028962,1920.000000
4.197219,1920.000000
4.217888,1920.000000
4.437829,1920.000000
4.182067,1920.000000
4.483079,1920.000000
4.282681,1920.000000
4.545717,1920.000000
4.290188,1920.000000
4.434295,1920.000000
4.249305,1920.000000
4.019492,1920.000000
4.524999,1920.000000
4.233171,1920.000000
4.188597,1920.000000
4.418347,1920.000000
4.248021,1920.000000
4.289902,1920.000000
4.313445,1920.000000
4.362018,1920.000000
4.366467,1920.000000
4.149886,1920.000000
4.321117,1920.000000
4.216779,1920.000000
4.340599,1920.000000
4.190720,1920.000000
4.412259,1920.000000
4.300926,1920.000000
4.476851,1920.000000
4.171988,1920.000000
4.394603,1920.000000
4.467367,1920.000000
4.311469,1920.000000
4.363772,1920.000000
4.379864,1920.000000
4.372372,1920.000000
4.423551,1920.000000
4.321804,1920.000000
4.796928,1920.000000
4.491547,1920.000000
4.537691,1920.000000
4.382198,1920.000000
4.577145,1920.000000
4.287389,1920.000000
4.499259,1920.000000
4.558307,1920.000000
4.587381,1920.000000
4.542070,1920.000000
4.415821,1920.000000
4.502410,1920.000000
4.479476,1920.000000
4.362436,1920.000000
4.485627,1920.000000
4.479352,1920.000000
4.269712,1920.000000
4.339047,1920.000000
4.615318,1920.000000
4.416951,1920.000000
4.344096,1920.000000
4.397578,1920.000000
4.428767,1920.000000
4.386006,1920.000000
4.382587,1920.000000
4.335470,1920.000000
4.506027,1920.000000
4.606888,1920.000000
4.454687,1920.000000
4.593946,1920.000000
4.403315,1920.000000
4.378555,1920.000000
4.254072,1920.000000
4.342500,1920.000000
4.371879,1920.000000
4.503423,1920.000000
4.451089,1920.000000
4.513895,1920.000000
4.506494,1920.000000
4.489181,1920.000000
4.517765,1920.000000
4.492157,1920.000000
4.408184,1920.000000
4.530224,1920.000000
4.624001,1920.000000
4.643805,1920.000000
4.373214,1920.000000
4.457857,1920.000000
4.549166,1920.000000
4.460935,1920.000000
4.581033,1920.000000
4.509444,1920.000000
4.505413,1920.000000
4.262328,1920.000000
4.405154,1920.000000
4.666162,1920.000000
4.507595,1920.000000
4.531552,1920.000000
4.335883,1920.000000
4.499378,1920.000000
4.395301,1920.000000
4.616614,1920.000000
4.424879,1920.000000
4.393318,1920.000000
4.469992,1920.000000
4.487980,1920.000000
4.542004,1920.000000
4.223206,1920.000000
4.489943,1920.000000
4.627794,1920.000000
4.482093,1920.000000
4.259396,1920.000000
4.406932,1920.000000
4.332588,1920.000000
4.497470,1920.000000
4.443114,1920.000000
4.403563,1920.000000
4.302485,1920.000000
4.293851,1920.000000
4.478635,1920.000000
4.364125,1920.000000
4.438074,1920.000000
4.546299,1920.000000
4.479863,1920.000000
4.502478,1920.000000
4.569239,1920.000000
4.581196,1920.000000
4.420164,1920.000000
4.397545,1920.000000
4.454911,1920.000000
4.510034,1920.000000
4.468661,1920.000000
4.408230,1920.000000
4.654018,1920.000000
4.244500,1920.000000
4.454468,1920.000000
4.287393,1920.000000
4.408047,1920.000000
4.466771,1920.000000
4.607022,1920.000000
4.534800,1920.000000
4.398024,1920.000000
4.599831,1920.000000
4.546427,1920.000000
4.399725,1920.000000
4.623758,1920.000000
4.633933,1920.000000
4.399644,1920.000000
4.480940,1920.000000
4.347563,1920.000000
4.482566,1920.000000
4.501046,1920.000000
4.397252,1920.000000
4.639779,1920.000000
4.563874,1920.000000
4.314936,1920.000000
4.583640,1920.000000
4.372222,1920.000000
4.593665,1920.000000
4.643488,1920.000000
4.586395,1920.000000
4.329906,1920.000000
4.458566,1920.000000
4.432825,1920.000000
4.545469,1920.000000
4.623877,1920.000000
4.370662,1920.000000
4.493255,1920.000000
4.733971,1920.000000
4.597560,1920.000000
4.466125,1920.000000
4.606358,1920.000000
4.422884,1920.000000
4.491441,1920.000000
4.626780,1920.000000
4.557112,1920.000000
4.497494,1920.000000
4.433133,1920.000000
4.551349,1920.000000
4.582610,1920.000000
4.662802,1920.000000
4.446642,1920.000000
4.362744,1920.000000
4.571585,1920.000000
4.314027,1920.000000
4.482542,1920.000000
4.577005,1920.000000
4.524549,1920.000000
4.550287,1920.000000
4.719531,1920.000000
4.577972,1920.000000
4.454904,1920.000000
4.715156,1920.000000
4.437012,1920.000000
4.379882,1920.000000
4.611491,1920.000000
4.566133,1920.000000
4.399262,1920.000000
4.338684,1920.000000
4.377900,1920.000000
4.652945,1920.000000
4.671280,1920.000000
4.521617,1920.000000
4.521671,1920.000000
4.349448,1920.000000
4.532950,1920.000000
4.436598,1920.000000
4.338679,1920.000000
4.577026,1920.000000
4.547312,1920.000000
4.685718,1920.000000
4.406765,1920.000000
4.396552,1920.000000
4.564830,1920.000000
4.504324,1920.000000
4.440058,1920.000000
4.472057,1920.000000
4.501256,1920.000000
4.276842,1920.000000
4.284193,1920.000000
4.441203,1920.000000
4.480902,1920.000000
4.469068,1920.000000
4.430570,1920.000000
4.394833,1920.000000
4.414769,1920.000000
4.529098,1920.000000
4.417362,1920.000000
4.472940,1920.000000
4.375827,1920.000000
4.576397,1920.000000
4.444382,1920.000000
4.479969,1920.000000
4.431936,1920.000000
4.511599,1920.000000
4.546189,1920.000000
4.432233,1920.000000
4.436885,1920.000000
4.487210,1920.000000
4.299226,1920.000000
4.232599,1920.000000
4.302164,1920.000000
4.472058,1920.000000
4.472927,1920.000000
4.473061,1920.000000
4.426768,1920.000000
4.571554,1920.000000
4.321764,1920.000000
4.497076,1920.000000
4.657910,1920.000000
4.559462,1920.000000
4.518528,1920.000000
4.569111,1920.000000
4.654592,1920.000000
4.391138,1920.000000
4.271196,1920.000000
4.316481,1920.000000
4.502821,1920.000000
4.621979,1920.000000
4.358912,1920.000000
4.165527,1920.000000
4.336837,1920.000000
4.261650,1920.000000
4.365872,1920.000000
4.523598,1920.000000
4.325936,1920.000000
4.261105,1920.000000
4.128875,1920.000000
4.447833,1920.000000
4.319196,1920.000000
4.356452,1920.000000
4.376165,1920.000000
4.322644,1920.000000
4.212767,1920.000000
4.101999,1920.000000
4.393539,1920.000000
4.352231,1920.000000
4.223764,1920.000000
4.273793,1920.000000
4.366172,1920.000000
4.449268,1920.000000
4.345554,1920.000000
4.203049,1920.000000
4.219150,1920.000000
4.286693,1920.000000
4.418509,1920.000000
4.471824,1920.000000
4.347269,1920.000000
4.124736,1920.000000
4.336171,1920.000000
4.471435,1920.000000
4.221352,1920.000000
4.381968,1920.000000
4.486280,1920.000000
4.181688,1920.000000
4.345208,1920.000000
4.176696,1920.000000
4.275975,1920.000000
4.322989,1920.000000
4.260930,1920.000000
4.417003,1920.000000
4.285083,1920.000000
4.128793,1920.000000
4.135999,1920.000000
4.187832,1920.000000
4.081590,1920.000000
4.321090,1920.000000
4.303871,1920.000000
4.211594,1920.000000
4.185438,1920.000000
4.220196,1920.000000
4.298353,1920.000000
4.252903,1920.000000
4.308241,1920.000000
4.110218,1920.000000
4.207421,1920.000000
4.327153,1920.000000
4.082639,1920.000000
4.249542,1920.000000
4.239399,1920.000000
4.337358,1920.000000
4.237318,1920.000000
4.259421,1920.000000
4.115811,1920.000000
4.016106,1920.000000
4.103529,1920.000000
4.169979,1920.000000
4.271856,1920.000000
4.245216,1920.000000
4.301557,1920.000000
4.167779,1920.000000
4.156308,1920.000000
4.055585,1920.000000
4.076209,1920.000000
4.143890,1920.000000
4.259235,1920.000000
4.076359,1920.000000
4.190767,1920.000000
4.150588,1920.000000
4.190145,1920.000000
4.274768,1920.000000
4.181416,1920.000000
4.000052,1920.000000
4.176388,1920.000000
4.126566,1920.000000
4.078396,1920.000000
4.004228,1920.000000
4.146043,1920.000000
4.201896,1920.000000
4.245158,1920.000000
4.098960,1920.000000
4.058000,1920.000000
4.102650,1920.000000
4.111976,1920.000000
4.139905,1920.000000
4.186715,1920.000000
4.244121,1920.000000
4.106945,1920.000000
4.117682,1920.000000
4.185944,1920.000000
4.347961,1920.000000
4.254729,1920.000000
4.394784,1920.000000
4.167357,1920.000000
4.279206,1920.000000
4.052151,1920.000000
4.113885,1920.000000
4.019164,1920.000000
4.225057,1920.000000
4.226842,1920.000000
4.196796,1920.000000
4.092860,1920.000000
4.045193,1920.000000
4.207554,1920.000000
4.089488,1920.000000
4.212866,1920.000000
4.260377,1920.000000
4.117613,1920.000000
4.118477,1920.000000
4.128391,1920.000000
4.133924,1920.000000
4.199946,1920.000000
4.214903,1920.000000
4.230787,1920.000000
4.169350,1920.000000
4.147918,1920.000000
4.190453,1920.000000
4.164069,1920.000000
4.252100,1920.000000
4.088276,1920.000000
4.134851,1920.000000
4.069036,1920.000000
4.172142,1920.000000
4.146931,1920.000000
4.331303,1920.000000
4.147154,1920.000000
4.043168,1920.000000
4.251135,1920.000000
4.339682,1920.000000
4.329337,1920.000000
4.225460,1920.000000
4.161169,1920.000000
4.292596,1920.000000
4.340977,1920.000000
4.266628,1920.000000
4.207615,1920.000000
4.318294,1920.000000
4.208899,1920.000000
4.403253,1920.000000
4.289614,1920.000000
4.429110,1920.000000
4.104093,1920.000000
4.394821,1920.000000
4.372789,1920.000000
4.333268,1920.000000
4.404557,1920.000000
4.522402,1920.000000
4.285730,1920.000000
4.194094,1920.000000
4.147438,1920.000000
4.151233,1920.000000
4.218366,1920.000000
4.153266,1920.000000
4.297165,1920.000000
4.246614,1920.000000
4.214684,1920.000000
4.326045,1920.000000
4.247636,1920.000000
4.193548,1920.000000
4.129373,1920.000000
3.980732,1920.000000
4.291355,1920.000000
4.345826,1920.000000
4.193164,1920.000000
4.307460,1920.000000
4.171644,1920.000000
4.212087,1920.000000
4.277179,1920.000000
4.137660,1920.000000
4.275689,1920.000000
4.391330,1920.000000
4.198863,1920.000000
4.279812,1920.000000
4.096641,1920.000000
4.292956,1920.000000
4.309469,1920.000000
4.395447,1920.000000
4.161373,1920.000000
4.288593,1920.000000
4.236253,1920.000000
4.344462,1920.000000
4.257908,1920.000000
4.292467,1920.000000
4.173121,1920.000000
4.349894,1920.000000
4.381520,1920.000000
4.251362,1920.000000
4.191208,1920.000000
4.236552,1920.000000
4.297272,1920.000000
4.390679,1920.000000
4.314168,1920.000000
4.318186,1920.000000
4.358200,1920.000000
4.317836,1920.000000
4.265265,1920.000000
4.182899,1920.000000
4.282371,1920.000000
4.413197,1920.000000
4.452000,1920.000000
4.214270,1920.000000
4.422575,1920.000000
4.306385,1920.000000
4.313474,1920.000000
4.442088,1920.000000
4.298772,1920.000000
4.533203,1920.000000
4.337171,1920.000000
4.366105,1920.000000
4.320032,1920.000000
4.220237,1920.000000
4.533987,1920.000000
4.400455,1920.000000
4.368702,1920.000000
4.522495,1920.000000
4.269173,1920.000000
4.527228,1920.000000
4.523813,1920.000000
4.541155,1920.000000
4.593639,1920.000000
4.627972,1920.000000
4.356363,1920.000000
4.326653,1920.000000
4.616877,1920.000000
4.373006,1920.000000
4.577661,1920.000000
4.504796,1920.000000
4.304898,1920.000000
4.437272,1920.000000
4.302318,1920.000000
4.402651,1920.000000
4.284072,1920.000000
4.404104,1920.000000
4.434191,1920.000000
4.326732,1920.000000
4.319702,1920.000000
4.379967,1920.000000
4.630918,1920.000000
4.426599,1920.000000
4.430483,1920.000000
4.459979,1920.000000
4.468188,1920.000000
4.430843,1920.000000
4.338773,1920.000000
4.225507,1920.000000
4.479325,1920.000000
4.257581,1920.000000
4.405756,1920.000000
4.338626,1920.000000
4.416665,1920.000000
4.582628,1920.000000
4.451785,1920.000000
4.512541,1920.000000
4.510821,1920.000000
4.749509,1920.000000
4.458820,1920.000000
4.526259,1920.000000
4.548644,1920.000000
4.435342,1920.000000
4.502916,1920.000000
4.649570,1920.000000
4.565871,1920.000000
4.528333,1920.000000
4.414153,1920.000000
4.309122,1920.000000
4.386532,1920.000000
4.551079,1920.000000
4.579016,1920.000000
4.418231,1920.000000
4.383526,1920.000000
4.520202,1920.000000
4.410005,1920.000000
4.515430,1920.000000
4.430026,1920.000000
4.515859,1920.000000
4.535677,1920.000000
4.528827,1920.000000
4.504935,1920.000000
4.234096,1920.000000
4.358669,1920.000000
4.478544,1920.000000
4.353745,1920.000000
4.285438,1920.000000
4.522127,1920.000000
4.179631,1920.000000
4.312474,1920.000000
4.360873,1920.000000
4.478741,1920.000000
4.393985,1920.000000
4.570979,1920.000000
4.291424,1920.000000
4.382380,1920.000000
4.348501,1920.000000
4.495708,1920.000000
4.319235,1920.000000
4.480390,1920.000000
4.546215,1920.000000
4.504580,1920.000000
4.308364,1920.000000
4.410805,1920.000000
4.526164,1920.000000
4.592772,1920.000000
4.511941,1920.000000
4.520303,1920.000000
4.509232,1920.000000
4.387668,1920.000000
4.469786,1920.000000
4.353815,1920.000000
4.456135,1920.000000
4.433881,1920.000000
4.440759,1920.000000
4.566945,1920.000000
4.315854,1920.000000
4.506803,1920.000000
4.532597,1920.000000
4.591247,1920.000000
4.447075,1920.000000
4.493777,1920.000000
4.586925,1920.000000
4.594209,1920.000000
4.425118,1920.000000
4.493547,1920.000000
4.337416,1920.000000
4.272028,1920.000000
4.348139,1920.000000
4.525882,1920.000000
4.388209,1920.000000
4.447044,1920.000000
4.350976,1920.000000
4.624207,1920.000000
4.526930,1920.000000
4.445018,1920.000000
4.307005,1920.000000
4.421868,1920.000000
4.410550,1920.000000
4.485124,1920.000000
4.484072,1920.000000
4.609072,1920.000000
4.488787,1920.000000
4.556628,1920.000000
4.508225,1920.000000
4.558628,1920.000000
4.523068,1920.000000
4.529933,1920.000000
4.515311,1920.000000
4.431348,1920.000000
4.675076,1920.000000
4.403520,1920.000000
4.469420,1920.000000
4.391310,1920.000000
4.365343,1920.000000
4.523336,1920.000000
4.557323,1920.000000
4.424345,1920.000000
4.579614,1920.000000
4.207854,1920.000000
4.553310,1920.000000
4.446857,1920.000000
4.493619,1920.000000
4.650001,1920.000000
4.657255,1920.000000
4.736428,1920.000000
4.459235,1920.000000
4.701163,1920.000000
4.594637,1920.000000
4.376799,1920.000000
4.529053,1920.000000
4.426833,1920.000000
4.412794,1920.000000
4.299901,1920.000000
4.576147,1920.000000
4.590100,1920.000000
4.663849,1920.000000
4.430399,1920.000000
4.551349,1920.000000
4.456136,1920.000000
4.378443,1920.000000
4.365255,1920.000000
4.477389,1920.000000
4.631391,1920.000000
4.538304,1920.000000
4.471775,1920.000000
4.459961,1920.000000
4.330421,1920.000000
4.398186,1920.000000
4.564878,1920.000000
4.433596,1920.000000
4.434251,1920.000000
4.377989,1920.000000
4.261167,1920.000000
4.340203,1920.000000
4.281018,1920.000000
4.390035,1920.000000
4.495709,1920.000000
4.412648,1920.000000
4.259956,1920.000000
4.280831,1920.000000
4.360809,1920.000000
4.589671,1920.000000
4.467787,1920.000000
4.508479,1920.000000
4.449135,1920.000000
4.494541,1920.000000
4.348718,1920.000000
4.572380,1920.000000
4.341702,1920.000000
4.393260,1920.000000
4.513749,1920.000000
4.546018,1920.000000
4.441925,1920.000000
4.302113,1920.000000
4.313155,1920.000000
4.419907,1920.000000
4.456728,1920.000000
4.650735,1920.000000
4.630846,1920.000000
4.223447,1920.000000
4.337756,1920.000000
4.391584,1920.000000
4.488017,1920.000000
4.617749,1920.000000
4.512032,1920.000000
4.405520,1920.000000
4.480439,1920.000000
4.520851,1920.000000
4.435056,1920.000000
4.242172,1920.000000
4.351973,1920.000000
4.587048,1920.000000
4.529159,1920.000000
4.449063,1920.000000
4.382795,1920.000000
4.225831,1920.000000
4.310836,1920.000000
4.310858,1920.000000
4.487873,1920.000000
4.480285,1920.000000
4.129058,1920.000000
4.186135,1920.000000
4.253987,1920.000000
4.342767,1920.000000
4.419982,1920.000000
4.311497,1920.000000
4.369217,1920.000000
4.169307,1920.000000
4.323605,1920.000000
4.116258,1920.000000
4.361319,1920.000000
4.336560,1920.000000
4.413686,1920.000000
4.140880,1920.000000
4.315939,1920.000000
4.155688,1920.000000
4.334364,1920.000000
4.254450,1920.000000
4.276725,1920.000000
4.467607,1920.000000
4.394734,1920.000000
4.420893,1920.000000
4.201582,1920.000000
4.226315,1920.000000
4.341784,1920.000000
4.480845,1920.000000
4.129587,1920.000000
4.307463,1920.000000
4.272024,1920.000000
4.288726,1920.000000
4.216677,1920.000000
4.247635,1920.000000
4.294436,1920.000000
4.388877,1920.000000
4.247485,1920.000000
4.302418,1920.000000
4.144132,1920.000000
4.246404,1920.000000
4.235951,1920.000000
4.190022,1920.000000
4.358612,1920.000000
4.154032,1920.000000
4.200674,1920.000000
4.252784,1920.000000
4.133138,1920.000000
4.267370,1920.000000
4.127795,1920.000000
4.282437,1920.000000
4.323660,1920.000000
4.178649,1920.000000
4.236868,1920.000000
4.212089,1920.000000
4.208784,1920.000000
4.189109,1920.000000
4.120389,1920.000000
4.122077,1920.000000
4.151784,1920.000000
4.148608,1920.000000
4.205174,1920.000000
4.197161,1920.000000
4.272240,1920.000000
4.406555,1920.000000
4.191247,1920.000000
4.250374,1920.000000
4.148407,1920.000000
4.043200,1920.000000
4.062279,1920.000000
4.080245,1920.000000
4.200669,1920.000000
4.015758,1920.000000
4.150924,1920.000000
4.278924,1920.000000
4.014888,1920.000000
4.132534,1920.000000
4.246922,1920.000000
4.342199,1920.000000
4.088073,1920.000000
4.136836,1920.000000
4.220061,1920.000000
4.164279,1920.000000
4.103052,1920.000000
4.090460,1920.000000
4.262386,1920.000000
4.203488,1920.000000
4.179241,1920.000000
4.034959,1920.000000
4.102092,1920.000000
4.127885,1920.000000
3.991374,1920.000000
4.179985,1920.000000
4.211377,1920.000000
4.093874,1920.000000
4.194607,1920.000000
4.133740,1920.000000
4.307803,1920.000000
4.288696,1920.000000
4.263193,1920.000000
4.080523,1920.000000
4.298347,1920.000000
3.921736,1920.000000
4.070712,1920.000000
4.166416,1920.000000
4.214226,1920.000000
4.076362,1920.000000
4.271664,1920.000000
4.063396,1920.000000
4.053829,1920.000000
4.127061,1920.000000
4.145468,1920.000000
4.146413,1920.000000
4.202974,1920.000000
4.319570,1920.000000
4.162233,1920.000000
4.147961,1920.000000
4.102407,1920.000000
4.227204,1920.000000
4.288727,1920.000000
4.257532,1920.000000
4.203871,1920.000000
4.286647,1920.000000
4.109024,1920.000000
4.129336,1920.000000
4.255307,1920.000000
4.214015,1920.000000
4.289419,1920.000000
4.215552,1920.000000
4.252985,1920.000000
4.057947,1920.000000
4.191919,1920.000000
4.262073,1920.000000
4.228980,1920.000000
4.243850,1920.000000
4.323081,1920.000000
4.308696,1920.000000
4.355664,1920.000000
4.223532,1920.000000
4.264504,1920.000000
4.266967,1920.000000
4.411788,1920.000000
4.191064,1920.000000
4.387468,1920.000000
4.069798,1920.000000
4.331695,1920.000000
4.182390,1920.000000
4.375664,1920.000000
4.315849,1920.000000
4.369095,1920.000000
4.218543,1920.000000
4.421460,1920.000000
4.422775,1920.000000
4.449878,1920.000000
4.306491,1920.000000
4.015231,1920.000000
4.216111,1920.000000
4.135587,1920.000000
4.257344,1920.000000
4.158767,1920.000000
4.233140,1920.000000
4.348893,1920.000000
4.186847,1920.000000
4.396169,1920.000000
4.332357,1920.000000
4.201415,1920.000000
4.353288,1920.000000
4.205678,1920.000000
4.149210,1920.000000
4.252582,1920.000000
4.253591,1920.000000
4.338329,1920.000000
4.185695,1920.000000
4.253603,1920.000000
4.279241,1920.000000
4.078577,1920.000000
4.467988,1920.000000
4.350675,1920.000000
4.383807,1920.000000
4.258954,1920.000000
4.047128,1920.000000
4.297952,1920.000000
4.233451,1920.000000
4.374631,1920.000000
4.230007,1920.000000
4.344290,1920.000000
4.207734,1920.000000
4.242636,1920.000000
4.256157,1920.000000
4.249732,1920.000000
4.204508,1920.000000
4.236116,1920.000000
4.240223,1920.000000
4.340585,1920.000000
4.319477,1920.000000
4.353659,1920.000000
4.357565,1920.000000
4.300138,1920.000000
4.320050,1920.000000
4.383370,1920.000000
4.278495,1920.000000
4.342383,1920.000000
4.471224,1920.000000
4.315676,1920.000000
4.311514,1920.000000
4.347472,1920.000000
4.267972,1920.000000
4.247341,1920.000000
4.227855,1920.000000
4.146206,1920.000000
4.378909,1920.000000
4.480440,1920.000000
4.350707,1920.000000
4.384962,1920.000000
4.372062,1920.000000
4.496570,1920.000000
4.354410,1920.000000
4.419252,1920.000000
4.456269,1920.000000
4.723761,1920.000000
4.416954,1920.000000
4.462802,1920.000000
4.486989,1920.000000
4.460931,1920.000000
4.504099,1920.000000
4.391614,1920.000000
4.632822,1920.000000
4.556425,1920.000000
4.398258,1920.000000
4.385703,1920.000000
4.328033,1920.000000
4.330892,1920.000000
4.489576,1920.000000
4.457370,1920.000000
4.495073,1920.000000
4.344406,1920.000000
4.523789,1920.000000
4.510330,1920.000000
4.400957,1920.000000
4.313244,1920.000000
4.405597,1920.000000
4.416796,1920.000000
4.343891,1920.000000
4.483616,1920.000000
4.520785,1920.000000
4.510433,1920.000000
4.387004,1920.000000
4.647699,1920.000000
4.593541,1920.000000
4.230861,1920.000000
4.222516,1920.000000
4.378566,1920.000000
4.447243,1920.000000
4.500720,1920.000000
4.561728,1920.000000
4.310649,1920.000000
4.347371,1920.000000
4.591967,1920.000000
4.464980,1920.000000
4.583213,1920.000000
4.703697,1920.000000
4.428405,1920.000000
4.594693,1920.000000
4.611517,1920.000000
4.366953,1920.000000
4.593789,1920.000000
4.394715,1920.000000
4.478462,1920.000000
4.489980,1920.000000
4.491497,1920.000000
4.531620,1920.000000
4.330056,1920.000000
4.358928,1920.000000
4.560799,1920.000000
4.535741,1920.000000
4.477816,1920.000000
4.397515,1920.000000
4.423636,1920.000000
4.462265,1920.000000
4.646900,1920.000000
4.267762,1920.000000
4.590965,1920.000000
4.428947,1920.000000
4.339085,1920.000000
4.540990,1920.000000
4.230439,1920.000000
4.383148,1920.000000
4.576722,1920.000000
4.476227,1920.000000
4.288977,1920.000000
4.487516,1920.000000
4.240797,1920.000000
4.390061,1920.000000
4.498223,1920.000000
4.594917,1920.000000
4.452313,1920.000000
4.501788,1920.000000
4.407813,1920.000000
4.355924,1920.000000
4.444594,1920.000000
4.437016,1920.000000
4.444487,1920.000000
4.430671,1920.000000
4.421830,1920.000000
4.417650,1920.000000
4.538367,1920.000000
4.326016,1920.000000
4.419522,1920.000000
4.369141,1920.000000
4.432244,1920.000000
4.487644,1920.000000
4.456682,1920.000000
4.348057,1920.000000
4.554446,1920.000000
4.388345,1920.000000
4.466973,1920.000000
4.687973,1920.000000
4.422260,1920.000000
4.703201,1920.000000
4.543664,1920.000000
4.519239,1920.000000
4.498444,1920.000000
4.552158,1920.000000
4.606171,1920.000000
4.527382,1920.000000
107.287756,1920.000000
56.523860,1920.000000
69.069172,1920.000000
92.713655,1920.000000
78.940546,1920.000000
115.288603,1920.000000
55.229128,1920.000000
86.940586,1920.000000
94.474103,1920.000000
191.025584,1920.000000
39.471180,1920.000000
63.049334,1920.000000
97.833108,1920.000000
72.326566,1920.000000
161.002399,1920.000000
188.938731,1920.000000
105.431141,1920.000000
111.192919,1920.000000
36.913369,1920.000000
45.597266,1920.000000
50.750993,1920.000000
