2,20,0,2,4474040,1.636238
3,3,2,0,1,0.641935
3,2,0,1,1,0.272707
3,1,20,1,2,0.216902
2,11,2,1,2,0.194744
3,20,18,1,1,0.187603
2,14,2,1,1,0.162296
3,2,0,1,1,0.141400
2,3,1,1,1,0.159330
3,2,5,1,1,0.124558
3,0,12,1,2,0.137469
3,2,20,1,3,0.134769
0,3,2,1,3,0.109207
3,2,0,1,3,0.101490
2,17,3,1,3,0.096295
0,1,3,1,3,0.097345
2,8,1,1,3,0.096558
0,3,1,1,3,0.089039
3,10,10,0,3,0.085064
0,1,1,0,3,0.093188
2,20,2,1,3,0.099592
0,1,0,0,3,0.115711
3,6,20,1,2,0.091680
0,1,0,2,2,0.075178
3,2,0,1,1,0.081309
2,2,2,1,1,0.082259
2,5,1,2,1,0.067229
2,15,2,1,1,0.074600
2,19,2,1,1,0.060483
2,20,2,1,1,0.077480
2,11,3,0,1,0.077548
2,14,2,1,1,0.069315
3,1,1,0,0,0.059544
2,14,2,1,0,0.056308
2,7,2,1,0,0.054169
3,2,0,1,1,0.055832
0,1,3,0,1,0.066401
2,20,2,1,1,0.059999
0,1,2,0,1,0.061627
0,0,2,1,1,0.059860
2,11,1,2,1,0.051179
2,0,1,2,1,0.048266
3,2,0,2,1,0.052092
3,2,0,2,3,0.051595
2,5,1,2,3,0.058683
2,8,1,2,3,0.053221
2,12,1,2,3,0.058320
2,17,1,2,3,0.048122
0,1,1,2,3,0.051546
0,3,1,1,3,0.054300
2,15,3,0,3,0.043497
3,20,19,3,3,0.051563
0,1,3,3,3,0.042527
2,16,1,0,3,0.042160
2,11,1,0,3,0.040242
2,3,1,0,3,0.046827
3,2,5,2,2,0.052127
0,1,1,0,2,0.037329
3,10,7,0,3,0.035860
3,8,10,2,3,0.050287
2,18,1,0,3,0.033812
2,20,1,2,3,0.041683
2,20,1,0,3,0.053543
2,20,1,2,3,0.045058
2,11,1,0,3,0.050836
3,2,0,2,1,0.043626
0,3,1,2,1,0.034120
3,2,5,0,2,0.039175
3,6,20,2,1,0.037270
2,18,3,0,1,0.030577
3,15,18,0,0,0.029026
0,1,1,2,0,0.031828
0,3,1,0,0,0.032276
2,0,2,3,0,0.034012
3,2,0,0,1,0.029818
2,5,3,0,1,0.028922
2,3,3,0,1,0.027405
2,19,3,0,1,0.041606
2,14,1,3,1,0.042143
2,11,3,0,1,0.034456
2,20,2,3,1,0.038722
2,20,3,0,1,0.038657
2,20,2,3,1,0.033684
2,19,3,0,1,0.036713
2,10,2,3,1,0.036079
2,7,3,0,1,0.032801
2,14,2,3,1,0.029133
3,12,13,3,1,0.029252
2,8,3,0,1,0.028954
2,11,2,3,1,0.029063
2,17,3,0,1,0.034380
2,9,2,3,1,0.029016
0,1,3,0,1,0.025944
2,9,2,3,1,0.026734
2,15,2,3,1,0.025010
3,2,5,3,0,0.024224
2,2,3,1,0,0.029756
0,2,2,3,0,0.021380
2,0,3,1,0,0.023857
3,2,0,3,2,0.031951
2,14,3,1,2,0.029286
2,17,1,3,2,0.028997
2,1,3,1,2,0.024281
2,1,1,3,2,0.022236
2,1,1,3,2,0.026323
3,3,19,1,0,0.023966
2,14,1,3,0,0.025381
2,11,3,1,0,0.025712
2,10,1,3,0,0.028430
2,3,1,0,0,0.026843
2,17,1,3,0,0.024745
3,2,5,3,2,0.021265
2,20,3,1,2,0.023090
2,20,1,3,2,0.028142
2,19,1,0,2,0.027815
2,8,1,3,2,0.024569
3,13,12,1,3,0.020040
3,2,0,3,1,0.023074
2,17,3,1,1,0.019298
2,15,2,3,1,0.021863
3,10,17,1,3,0.019830
3,10,17,3,3,0.025967
3,10,17,1,3,0.021402
3,3,19,3,1,0.022944
2,13,3,1,1,0.018459
2,20,2,3,1,0.022493
2,20,3,1,1,0.024502
0,0,2,3,1,0.020924
3,1,5,1,1,0.017633
2,20,1,3,1,0.017495
2,11,1,0,1,0.024836
3,1,5,3,0,0.023969
2,0,3,1,0,0.018522
2,11,1,3,0,0.021944
2,11,3,2,0,0.025003
3,2,0,3,1,0.016489
3,2,0,1,2,0.019635
2,1,3,1,2,0.016676
2,14,3,1,2,0.015885
3,10,17,1,3,0.015538
2,11,3,1,3,0.017843
3,8,10,3,3,0.022322
2,7,3,1,3,0.018375
0,3,1,3,3,0.021468
2,16,3,1,3,0.018266
2,11,3,2,3,0.020875
2,14,3,2,3,0.016222
2,11,1,0,3,0.020089
2,10,3,2,3,0.020808
2,13,1,0,3,0.020752
2,20,3,2,3,0.021443
2,13,3,1,3,0.018967
3,2,5,2,0,0.020856
2,2,3,1,0,0.019192
2,11,3,2,0,0.020837
2,5,3,1,0,0.017974
3,2,0,2,2,0.018651
2,0,3,1,2,0.017231
0,2,3,2,2,0.015949
2,6,3,1,2,0.014555
3,3,19,1,2,0.014605
2,2,3,1,2,0.015122
2,3,1,0,2,0.019657
2,19,1,0,2,0.015989
2,3,3,1,2,0.019241
2,1,1,0,2,0.019512
2,20,3,1,2,0.016633
2,4,1,0,2,0.017138
3,2,5,1,0,0.015081
3,2,5,0,0,0.014879
2,13,1,0,0,0.021002
2,20,1,0,0,0.020101
3,10,17,0,3,0.017145
2,4,1,0,3,0.017183
2,19,3,1,3,0.017069
2,18,1,0,3,0.018404
2,1,3,1,3,0.016044
2,10,1,0,3,0.017938
2,8,1,0,3,0.017164
2,9,1,0,3,0.016504
2,18,1,2,3,0.014063
2,12,1,2,3,0.014445
3,13,12,2,3,0.015223
3,2,5,2,2,0.015132
2,17,1,0,2,0.014340
0,3,1,2,2,0.013690
0,1,1,0,2,0.014136
2,13,3,1,2,0.013857
3,10,17,3,3,0.017722
3,10,17,1,3,0.013019
2,14,1,3,3,0.016334
2,3,1,0,3,0.015556
2,18,3,2,3,0.015000
2,2,1,0,3,0.013874
3,2,0,3,0,0.016148
3,2,0,1,3,0.017093
2,14,3,2,3,0.012158
3,2,5,2,2,0.012088
2,12,3,1,2,0.012677
2,8,3,2,2,0.012177
2,8,3,1,2,0.016365
2,2,3,1,2,0.011713
3,2,5,2,2,0.014530
2,13,1,0,2,0.016054
2,3,1,3,2,0.015676
2,20,1,0,2,0.014241
2,20,3,2,2,0.012609
2,11,1,0,2,0.014945
2,10,1,3,2,0.015445
2,0,1,0,2,0.014615
3,2,0,2,2,0.014287
2,2,3,1,2,0.013747
2,8,1,3,2,0.015083
2,19,1,0,2,0.013955
2,16,1,3,2,0.014779
2,5,3,1,2,0.012009
2,11,3,2,2,0.011816
2,3,3,1,2,0.011284
2,3,3,2,2,0.013446
2,13,1,0,2,0.014888
2,14,1,3,2,0.014226
2,16,1,0,2,0.012892
2,0,3,2,2,0.012873
3,2,0,2,1,0.010177
2,2,3,1,1,0.013194
3,2,5,2,0,0.011068
2,11,1,0,0,0.014045
3,2,0,3,1,0.014153
2,0,3,1,1,0.010426
0,1,3,2,1,0.012052
3,2,0,3,1,0.011228
2,2,1,2,1,0.011267
2,10,2,3,1,0.013317
2,13,1,0,1,0.012417
0,0,2,3,1,0.013119
2,17,1,0,1,0.011379
2,8,1,3,1,0.010456
2,13,1,0,1,0.009606
3,13,12,3,1,0.012671
2,19,1,0,1,0.009612
2,15,1,3,1,0.011480
2,19,1,0,1,0.009998
2,14,1,3,1,0.013352
2,14,1,0,1,0.011184
2,20,1,3,1,0.013630
2,20,1,0,1,0.011936
2,5,1,3,1,0.010906
2,0,3,3,1,0.009497
2,9,1,3,1,0.010298
0,3,1,0,1,0.012709
0,3,1,3,1,0.012602
2,1,1,0,1,0.011138
2,1,1,0,1,0.012676
3,3,19,0,0,0.010590
3,3,19,0,0,0.012755
2,3,1,0,0,0.010883
3,2,5,0,0,0.010083
2,2,1,0,0,0.011574
3,2,0,0,2,0.011463
2,2,1,0,2,0.011530
3,2,5,0,1,0.034029
3,2,5,0,0,0.015439
2,2,1,0,0,0.011192
2,5,1,0,0,0.011307
3,2,5,0,0,0.012566
2,0,1,0,0,0.010789
2,17,1,0,0,0.011318
2,2,1,0,0,0.011689
2,20,1,0,0,0.011169
2,1,1,0,0,0.010843
2,10,1,0,0,0.011277
3,3,19,0,0,0.010968
2,5,1,0,0,0.010240
0,3,1,0,0,0.009307
0,1,1,0,0,0.009500
2,7,1,0,0,0.010730
3,2,5,3,2,0.010510
2,2,3,1,2,0.008958
2,2,1,3,2,0.010669
2,2,3,3,2,0.010047
0,0,3,3,2,0.008930
2,12,3,1,2,0.008811
2,1,3,3,2,0.007914
2,1,3,3,2,0.009622
2,3,1,3,2,0.010864
2,13,1,0,2,0.010492
2,13,1,3,2,0.009553
2,11,3,3,2,0.008759
2,11,3,1,2,0.011927
2,17,1,3,2,0.012222
2,8,1,0,2,0.010523
3,3,19,3,1,0.009064
3,3,19,3,2,0.008323
3,2,0,1,1,0.007955
3,2,0,3,1,0.010083
2,3,1,0,1,0.011354
3,1,5,3,1,0.010107
3,3,19,0,2,0.008689
0,3,1,3,2,0.009240
2,13,1,0,2,0.009813
2,2,2,3,2,0.010595
2,12,1,0,2,0.008864
3,2,0,3,1,0.010104
3,2,0,1,2,0.009673
2,3,3,3,2,0.009075
0,3,3,3,2,0.007622
2,3,3,1,2,0.008984
2,2,2,3,2,0.009446
2,2,3,1,2,0.008648
2,10,2,3,2,0.010359
0,3,1,0,2,0.010407
2,4,2,3,2,0.010378
0,1,3,1,2,0.008583
2,15,2,3,2,0.009458
2,11,1,0,2,0.009742
2,6,2,3,2,0.010095
0,3,1,0,2,0.009882
2,13,2,3,2,0.009971
2,16,1,0,2,0.008536
2,8,3,3,2,0.007757
2,19,3,3,2,0.007302
3,3,19,3,1,0.009437
3,10,17,0,3,0.008083
3,10,17,3,3,0.011329
3,10,17,0,3,0.010428
3,10,17,3,3,0.009599
3,10,17,0,3,0.008837
2,8,2,3,3,0.009678
2,13,1,0,3,0.009687
2,18,2,3,3,0.009857
2,18,1,0,3,0.010275
2,18,1,2,3,0.008821
3,2,5,3,2,0.008640
2,2,1,0,2,0.009178
2,10,2,3,2,0.009404
0,3,1,0,2,0.009665
2,14,2,3,2,0.009650
2,11,1,0,2,0.008913
2,14,2,3,2,0.009596
2,10,1,0,2,0.007619
3,10,17,3,3,0.010156
2,17,1,2,3,0.009358
2,17,3,3,3,0.008213
2,14,1,0,3,0.007611
2,10,2,3,3,0.009786
2,5,1,0,3,0.009222
2,11,2,3,3,0.008190
2,15,1,2,3,0.007763
2,11,1,2,3,0.007737
2,11,2,3,3,0.009508
2,7,1,0,3,0.008033
2,9,2,3,3,0.009288
2,9,1,0,3,0.007590
2,6,2,3,3,0.009470
0,3,1,0,3,0.009073
2,20,2,3,3,0.009187
2,20,1,0,3,0.008785
2,20,1,2,3,0.007891
2,19,1,0,3,0.008932
2,16,2,3,3,0.008838
3,2,5,2,2,0.007032
3,2,0,2,1,0.007147
2,0,1,0,1,0.007425
2,7,1,2,1,0.007149
3,1,5,2,1,0.006831
2,1,1,0,1,0.008322
2,5,1,2,1,0.006975
0,3,1,2,1,0.006587
2,13,1,0,1,0.007908
2,1,2,3,1,0.009286
2,1,1,0,1,0.007846
3,2,0,3,1,0.009386
3,2,0,0,1,0.008625
3,2,0,3,2,0.007376
3,2,0,3,2,0.007345
2,2,1,0,2,0.008954
0,0,2,3,2,0.008409
0,3,1,0,2,0.007497
2,10,3,3,2,0.008596
2,13,1,0,2,0.008478
2,6,3,3,2,0.008405
2,11,1,0,2,0.008212
2,17,3,3,2,0.008264
2,6,1,0,2,0.008012
0,1,3,3,2,0.006428
2,8,1,0,2,0.007347
2,6,1,3,2,0.007822
2,12,1,0,2,0.008188
2,8,1,3,2,0.007875
2,0,1,0,2,0.007754
2,15,1,3,2,0.007585
2,16,1,0,2,0.007808
2,4,1,3,2,0.007523
2,4,1,0,2,0.006991
3,3,19,0,1,0.006139
2,19,1,0,1,0.006774
2,3,1,3,1,0.008781
2,18,1,0,1,0.006309
2,18,1,0,1,0.006640
2,3,1,0,1,0.008421
2,10,1,3,1,0.007437
2,11,1,0,1,0.007978
2,20,1,3,1,0.007984
2,13,1,0,1,0.007885
0,3,1,3,1,0.007737
2,1,1,0,1,0.006787
0,1,1,0,1,0.007525
0,3,1,3,1,0.005661
3,2,0,0,1,0.005203
3,2,0,0,2,0.007592
2,2,1,3,2,0.005600
0,3,1,0,2,0.007868
2,10,1,3,2,0.007604
2,7,1,0,2,0.007524
2,20,1,3,2,0.007324
2,20,1,0,2,0.007441
3,1,5,3,1,0.007259
0,1,1,0,1,0.005880
2,20,1,3,1,0.006267
2,1,1,0,1,0.007442
2,6,1,3,1,0.007432
2,13,1,0,1,0.007259
2,18,1,3,1,0.007344
2,11,1,0,1,0.007048
2,10,1,3,1,0.007194
0,3,1,0,1,0.007070
2,17,1,3,1,0.007108
2,1,1,0,1,0.006690
2,20,1,3,1,0.007042
2,20,1,0,1,0.007017
2,20,1,3,1,0.006960
2,20,1,0,1,0.007031
2,20,1,3,1,0.006211
2,20,1,0,1,0.006905
2,20,1,3,1,0.006795
2,2,1,0,1,0.006987
2,15,1,3,1,0.006561
2,11,1,0,1,0.006548
2,6,1,3,1,0.006864
2,13,1,0,1,0.006719
2,20,1,3,1,0.006764
0,3,1,0,1,0.006660
3,2,0,3,1,0.006692
2,0,1,2,1,0.006297
2,15,1,2,1,0.006214
2,7,1,2,1,0.005748
2,7,1,2,1,0.005969
3,3,19,3,1,0.005441
2,17,1,2,1,0.006120
2,16,1,3,1,0.005111
0,1,1,2,1,0.005166
2,10,2,3,1,0.005373
2,3,1,0,1,0.005255
2,2,1,3,1,0.004981
3,2,0,3,1,0.007014
3,2,5,3,2,0.005286
2,2,1,0,2,0.007864
2,2,2,3,2,0.005963
2,2,1,0,2,0.006228
2,11,1,3,2,0.004880
2,11,1,0,2,0.006099
2,14,2,3,2,0.005919
2,0,1,0,2,0.006643
3,2,0,3,1,0.007287
3,2,0,0,1,0.006762
2,9,1,3,1,0.005461
3,3,19,3,1,0.005923
2,9,1,0,1,0.005715
2,14,1,0,1,0.005050
2,2,1,3,1,0.005469
2,14,1,0,1,0.006981
3,2,0,3,2,0.006617
3,2,0,0,2,0.006627
3,2,0,3,1,0.005665
2,10,1,0,1,0.005666
2,10,1,0,1,0.006031
2,9,1,3,1,0.005616
2,9,1,0,1,0.006005
2,17,2,3,1,0.006627
2,19,1,0,1,0.006315
2,18,2,3,1,0.006431
0,3,1,0,1,0.006388
0,0,2,3,1,0.006571
2,1,1,0,1,0.005627
2,10,1,3,1,0.006507
2,13,1,0,1,0.006361
2,19,1,3,1,0.006371
3,3,19,0,0,0.006561
3,3,19,3,1,0.007867
3,3,19,0,0,0.006206
3,2,0,3,2,0.005192
2,5,1,0,2,0.005752
2,17,1,0,2,0.004585
2,17,1,0,2,0.005304
2,16,1,0,2,0.005181
0,3,1,3,2,0.005482
2,11,1,0,2,0.005861
2,15,3,3,2,0.006330
0,3,1,0,2,0.005907
2,20,3,3,2,0.006254
1,0.300000
1,0.800000
1,0.500000
1,0.300000
1,0.300000
1,0.200000
1,0.300000
1,0.200000
1,0.200000
1,0.200000
1,0.200000
1,0.200000
1,0.200000
1,0.200000
1,0.200000
1,0.200000
1,0.200000
1,0.200000
1,0.200000
1,0.200000
1,0.100000
0,0.100000
1,0.100000
0,0.100000
1,0.100000
1,0.100000
1,0.400000
1,0.100000
1,0.200000
1,0.100000
1,0.500000
1,0.100000
1,0.500000
1,0.200000
1,0.200000
1,0.200000
1,0.500000
1,0.100000
0,0.100000
1,0.100000
0,0.200000
1,0.400000
0,0.200000
1,0.400000
0,0.200000
1,0.400000
0,0.200000
0,0.200000
1,0.400000
1,0.100000
1,0.300000
0,0.100000
0,0.100000
1,0.100000
1,0.100000
1,0.400000
0,0.200000
1,0.100000
1,0.200000
1,0.100000
1,0.200000
0,0.200000
1,0.400000
0,0.200000
1,0.400000
0,0.200000
0,0.200000
1,0.300000
1,0.100000
1,0.300000
1,0.300000
1,0.100000
1,0.200000
0,0.200000
1,0.300000
1,0.300000
1,0.300000
1,0.500000
0,0.300000
1,0.500000
0,0.200000
1,0.500000
0,0.200000
1,0.500000
0,0.200000
1,0.300000
0,0.200000
0,0.200000
1,0.300000
0,0.200000
1,0.300000
0,0.200000
1,0.300000
0,0.200000
0,0.200000
0,0.200000
1,0.500000
0,0.200000
1,0.500000
0,0.300000
1,0.500000
0,0.300000
1,0.500000
0,0.300000
0,0.300000
1,0.500000
0,0.300000
1,0.500000
0,0.300000
1,0.600000
0,0.300000
0,0.300000
1,0.500000
0,0.300000
1,0.600000
0,0.300000
1,0.500000
0,0.300000
1,0.500000
0,0.200000
1,0.500000
0,0.200000
1,0.500000
0,0.200000
1,0.500000
0,0.200000
1,0.500000
0,0.200000
1,0.500000
0,0.300000
1,0.600000
0,0.300000
1,0.500000
0,0.300000
0,0.100000
0,0.300000
1,0.500000
1,0.500000
1,0.500000
1,0.500000
1,0.500000
0,0.300000
1,0.500000
0,0.300000
1,0.500000
0,0.200000
0,0.200000
1,0.600000
0,0.200000
1,0.600000
0,0.200000
1,0.500000
0,0.200000
1,0.500000
0,0.200000
1,0.500000
0,0.200000
1,0.500000
0,0.100000
1,0.500000
1,0.500000
1,0.500000
0,0.200000
0,0.200000
1,0.500000
0,0.200000
1,0.500000
0,0.200000
1,0.500000
0,0.200000
1,0.600000
0,0.200000
1,0.600000
0,0.200000
1,0.500000
0,0.200000
1,0.500000
0,0.200000
1,0.600000
0,0.200000
0,0.100000
0,0.100000
0,0.100000
0,0.100000
0,0.200000
0,0.100000
0,0.200000
1,0.500000
0,0.400000
1,0.500000
0,0.400000
1,0.600000
0,0.100000
1,0.600000
0,0.400000
1,0.500000
0,0.100000
0,0.100000
1,0.500000
0,0.100000
1,0.500000
1,0.500000
0,0.100000
1,0.600000
0,0.400000
1,0.600000
0,0.100000
1,0.600000
0,0.400000
1,0.600000
0,0.100000
1,0.500000
0,0.400000
1,0.600000
0,0.400000
1,0.500000
0,0.100000
1,0.500000
0,0.100000
1,0.600000
0,0.400000
1,0.600000
0,0.100000
0,0.100000
1,0.500000
0,0.100000
1,0.600000
0,0.400000
1,0.500000
0,0.100000
0,0.200000
1,0.300000
0,0.400000
1,0.600000
0,0.400000
1,0.600000
0,0.400000
1,0.600000
0,0.400000
1,0.600000
0,0.400000
1,0.600000
0,0.400000
1,0.600000
0,0.400000
1,0.600000
0,0.400000
0,0.200000
0,0.400000
1,0.600000
0,0.400000
1,0.600000
0,0.200000
1,0.600000
0,0.100000
0,0.100000
0,0.200000
1,0.600000
0,0.200000
0,0.100000
0,0.100000
0,0.200000
0,0.100000
1,0.600000
0,0.200000
1,0.600000
0,0.200000
1,0.600000
0,0.200000
1,0.600000
0,0.200000
1,0.600000
0,0.200000
0,0.100000
0,0.200000
1,0.600000
0,0.400000
1,0.500000
0,0.400000
0,0.200000
0,0.200000
1,0.500000
0,0.200000
0,0.200000
0,0.400000
1,0.600000
0,0.400000
0,0.200000
1,0.500000
0,0.400000
1,0.600000
0,0.400000
0,0.200000
1,0.500000
0,0.200000
1,0.600000
0,0.400000
1,0.600000
0,0.400000
1,0.600000
0,0.400000
1,0.600000
0,0.400000
1,0.500000
0,0.200000
0,0.200000
1,0.500000
0,0.400000
1,0.500000
0,0.400000
1,0.600000
0,0.400000
1,0.500000
0,0.400000
1,0.600000
0,0.400000
1,0.600000
0,0.400000
1,0.600000
0,0.200000
0,0.200000
0,0.200000
1,0.600000
0,0.200000
1,0.600000
0,0.200000
1,0.600000
0,0.400000
1,0.600000
0,0.400000
1,0.600000
0,0.200000
0,0.400000
1,0.600000
0,0.400000
1,0.600000
0,0.400000
1,0.600000
0,0.400000
1,0.600000
0,0.200000
0,0.200000
0,0.200000
1,0.600000
0,0.400000
1,0.600000
0,0.400000
0,0.200000
0,0.200000
0,0.400000
1,0.600000
0,0.400000
1,0.600000
0,0.400000
1,0.600000
0,0.400000
1,0.600000
0,0.200000
1,0.600000
0,0.400000
0,0.200000
0,0.200000
1,0.600000
0,0.200000
0,0.200000
1,0.600000
0,0.200000
0,0.200000
1,0.600000
0,0.400000
1,0.600000
0,0.400000
1,0.600000
0,0.200000
0,0.200000
1,0.600000
0,0.400000
1,0.600000
0,0.300000
1,0.600000
0,0.300000
1,0.600000
0,0.300000
1,0.600000
0,0.200000
1,0.600000
0,0.400000
1,0.600000
0,0.400000
1,0.600000
0,0.400000
1,0.600000
0,0.400000
0,0.200000
0,0.200000
0,0.200000
0,0.400000
1,0.600000
0,0.200000
1,0.600000
0,0.400000
1,0.600000
0,0.400000
1,0.600000
0,0.400000
1,0.600000
0,0.200000
1,0.100000
1,0.300000
1,0.600000
0,0.300000
1,0.600000
0,0.400000
1,0.600000
0,0.400000
1,0.600000
0,0.400000
1,0.300000
0,0.300000
1,0.600000
0,0.400000
1,0.600000
0,0.400000
1,0.600000
0,0.400000
1,0.600000
0,0.400000
1,0.600000
0,0.400000
1,0.600000
0,0.400000
1,0.600000
0,0.300000
1,0.600000
0,0.400000
1,0.600000
0,0.400000
1,0.600000
0,0.400000
1,0.600000
0,0.400000
1,0.600000
0,0.400000
1,0.300000
1,0.300000
1,0.300000
1,0.300000
0,0.300000
1,0.300000
0,0.300000
1,0.300000
0,0.400000
1,0.600000
0,0.300000
0,0.400000
0,0.300000
1,0.600000
0,0.400000
1,0.600000
0,0.300000
1,0.600000
0,0.400000
1,0.600000
0,0.400000
1,0.600000
0,0.300000
0,0.300000
1,0.600000
1,0.600000
0,0.300000
1,0.600000
0,0.400000
1,0.600000
0,0.300000
1,0.600000
1,0.600000
0,0.300000
1,0.600000
0,0.400000
1,0.600000
0,0.400000
1,0.600000
0,0.400000
1,0.600000
0,0.400000
1,0.600000
0,0.400000
0,0.100000
0,0.400000
0,0.100000
0,0.300000
1,0.600000
0,0.100000
0,0.100000
1,0.600000
0,0.400000
1,0.600000
0,0.300000
1,0.600000
0,0.300000
1,2.829197
0,0.984801
0,1.187192
1,2.717904
1,1.879941
1,4.086468
1,1.487192
1,1.487192
0,1.157589
0,1.157589
0,1.229844
1,2.049218
0,1.254834
0,1.254834
0,1.468781
1,2.883734
0,1.502057
0,3.829478
0,3.829478
1,3.030067
1,2.880067
1,1.575988
1,2.751821
1,1.187192
1,1.187192
0,1.337192
1,1.504834
0,1.337192
0,2.488417
0,1.337192
1,1.859556
0,1.337192
0,2.488417
0,1.337192
0,1.337192
0,1.337192
1,1.859556
0,1.602057
1,1.859556
0,1.602057
0,1.602057
1,1.859556
1,1.187192
1,1.504834
0,1.169344
1,1.859556
0,2.838559
0,2.838559
1,1.859556
0,2.838559
1,1.859556
0,2.838559
1,1.859556
1,1.859556
0,1.169344
1,1.859556
0,1.169344
0,1.602057
1,1.859556
0,1.602057
1,1.777365
0,1.337192
1,1.319344
0,1.337192
1,1.319344
0,1.337192
0,3.159378
1,1.319344
0,3.159378
1,1.777365
0,1.216279
1,1.369207
1,1.777365
1,1.369207
1,1.187192
0,1.480546
0,1.480546
1,1.777365
1,1.369207
1,1.603572
1,1.369207
1,1.603572
1,1.369207
1,1.603572
1,1.369207
1,1.777365
0,1.482044
0,1.482044
1,1.777365
1,1.016875
1,1.777365
1,1.016875
1,1.777365
0,1.169344
1,1.777365
1,1.016875
1,1.777365
1,1.059373
1,1.777365
1,1.059373
1,1.777365
1,1.371654
1,1.777365
0,1.169344
1,1.371654
1,1.777365
0,1.169344
1,1.603572
0,1.169344
1,1.603572
0,1.169344
0,1.169344
1,1.603572
0,1.638284
1,1.603572
0,1.638284
1,1.603572
0,1.387192
1,1.768781
0,1.638284
1,1.768781
0,1.568781
1,1.768781
0,1.638284
0,1.463019
1,1.302057
0,1.463019
1,1.302057
0,1.463019
1,1.371654
1,1.852057
1,1.371654
1,1.765001
1,1.302057
1,1.187192
1,1.187192
0,1.209373
1,1.765001
0,1.468781
0,1.468781
1,1.768781
1,1.302057
1,1.768781
1,0.966875
1,1.768781
1,0.966875
0,1.480546
1,1.768781
1,0.966875
1,1.768781
1,0.966875
1,1.768781
1,0.966875
1,1.319344
1,1.059373
1,1.768781
1,1.059373
1,1.768781
0,1.480546
0,1.116875
0,1.480546
1,1.768781
1,1.388284
0,1.116875
1,1.768781
1,1.016875
1,1.768781
0,1.216875
0,1.116875
1,1.016875
1,1.768781
1,0.969344
1,1.768781
0,1.568781
1,1.319344
0,1.568781
1,1.319344
0,1.568781
1,1.319344
0,1.568781
1,1.319344
0,1.568781
1,1.303572
1,1.319344
0,1.568781
0,1.518781
0,1.518781
1,1.777365
0,1.568781
1,1.768781
1,0.966875
1,1.609373
0,1.387192
1,1.777365
0,1.370369
1,1.254834
0,1.169344
0,1.169344
1,1.319344
1,0.969344
1,1.319344
1,1.319344
1,0.969344
1,1.637192
1,1.059373
1,1.777365
1,1.059373
1,1.888284
1,1.059373
1,1.777365
1,1.059373
1,1.777365
1,1.230221
1,1.777365
1,1.230221
1,1.777365
1,1.016875
1,1.166875
1,1.016875
1,1.637192
1,0.966875
1,1.777365
1,0.966875
1,1.187192
0,1.109373
1,1.016875
1,1.777365
0,1.387192
1,1.287192
1,1.187192
1,1.187192
0,1.109373
1,0.919344
1,1.777365
1,0.919344
1,1.777365
1,0.919344
1,1.777365
1,1.230221
1,1.777365
1,0.919344
1,1.777365
1,0.919344
1,1.777365
1,0.919344
1,1.777365
1,0.919344
1,1.166875
1,1.166875
1,1.777365
1,0.919344
1,1.777365
1,0.919344
1,1.777365
0,1.527365
1,1.438284
1,0.966875
1,1.777365
1,1.059373
1,1.777365
1,1.157589
0,1.216875
1,1.777365
1,1.777365
1,0.966875
1,1.777365
0,1.863019
1,1.777365
1,0.919344
1,1.777365
1,0.919344
1,1.777365
1,1.388284
1,0.969344
1,1.287192
1,1.287192
1,0.969344
0,1.069344
1,1.087192
0,1.069344
1,1.187192
1,1.287192
1,1.287192
0,1.863019
0,1.863019
1,1.287192
0,1.863019
1,1.388284
1,1.287192
0,1.863019
1,1.768781
1,1.388284
0,1.480546
1,1.287192
0,1.387192
1,1.780546
0,1.863019
1,1.780546
1,1.087192
1,1.768781
1,0.919344
1,1.768781
1,1.087192
0,1.109373
1,1.187192
1,1.187192
1,1.768781
1,0.919344
1,1.768781
1,0.919344
1,1.768781
1,0.919344
1,1.768781
1,0.919344
1,1.768781
1,0.919344
1,1.768781
1,0.919344
1,1.768781
1,1.768781
0,1.418781
0,1.638284
1,1.768781
0,1.618781
1,1.768781
0,1.618781
1,1.768781
1,0.919344
1,1.609373
1,0.919344
1,1.913019
1,1.438284
1,0.919344
1,1.818781
1,1.059373
1,1.609373
1,1.059373
1,1.469344
1,1.059373
1,1.438284
0,1.418781
1,1.438284
1,1.438284
1,1.438284
1,1.059373
1,1.469344
1,1.438284
1,1.438284
1,1.438284
1,0.919344
1,1.637192
1,0.919344
0,1.069344
1,0.919344
1,1.880546
1,0.919344
1,1.637192
1,1.438284
1,1.469344
1,0.919344
0,1.069344
1,1.187192
1,1.513019
1,1.513019
1,1.513019
1,1.438284
1,1.438284
1,1.513019
1,1.888284
1,1.363019
1,1.609373
0,1.387192
1,1.287192
0,1.209373
1,1.059373
1,1.913019
1,1.438284
1,1.309373
1,1.363019
1,1.888284
1,1.363019
1,1.309373
1,1.438284
1,1.309373
1,1.438284
1,1.309373
1,1.438284
1,1.459373
1,1.438284
1,1.459373
1,1.438284
1,1.309373
0,1.387192
1,1.438284
1,1.438284
1,1.309373
0,1.387192
1,1.309373
0,1.387192
1,1.309373
0,1.387192
1,1.309373
0,1.387192
1,1.309373
0,1.387192
1,1.309373
0,1.387192
0,1.387192
0,1.387192
1,1.309373
1,1.363019
1,1.637192
1,1.363019
1,1.880546
1,1.363019
1,1.888284
1,1.363019
1,1.888284
1,1.338284
1,1.888284
1,1.087192
1,1.880546
1,1.338284
1,1.880546
1,1.087192
1,1.637192
1,1.087192
1,1.888284
1,1.059373
1,1.888284
1,1.338284
1,1.888284
1,1.338284
1,1.637192
1,1.087192
1,1.609373
1,1.087192
1,1.880546
1,1.087192
1,1.888284
1,1.087192
1,1.609373
1,1.087192
0,1.109373
1,1.888284
1,1.438284
1,1.438284
1,1.338284
1,1.609373
1,1.059373
0,1.538284
0,1.538284
1,1.888284
1,1.059373
1,1.187192
1,0.919344
0,1.109373
1,1.059373
0,1.109373
1,1.059373
1,1.609373
1,1.059373
1,1.609373
0,1.387192
1,1.287192
0,1.209373
0,1.538284
1,1.438284
0,1.209373
0,1.387192
1,1.609373
1,1.059373
0,1.109373
0,1.387192
1,1.237192
1,1.237192
1,1.059373
1,1.637192
1,1.059373
1,1.609373
1,1.059373
1,1.788284
1,1.059373
1,1.788284
1,1.059373
1,1.788284
1,1.059373
0,1.427365
1,1.438284
0,1.427365
1,1.059373
1,1.609373
0,1.209373
0,1.209373
1,1.609373
0,1.209373
1,1.609373
0,1.559373
1,1.609373
0,1.209373
0,0
1,4
1,2
1,3
1,3
0,1
0,3
1,2
1,2
0,1
1,5
0,1
1,4
0,1
1,4
1,3
1,3
0,1
0,1
1,2
0,1
1,6
0,1
1,6
0,1
1,1
1,5
1,4
1,2
0,1
1,6
0,6
1,3
1,3
1,3
1,2
1,6
0,2
1,0
1,1
1,1
1,3
1,1
1,6
1,1
1,6
1,1
1,2
1,8
0,3
1,8
0,3
1,3
1,3
0,3
1,8
0,1
1,1
1,1
0,1
1,1
0,1
1,0
0,1
1,7
0,7
0,0
1,5
0,7
0,0
1,2
1,2
1,5
1,2
1,1
1,3
1,1
1,5
0,7
1,7
0,2
1,0
0,1
1,5
0,3
1,5
1,3
1,2
1,5
1,0
1,6
1,4
1,7
0,8
1,7
0,5
1,3
0,0
1,5
0,7
0,0
1,1
0,0
1,1
0,2
1,0
0,7
1,7
0,4
1,8
0,4
0,3
1,0
0,1
1,5
1,1
1,5
1,3
1,5
1,3
1,4
0,2
1,4
0,2
1,4
0,2
1,0
0,1
1,6
0,1
1,7
0,3
1,6
0,3
1,2
1,1
1,4
1,1
1,3
0,5
1,5
0,4
1,6
0,3
1,6
0,3
0,5
1,6
0,4
1,7
0,2
1,8
1,0
1,6
1,0
1,6
0,3
1,4
1,1
1,1
1,6
1,6
0,4
0,2
1,6
0,3
1,0
1,1
1,7
1,7
1,8
0,1
1,7
0,5
1,5
0,2
1,5
0,4
1,7
1,4
1,1
1,1
0,2
1,8
0,4
0,0
1,2
1,8
0,8
0,0
0,8
1,8
0,2
1,7
0,4
1,0
1,3
1,1
1,3
1,2
0,3
1,3
0,4
1,8
1,0
1,0
0,1
1,8
0,4
1,6
1,1
1,6
1,0
1,5
1,1
1,4
1,1
0,2
1,1
1,8
0,8
1,6
1,1
1,4
1,3
0,4
1,8
0,4
1,5
1,2
1,3
1,5
0,4
1,8
1,1
1,5
1,2
1,4
1,3
0,0
1,3
1,4
1,1
0,0
0,2
1,0
1,2
1,3
1,3
1,5
1,0
1,5
0,3
1,5
0,4
0,2
0,4
1,6
1,0
1,2
1,7
1,0
1,2
1,6
0,4
1,7
1,0
1,7
0,2
1,5
0,4
1,8
1,2
0,4
1,2
1,6
0,4
1,5
0,4
1,3
1,2
1,2
1,1
0,0
1,0
1,4
0,2
0,3
1,4
1,0
1,6
0,5
1,6
1,8
0,5
1,8
0,5
1,8
0,5
1,8
1,0
1,6
0,5
0,0
0,4
0,2
1,6
0,4
1,5
0,5
1,8
0,5
0,2
1,1
1,8
0,5
1,8
1,0
0,2
0,3
0,0
1,0
1,8
1,0
1,8
1,0
1,8
1,0
1,8
0,2
1,1
0,0
0,8
1,7
0,5
1,8
0,8
1,8
1,1
0,0
0,3
0,4
1,3
0,0
0,5
1,6
0,3
1,5
1,4
1,0
1,8
1,3
0,1
0,5
1,5
0,2
1,0
0,1
1,5
1,1
1,2
1,2
1,4
1,2
1,2
1,1
1,3
1,2
1,7
0,3
1,5
0,5
1,2
1,1
1,1
1,6
0,5
1,2
0,5
1,8
0,5
1,8
1,0
1,2
1,2
1,8
0,5
1,6
1,0
1,7
1,1
1,6
1,1
0,2
1,1
1,3
1,1
1,1
0,2
1,8
0,5
1,8
0,5
1,8
0,5
1,5
0,5
0,2
0,2
1,8
1,0
1,8
0,5
1,8
0,5
1,4
0,5
1,4
0,5
1,7
0,5
1,8
0,3
1,8
0,5
1,7
1,0
1,7
0,5
1,4
0,2
1,0
0,1
1,4
0,5
1,7
1,1
1,8
0,5
1,8
0,5
1,4
0,5
1,2
0,4
0,3
1,4
0,2
0,2
0,3
1,3
0,2
0,2
1,3
0,4
0,6
1,5
0,4
1,3
0,3
1,4
0,8
1,6
0,3
1,5
0,6
1,3
1,7
1,4
1,0
0,0
1,3
1,1
1,3
1,1
0,0
1,3
0,1
1,0
1,5
0,3
1,7
0,5
1,7
0,5
1,8
0,2
1,3
1,1
1,3
1,1
1,4
1,3
0,4
1,5
1,0
1,8
1,1
1,7
0,5
4.391491,1920.000000
4.332276,1920.000000
4.357726,1920.000000
4.517422,1920.000000
4.562141,1920.000000
4.504367,1920.000000
4.346729,1920.000000
4.370250,1920.000000
4.255306,1920.000000
4.554922,1920.000000
4.520695,1920.000000
4.417209,1920.000000
4.511064,1920.000000
4.391396,1920.000000
4.301658,1920.000000
4.423946,1920.000000
4.349900,1920.000000
4.359008,1920.000000
4.521776,1920.000000
4.487745,1920.000000
4.603122,1920.000000
4.517321,1920.000000
4.592019,1920.000000
4.531296,1920.000000
4.796908,1920.000000
4.616493,1920.000000
4.697037,1920.000000
4.565483,1920.000000
4.420174,1920.000000
4.309509,1920.000000
4.441094,1920.000000
4.240953,1920.000000
4.537621,1920.000000
4.231495,1920.000000
4.443510,1920.000000
4.368425,1920.000000
4.451600,1920.000000
4.329828,1920.000000
4.358355,1920.000000
4.539936,1920.000000
4.235346,1920.000000
4.368452,1920.000000
4.509294,1920.000000
4.507334,1920.000000
4.278943,1920.000000
4.584248,1920.000000
4.497335,1920.000000
4.547152,1920.000000
4.304151,1920.000000
4.497076,1920.000000
4.293551,1920.000000
4.573509,1920.000000
4.389320,1920.000000
4.506555,1920.000000
4.342601,1920.000000
4.563456,1920.000000
4.409386,1920.000000
4.497445,1920.000000
4.523060,1920.000000
4.420854,1920.000000
4.653527,1920.000000
4.459505,1920.000000
4.492222,1920.000000
4.548552,1920.000000
4.579732,1920.000000
4.410937,1920.000000
4.956627,1920.000000
4.554039,1920.000000
4.584753,1920.000000
4.661252,1920.000000
4.642820,1920.000000
4.361580,1920.000000
4.754672,1920.000000
4.573188,1920.000000
4.404079,1920.000000
4.419992,1920.000000
4.385169,1920.000000
4.378995,1920.000000
4.499643,1920.000000
4.371744,1920.000000
4.535877,1920.000000
4.574271,1920.000000
4.498397,1920.000000
4.610026,1920.000000
4.475751,1920.000000
4.530547,1920.000000
4.477039,1920.000000
4.771112,1920.000000
4.682263,1920.000000
4.612582,1920.000000
4.394029,1920.000000
4.484125,1920.000000
4.306569,1920.000000
4.809495,1920.000000
4.649239,1920.000000
4.486088,1920.000000
4.531428,1920.000000
4.522689,1920.000000
4.353962,1920.000000
4.484099,1920.000000
4.349164,1920.000000
4.282202,1920.000000
4.578836,1920.000000
4.382804,1920.000000
4.600684,1920.000000
4.504356,1920.000000
4.523060,1920.000000
4.360652,1920.000000
4.727457,1920.000000
4.606106,1920.000000
4.759724,1920.000000
4.476223,1920.000000
4.215737,1920.000000
4.180542,1920.000000
4.459805,1920.000000
4.351402,1920.000000
4.423501,1920.000000
4.427644,1920.000000
4.390139,1920.000000
4.597541,1920.000000
4.515339,1920.000000
4.275865,1920.000000
4.244248,1920.000000
4.599445,1920.000000
4.453891,1920.000000
4.490481,1920.000000
4.478178,1920.000000
4.542006,1920.000000
4.430837,1920.000000
4.533513,1920.000000
4.692496,1920.000000
4.520835,1920.000000
4.611150,1920.000000
4.493992,1920.000000
4.206675,1920.000000
4.554476,1920.000000
4.487609,1920.000000
4.390366,1920.000000
4.401786,1920.000000
4.492924,1920.000000
4.376517,1920.000000
4.441404,1920.000000
4.324691,1920.000000
4.329414,1920.000000
4.553061,1920.000000
4.317872,1920.000000
4.575217,1920.000000
4.427386,1920.000000
4.493328,1920.000000
4.579525,1920.000000
4.617147,1920.000000
4.548560,1920.000000
4.491334,1920.000000
4.368124,1920.000000
4.491626,1920.000000
4.166168,1920.000000
4.505204,1920.000000
4.350718,1920.000000
4.514249,1920.000000
4.253563,1920.000000
4.552755,1920.000000
4.380531,1920.000000
4.320118,1920.000000
4.248318,1920.000000
4.406708,1920.000000
4.498207,1920.000000
4.393166,1920.000000
4.512620,1920.000000
4.486341,1920.000000
4.409782,1920.000000
4.321960,1920.000000
4.571864,1920.000000
4.480712,1920.000000
4.369266,1920.000000
4.323186,1920.000000
4.445262,1920.000000
4.190602,1920.000000
4.620382,1920.000000
4.537390,1920.000000
4.508310,1920.000000
4.549284,1920.000000
4.382212,1920.000000
4.367730,1920.000000
4.316657,1920.000000
4.246311,1920.000000
4.197706,1920.000000
4.341113,1920.000000
4.280240,1920.000000
4.362771,1920.000000
4.366727,1920.000000
4.541710,1920.000000
4.291541,1920.000000
4.489189,1920.000000
4.410926,1920.000000
4.478327,1920.000000
4.361446,1920.000000
4.391552,1920.000000
4.207777,1920.000000
4.493795,1920.000000
4.209710,1920.000000
4.346846,1920.000000
4.117743,1920.000000
4.425056,1920.000000
4.256546,1920.000000
4.330658,1920.000000
4.255980,1920.000000
4.340107,1920.000000
4.388835,1920.000000
4.226089,1920.000000
4.365892,1920.000000
4.235207,1920.000000
4.448048,1920.000000
4.221206,1920.000000
4.471716,1920.000000
4.369809,1920.000000
4.176633,1920.000000
4.176290,1920.000000
4.311583,1920.000000
4.111983,1920.000000
4.253907,1920.000000
4.110374,1920.000000
4.294689,1920.000000
4.283263,1920.000000
4.281231,1920.000000
4.211429,1920.000000
4.247212,1920.000000
4.207900,1920.000000
4.122884,1920.000000
4.191707,1920.000000
4.207647,1920.000000
4.334032,1920.000000
4.293872,1920.000000
4.206569,1920.000000
4.208355,1920.000000
4.328136,1920.000000
4.330051,1920.000000
4.259439,1920.000000
4.150964,1920.000000
4.283023,1920.000000
4.036076,1920.000000
4.363851,1920.000000
4.222128,1920.000000
4.164692,1920.000000
4.200364,1920.000000
4.260398,1920.000000
4.162446,1920.000000
4.321927,1920.000000
4.198153,1920.000000
4.249205,1920.000000
4.357208,1920.000000
4.434146,1920.000000
4.338727,1920.000000
4.231719,1920.000000
4.280180,1920.000000
4.353547,1920.000000
4.532883,1920.000000
4.368249,1920.000000
4.434511,1920.000000
4.262664,1920.000000
4.212847,1920.000000
4.056428,1920.000000
4.294509,1920.000000
4.227599,1920.000000
4.339736,1920.000000
4.099074,1920.000000
4.181019,1920.000000
4.272593,1920.000000
4.348426,1920.000000
4.256366,1920.000000
4.241895,1920.000000
4.436224,1920.000000
4.489504,1920.000000
4.397369,1920.000000
4.368607,1920.000000
4.305109,1920.000000
4.291759,1920.000000
4.253025,1920.000000
4.337233,1920.000000
4.354795,1920.000000
4.257459,1920.000000
4.304958,1920.000000
4.151874,1920.000000
4.377502,1920.000000
4.246034,1920.000000
4.346528,1920.000000
4.205930,1920.000000
4.278182,1920.000000
4.196719,1920.000000
4.180625,1920.000000
4.127297,1920.000000
4.031201,1920.000000
4.277664,1920.000000
4.176289,1920.000000
4.231294,1920.000000
4.219050,1920.000000
4.151186,1920.000000
4.142012,1920.000000
4.306078,1920.000000
4.245316,1920.000000
4.223329,1920.000000
4.174519,1920.000000
4.170477,1920.000000
3.988263,1920.000000
4.222411,1920.000000
4.031555,1920.000000
4.234672,1920.000000
4.143611,1920.000000
4.227154,1920.000000
4.214563,1920.000000
4.062385,1920.000000
4.156053,1920.000000
4.084032,1920.000000
4.295213,1920.000000
4.034515,1920.000000
4.195323,1920.000000
4.198436,1920.000000
4.168300,1920.000000
4.105385,1920.000000
4.340013,1920.000000
4.267215,1920.000000
4.263028,1920.000000
4.260772,1920.000000
4.265386,1920.000000
3.926112,1920.000000
4.199197,1920.000000
4.138241,1920.000000
4.128104,1920.000000
4.183036,1920.000000
4.220597,1920.000000
4.353614,1920.000000
4.168923,1920.000000
4.172065,1920.000000
4.069513,1920.000000
4.311556,1920.000000
4.162334,1920.000000
4.267509,1920.000000
4.195588,1920.000000
4.263502,1920.000000
4.083291,1920.000000
4.312905,1920.000000
4.296817,1920.000000
4.355211,1920.000000
4.306775,1920.000000
4.230934,1920.000000
3.866373,1920.000000
4.462957,1920.000000
4.017964,1920.000000
4.089889,1920.000000
4.002133,1920.000000
4.270289,1920.000000
3.976707,1920.000000
4.081596,1920.000000
4.094500,1920.000000
4.014429,1920.000000
4.332447,1920.000000
4.088463,1920.000000
4.189355,1920.000000
4.192828,1920.000000
4.301184,1920.000000
4.102305,1920.000000
4.262568,1920.000000
4.240036,1920.000000
4.300388,1920.000000
3.938712,1920.000000
4.175571,1920.000000
4.051895,1920.000000
4.323104,1920.000000
4.169421,1920.000000
4.221304,1920.000000
4.086246,1920.000000
4.160022,1920.000000
4.163303,1920.000000
4.137017,1920.000000
4.093400,1920.000000
4.136219,1920.000000
4.197299,1920.000000
4.239174,1920.000000
4.210596,1920.000000
4.335213,1920.000000
4.288632,1920.000000
4.116593,1920.000000
4.320079,1920.000000
4.465853,1920.000000
4.343387,1920.000000
4.482165,1920.000000
4.163121,1920.000000
4.028030,1920.000000
4.487090,1920.000000
4.321314,1920.000000
4.320073,1920.000000
4.303815,1920.000000
4.243962,1920.000000
4.257829,1920.000000
4.185333,1920.000000
4.237350,1920.000000
4.149582,1920.000000
4.463626,1920.000000
4.469573,1920.000000
4.459596,1920.000000
4.441853,1920.000000
4.446578,1920.000000
4.346312,1920.000000
4.463139,1920.000000
4.464894,1920.000000
4.408451,1920.000000
4.468326,1920.000000
4.342952,1920.000000
4.188055,1920.000000
4.423339,1920.000000
4.388818,1920.000000
4.435547,1920.000000
4.467182,1920.000000
4.522423,1920.000000
4.435298,1920.000000
4.564341,1920.000000
4.303539,1920.000000
4.455662,1920.000000
4.535045,1920.000000
4.357059,1920.000000
4.509019,1920.000000
4.491858,1920.000000
4.546739,1920.000000
4.442850,1920.000000
4.723532,1920.000000
4.509320,1920.000000
4.581566,1920.000000
4.436843,1920.000000
4.412824,1920.000000
4.222441,1920.000000
4.351319,1920.000000
4.216556,1920.000000
4.562676,1920.000000
4.367106,1920.000000
4.365076,1920.000000
4.350972,1920.000000
4.281175,1920.000000
4.234585,1920.000000
4.357771,1920.000000
4.408134,1920.000000
4.427377,1920.000000
4.459911,1920.000000
4.346863,1920.000000
4.361713,1920.000000
4.258529,1920.000000
4.469634,1920.000000
4.528943,1920.000000
4.450132,1920.000000
4.473935,1920.000000
4.338961,1920.000000
4.324071,1920.000000
4.480856,1920.000000
4.461760,1920.000000
4.351028,1920.000000
4.504911,1920.000000
4.542918,1920.000000
4.364352,1920.000000
4.571610,1920.000000
4.222084,1920.000000
4.357421,1920.000000
4.537668,1920.000000
4.446323,1920.000000
4.593264,1920.000000
4.450529,1920.000000
4.598540,1920.000000
4.489762,1920.000000
4.845490,1920.000000
4.502118,1920.000000
4.672024,1920.000000
4.509986,1920.000000
4.643899,1920.000000
4.288563,1920.000000
4.607457,1920.000000
4.353713,1920.000000
4.461820,1920.000000
4.219773,1920.000000
4.305367,1920.000000
4.298606,1920.000000
4.363071,1920.000000
4.406192,1920.000000
4.281187,1920.000000
4.445603,1920.000000
4.354985,1920.000000
4.445753,1920.000000
4.566750,1920.000000
4.383428,1920.000000
4.251659,1920.000000
4.547494,1920.000000
4.496149,1920.000000
4.512451,1920.000000
4.374631,1920.000000
4.497721,1920.000000
4.241038,1920.000000
4.602627,1920.000000
4.480198,1920.000000
4.373995,1920.000000
4.385334,1920.000000
4.567199,1920.000000
4.395411,1920.000000
4.417087,1920.000000
4.397915,1920.000000
4.318455,1920.000000
4.489190,1920.000000
4.597234,1920.000000
4.643577,1920.000000
4.565446,1920.000000
4.697820,1920.000000
4.446727,1920.000000
4.758025,1920.000000
4.631536,1920.000000
4.815167,1920.000000
4.633038,1920.000000
4.655710,1920.000000
4.260380,1920.000000
4.751086,1920.000000
4.466943,1920.000000
4.553611,1920.000000
4.360070,1920.000000
4.439532,1920.000000
4.346128,1920.000000
4.605460,1920.000000
4.433695,1920.000000
4.445155,1920.000000
4.609615,1920.000000
4.529537,1920.000000
4.657921,1920.000000
4.421939,1920.000000
4.427540,1920.000000
4.552223,1920.000000
4.645173,1920.000000
4.549694,1920.000000
4.572881,1920.000000
4.537015,1920.000000
4.666473,1920.000000
4.454816,1920.000000
4.629487,1920.000000
4.487228,1920.000000
4.562472,1920.000000
4.378836,1920.000000
4.398054,1920.000000
4.507883,1920.000000
4.398589,1920.000000
4.327002,1920.000000
4.356464,1920.000000
4.533679,1920.000000
4.548609,1920.000000
4.507784,1920.000000
4.383106,1920.000000
4.545314,1920.000000
4.463869,1920.000000
4.586679,1920.000000
4.637504,1920.000000
4.469813,1920.000000
4.522461,1920.000000
4.393912,1920.000000
4.271171,1920.000000
4.635085,1920.000000
4.417569,1920.000000
4.576075,1920.000000
4.582777,1920.000000
4.410059,1920.000000
4.521942,1920.000000
4.339571,1920.000000
4.298256,1920.000000
4.268611,1920.000000
4.596567,1920.000000
4.417930,1920.000000
4.632534,1920.000000
4.616238,1920.000000
4.515804,1920.000000
4.392415,1920.000000
4.599071,1920.000000
4.671651,1920.000000
4.567766,1920.000000
4.433638,1920.000000
4.356888,1920.000000
4.395799,1920.000000
4.433051,1920.000000
4.508133,1920.000000
4.398415,1920.000000
4.550517,1920.000000
4.452203,1920.000000
4.489699,1920.000000
4.377280,1920.000000
4.266988,1920.000000
4.414495,1920.000000
4.475863,1920.000000
4.304948,1920.000000
4.604677,1920.000000
4.524947,1920.000000
4.555233,1920.000000
4.357166,1920.000000
4.704130,1920.000000
4.516421,1920.000000
4.535103,1920.000000
4.512631,1920.000000
4.439407,1920.000000
4.300367,1920.000000
4.390240,1920.000000
4.299426,1920.000000
4.579819,1920.000000
4.259646,1920.000000
4.373455,1920.000000
4.443501,1920.000000
4.254253,1920.000000
4.271939,1920.000000
4.432356,1920.000000
4.296920,1920.000000
4.430508,1920.000000
4.543138,1920.000000
4.548365,1920.000000
4.419724,1920.000000
4.290032,1920.000000
4.472664,1920.000000
4.495028,1920.000000
4.431245,1920.000000
4.369869,1920.000000
4.337237,1920.000000
4.189894,1920.000000
4.640221,1920.000000
4.379572,1920.000000
4.405612,1920.000000
4.550346,1920.000000
4.512714,1920.000000
4.306788,1920.000000
4.449943,1920.000000
4.192022,1920.000000
4.125388,1920.000000
4.464803,1920.000000
4.219301,1920.000000
4.329146,1920.000000
4.382062,1920.000000
4.433571,1920.000000
4.252061,1920.000000
4.557787,1920.000000
4.459333,1920.000000
4.447800,1920.000000
4.226056,1920.000000
4.471501,1920.000000
4.121602,1920.000000
4.684935,1920.000000
4.290156,1920.000000
4.422752,1920.000000
4.222316,1920.000000
4.321831,1920.000000
4.231108,1920.000000
4.275530,1920.000000
4.161051,1920.000000
4.297118,1920.000000
4.297377,1920.000000
4.190097,1920.000000
4.368139,1920.000000
4.419748,1920.000000
4.392555,1920.000000
4.227874,1920.000000
4.338926,1920.000000
4.331213,1920.000000
4.247620,1920.000000
4.164143,1920.000000
4.042436,1920.000000
4.040747,1920.000000
4.409201,1920.000000
4.200279,1920.000000
4.220233,1920.000000
4.243279,1920.000000
4.323655,1920.000000
4.170674,1920.000000
4.239884,1920.000000
4.186625,1920.000000
4.208272,1920.000000
4.355078,1920.000000
4.235041,1920.000000
4.171486,1920.000000
4.380475,1920.000000
4.280131,1920.000000
4.261155,1920.000000
4.361015,1920.000000
4.311859,1920.000000
4.325348,1920.000000
3.976208,1920.000000
4.470705,1920.000000
3.980650,1920.000000
4.274806,1920.000000
4.339128,1920.000000
4.388814,1920.000000
4.156662,1920.000000
4.278687,1920.000000
4.235598,1920.000000
4.236086,1920.000000
4.285981,1920.000000
4.147718,1920.000000
4.227823,1920.000000
4.279500,1920.000000
4.457138,1920.000000
4.146167,1920.000000
4.239470,1920.000000
4.353371,1920.000000
4.295338,1920.000000
4.446760,1920.000000
4.480364,1920.000000
4.266908,1920.000000
4.272378,1920.000000
4.095988,1920.000000
4.395653,1920.000000
4.190681,1920.000000
4.324026,1920.000000
4.212273,1920.000000
4.240939,1920.000000
4.184982,1920.000000
4.404682,1920.000000
4.130994,1920.000000
4.231165,1920.000000
4.396457,1920.000000
4.269199,1920.000000
4.377377,1920.000000
4.299797,1920.000000
4.358870,1920.000000
4.327014,1920.000000
4.491410,1920.000000
4.445510,1920.000000
4.469917,1920.000000
4.255542,1920.000000
4.462991,1920.000000
4.032452,1920.000000
4.387681,1920.000000
4.294844,1920.000000
4.227173,1920.000000
4.092646,1920.000000
4.323960,1920.000000
4.225085,1920.000000
4.227830,1920.000000
4.050723,1920.000000
4.109939,1920.000000
4.225810,1920.000000
4.249358,1920.000000
4.236035,1920.000000
4.170879,1920.000000
4.216663,1920.000000
4.049695,1920.000000
4.356770,1920.000000
4.162257,1920.000000
4.241696,1920.000000
4.033563,1920.000000
4.174161,1920.000000
3.913022,1920.000000
4.190180,1920.000000
4.118499,1920.000000
4.091884,1920.000000
4.142754,1920.000000
4.216029,1920.000000
4.186628,1920.000000
4.207981,1920.000000
4.183359,1920.000000
4.056993,1920.000000
4.272912,1920.000000
4.210690,1920.000000
4.316241,1920.000000
4.226300,1920.000000
4.169224,1920.000000
4.059140,1920.000000
4.202170,1920.000000
4.170823,1920.000000
4.318751,1920.000000
4.107896,1920.000000
4.227968,1920.000000
3.965199,1920.000000
4.347236,1920.000000
4.078725,1920.000000
4.166810,1920.000000
4.028563,1920.000000
4.228981,1920.000000
4.253448,1920.000000
4.143257,1920.000000
4.259864,1920.000000
4.162173,1920.000000
4.366392,1920.000000
4.122402,1920.000000
4.362476,1920.000000
4.325603,1920.000000
4.355444,1920.000000
4.268023,1920.000000
4.199786,1920.000000
4.175418,1920.000000
4.159096,1920.000000
4.208840,1920.000000
4.118325,1920.000000
3.878036,1920.000000
4.312929,1920.000000
4.056203,1920.000000
4.255575,1920.000000
4.211624,1920.000000
4.243766,1920.000000
4.088627,1920.000000
4.067310,1920.000000
4.079102,1920.000000
4.103767,1920.000000
4.267985,1920.000000
3.966846,1920.000000
4.138465,1920.000000
4.068414,1920.000000
4.258787,1920.000000
4.098561,1920.000000
4.313406,1920.000000
4.315191,1920.000000
4.350720,1920.000000
4.154921,1920.000000
4.271639,1920.000000
4.037845,1920.000000
4.290440,1920.000000
4.129887,1920.000000
4.252789,1920.000000
4.168448,1920.000000
4.212705,1920.000000
4.097676,1920.000000
4.220175,1920.000000
4.085880,1920.000000
4.104222,1920.000000
4.253749,1920.000000
4.235929,1920.000000
4.216337,1920.000000
4.304922,1920.000000
4.204523,1920.000000
4.188670,1920.000000
4.409960,1920.000000
4.495042,1920.000000
4.334640,1920.000000
4.384836,1920.000000
4.253064,1920.000000
4.031487,1920.000000
4.379470,1920.000000
4.240780,1920.000000
4.187301,1920.000000
4.308316,1920.000000
4.314586,1920.000000
4.231339,1920.000000
4.132687,1920.000000
4.277782,1920.000000
4.320643,1920.000000
4.412405,1920.000000
4.373465,1920.000000
4.336395,1920.000000
4.380170,1920.000000
4.381912,1920.000000
4.475025,1920.000000
4.515616,1920.000000
4.336801,1920.000000
4.380320,1920.000000
4.400846,1920.000000
4.373705,1920.000000
4.201805,1920.000000
4.520514,1920.000000
4.499019,1920.000000
4.489101,1920.000000
4.308222,1920.000000
4.544819,1920.000000
4.415879,1920.000000
4.583466,1920.000000
4.205442,1920.000000
4.372756,1920.000000
4.610914,1920.000000
4.412390,1920.000000
4.553823,1920.000000
4.445537,1920.000000
4.350501,1920.000000
4.445098,1920.000000
4.700671,1920.000000
4.620046,1920.000000
4.668446,1920.000000
4.385815,1920.000000
4.402441,1920.000000
4.370815,1920.000000
4.431379,1920.000000
4.315399,1920.000000
4.449167,1920.000000
4.370754,1920.000000
4.534289,1920.000000
4.335224,1920.000000
4.302961,1920.000000
4.295658,1920.000000
4.273873,1920.000000
4.474529,1920.000000
4.388885,1920.000000
4.421853,1920.000000
4.354074,1920.000000
4.470441,1920.000000
4.241826,1920.000000
4.467179,1920.000000
4.611199,1920.000000
4.449335,1920.000000
4.461616,1920.000000
4.461084,1920.000000
4.339463,1920.000000
4.522098,1920.000000
4.508110,1920.000000
4.368272,1920.000000
4.581315,1920.000000
4.453125,1920.000000
4.305441,1920.000000
4.587029,1920.000000
4.260494,1920.000000
4.402570,1920.000000
4.510655,1920.000000
4.370731,1920.000000
4.377754,1920.000000
4.451728,1920.000000
4.588862,1920.000000
4.428954,1920.000000
4.692627,1920.000000
4.571678,1920.000000
4.648040,1920.000000
4.470615,1920.000000
4.460177,1920.000000
4.196063,1920.000000
4.539810,1920.000000
4.415443,1920.000000
4.441986,1920.000000
4.350478,1920.000000
4.330983,1920.000000
4.369191,1920.000000
4.408422,1920.000000
4.357041,1920.000000
4.273444,1920.000000
4.569805,1920.000000
4.360413,1920.000000
4.457862,1920.000000
4.471743,1920.000000
4.450449,1920.000000
4.310291,1920.000000
4.598326,1920.000000
4.460537,1920.000000
4.369539,1920.000000
4.362064,1920.000000
4.490030,1920.000000
4.278584,1920.000000
4.566652,1920.000000
4.458391,1920.000000
4.411062,1920.000000
4.528202,1920.000000
4.571410,1920.000000
4.257816,1920.000000
4.388700,1920.000000
4.365423,1920.000000
4.464145,1920.000000
4.586838,1920.000000
4.526654,1920.000000
4.660888,1920.000000
4.580960,1920.000000
4.777567,1920.000000
4.432445,1920.000000
4.877944,1920.000000
4.602551,1920.000000
4.768990,1920.000000
4.582740,1920.000000
4.669024,1920.000000
4.346960,1920.000000
4.670266,1920.000000
4.296231,1920.000000
4.633441,1920.000000
4.535834,1920.000000
4.565031,1920.000000
4.320934,1920.000000
4.635584,1920.000000
4.283532,1920.000000
4.460332,1920.000000
4.503693,1920.000000
4.507469,1920.000000
4.604657,1920.000000
4.393014,1920.000000
4.527535,1920.000000
4.658649,1920.000000
4.690763,1920.000000
4.578258,1920.000000
4.502500,1920.000000
4.545667,1920.000000
4.546143,1920.000000
4.369009,1920.000000
4.623305,1920.000000
4.552863,1920.000000
4.547639,1920.000000
4.446907,1920.000000
4.332638,1920.000000
4.382321,1920.000000
4.458954,1920.000000
4.298012,1920.000000
4.283540,1920.000000
4.527611,1920.000000
4.606526,1920.000000
4.641088,1920.000000
4.631163,1920.000000
4.379048,1920.000000
4.426862,1920.000000
4.740776,1920.000000
4.588680,1920.000000
4.601868,1920.000000
4.515789,1920.000000
4.460400,1920.000000
4.243382,1920.000000
4.503934,1920.000000
4.381206,1920.000000
4.531843,1920.000000
4.458365,1920.000000
4.393994,1920.000000
4.523518,1920.000000
4.534567,1920.000000
4.285934,1920.000000
4.430943,1920.000000
4.541113,1920.000000
4.403379,1920.000000
4.531493,1920.000000
4.402688,1920.000000
4.446926,1920.000000
4.514550,1920.000000
4.687075,1920.000000
4.548490,1920.000000
4.529525,1920.000000
4.372071,1920.000000
4.530071,1920.000000
4.335973,1920.000000
4.517522,1920.000000
4.314601,1920.000000
4.494127,1920.000000
4.369851,1920.000000
4.485424,1920.000000
4.499586,1920.000000
4.351141,1920.000000
4.355526,1920.000000
4.287486,1920.000000
4.723368,1920.000000
4.376926,1920.000000
4.516608,1920.000000
4.568528,1920.000000
4.429700,1920.000000
4.453852,1920.000000
4.655946,1920.000000
4.510949,1920.000000
4.503975,1920.000000
4.476612,1920.000000
4.476555,1920.000000
4.284080,1920.000000
4.522369,1920.000000
4.351839,1920.000000
4.279377,1920.000000
4.211666,1920.000000
4.394091,1920.000000
4.464402,1920.000000
4.377948,1920.000000
4.276151,1920.000000
4.271138,1920.000000
4.501914,1920.000000
4.354745,1920.000000
4.457415,1920.000000
4.435269,1920.000000
4.500210,1920.000000
4.254436,1920.000000
4.612233,1920.000000
4.406254,1920.000000
4.427337,1920.000000
4.425558,1920.000000
4.400808,1920.000000
4.197391,1920.000000
4.535850,1920.000000
4.448142,1920.000000
4.486678,1920.000000
4.428250,1920.000000
4.447187,1920.000000
4.304010,1920.000000
4.270861,1920.000000
4.233631,1920.000000
4.153921,1920.000000
4.333734,1920.000000
4.367465,1920.000000
4.528171,1920.000000
4.471739,1920.000000
4.548236,1920.000000
4.383569,1920.000000
4.483551,1920.000000
4.332307,1920.000000
4.332894,1920.000000
4.400621,1920.000000
4.370909,1920.000000
4.229648,1920.000000
4.559100,1920.000000
4.203250,1920.000000
4.332935,1920.000000
4.189714,1920.000000
4.443178,1920.000000
4.124073,1920.000000
4.289653,1920.000000
4.361801,1920.000000
4.186067,1920.000000
4.205424,1920.000000
4.252024,1920.000000
4.301769,1920.000000
4.355295,1920.000000
4.356038,1920.000000
4.233420,1920.000000
4.379850,1920.000000
4.284353,1920.000000
4.397455,1920.000000
4.249186,1920.000000
4.271398,1920.000000
4.102386,1920.000000
4.374172,1920.000000
4.169702,1920.000000
4.343767,1920.000000
4.207242,1920.000000
4.276873,1920.000000
4.121251,1920.000000
4.248445,1920.000000
4.271193,1920.000000
4.071642,1920.000000
4.347590,1920.000000
4.143076,1920.000000
4.257734,1920.000000
4.276285,1920.000000
4.262358,1920.000000
4.193481,1920.000000
4.330836,1920.000000
4.339481,1920.000000
4.170441,1920.000000
4.296619,1920.000000
4.235707,1920.000000
4.049112,1920.000000
4.366665,1920.000000
4.260789,1920.000000
4.211158,1920.000000
4.249494,1920.000000
4.220842,1920.000000
4.281747,1920.000000
4.148675,1920.000000
4.264425,1920.000000
4.125934,1920.000000
4.315177,1920.000000
4.290900,1920.000000
4.458364,1920.000000
4.347777,1920.000000
4.283395,1920.000000
4.189028,1920.000000
4.414716,1920.000000
4.392442,1920.000000
4.445647,1920.000000
4.276135,1920.000000
4.081455,1920.000000
3.958579,1920.000000
4.433960,1920.000000
4.307782,1920.000000
4.242205,1920.000000
4.174947,1920.000000
4.273960,1920.000000
4.318817,1920.000000
4.410001,1920.000000
4.243955,1920.000000
4.158469,1920.000000
4.427177,1920.000000
4.307316,1920.000000
4.472050,1920.000000
4.415688,1920.000000
4.322086,1920.000000
4.312926,1920.000000
4.486268,1920.000000
4.392334,1920.000000
4.484760,1920.000000
4.278465,1920.000000
4.376192,1920.000000
3.996399,1920.000000
4.315162,1920.000000
4.198074,1920.000000
4.320788,1920.000000
4.217080,1920.000000
4.310854,1920.000000
4.076230,1920.000000
4.097309,1920.000000
4.092956,1920.000000
4.036153,1920.000000
4.114083,1920.000000
4.130335,1920.000000
4.283655,1920.000000
4.311026,1920.000000
4.215516,1920.000000
4.094503,1920.000000
4.227302,1920.000000
4.236657,1920.000000
4.296602,1920.000000
4.252624,1920.000000
4.263195,1920.000000
4.091883,1920.000000
4.114539,1920.000000
4.103955,1920.000000
4.154760,1920.000000
4.110290,1920.000000
4.220011,1920.000000
4.126676,1920.000000
4.106170,1920.000000
4.002849,1920.000000
4.198673,1920.000000
4.246458,1920.000000
4.190220,1920.000000
4.204252,1920.000000
4.150316,1920.000000
4.196060,1920.000000
4.041852,1920.000000
4.411295,1920.000000
4.250686,1920.000000
4.278206,1920.000000
4.072977,1920.000000
4.264886,1920.000000
4.036143,1920.000000
4.371442,1920.000000
4.029894,1920.000000
4.265249,1920.000000
4.075438,1920.000000
4.355550,1920.000000
4.132300,1920.000000
4.217783,1920.000000
3.994848,1920.000000
4.064126,1920.000000
4.346508,1920.000000
4.106997,1920.000000
4.309646,1920.000000
4.169034,1920.000000
4.331162,1920.000000
4.162656,1920.000000
4.315287,1920.000000
4.318752,1920.000000
4.405498,1920.000000
4.060059,1920.000000
4.318912,1920.000000
3.955722,1920.000000
4.271952,1920.000000
4.170998,1920.000000
4.139792,1920.000000
4.090456,1920.000000
4.202145,1920.000000
4.104634,1920.000000
4.077410,1920.000000
4.121294,1920.000000
4.169240,1920.000000
4.110528,1920.000000
3.937112,1920.000000
4.240490,1920.000000
4.132036,1920.000000
4.269818,1920.000000
4.137220,1920.000000
4.299522,1920.000000
4.211563,1920.000000
4.258905,1920.000000
4.095797,1920.000000
4.191103,1920.000000
4.052169,1920.000000
4.280760,1920.000000
4.083828,1920.000000
4.302337,1920.000000
4.076606,1920.000000
4.264990,1920.000000
4.081238,1920.000000
4.072135,1920.000000
4.039881,1920.000000
4.174848,1920.000000
4.113840,1920.000000
4.347347,1920.000000
4.328393,1920.000000
4.194614,1920.000000
4.209828,1920.000000
4.249468,1920.000000
4.544674,1920.000000
4.448648,1920.000000
4.422095,1920.000000
4.390703,1920.000000
4.271185,1920.000000
4.178439,1920.000000
4.378511,1920.000000
4.237700,1920.000000
4.355042,1920.000000
4.283127,1920.000000
4.266847,1920.000000
4.257497,1920.000000
4.157590,1920.000000
4.189742,1920.000000
4.211079,1920.000000
4.422349,1920.000000
4.290842,1920.000000
4.309951,1920.000000
4.433018,1920.000000
4.582080,1920.000000
4.415101,1920.000000
4.380718,1920.000000
4.413239,1920.000000
4.402563,1920.000000
4.443380,1920.000000
4.486395,1920.000000
4.238753,1920.000000
4.520515,1920.000000
4.380626,1920.000000
4.458207,1920.000000
4.393835,1920.000000
4.613476,1920.000000
4.514391,1920.000000
4.431608,1920.000000
4.304043,1920.000000
4.338251,1920.000000
4.462037,1920.000000
4.413068,1920.000000
4.323016,1920.000000
4.457812,1920.000000
4.463943,1920.000000
4.262428,1920.000000
4.710122,1920.000000
4.560260,1920.000000
4.577513,1920.000000
4.478593,1920.000000
4.381311,1920.000000
4.382714,1920.000000
4.399075,1920.000000
4.413076,1920.000000
4.522565,1920.000000
4.494762,1920.000000
4.447450,1920.000000
4.321314,1920.000000
4.301250,1920.000000
4.413704,1920.000000
4.287494,1920.000000
4.504816,1920.000000
4.447825,1920.000000
4.472501,1920.000000
4.404165,1920.000000
4.483132,1920.000000
4.294184,1920.000000
4.446889,1920.000000
4.569372,1920.000000
4.469572,1920.000000
4.437584,1920.000000
4.495333,1920.000000
4.325026,1920.000000
4.449731,1920.000000
4.428292,1920.000000
4.389778,1920.000000
4.359463,1920.000000
4.458579,1920.000000
4.398186,1920.000000
4.343433,1920.000000
4.290287,1920.000000
4.450678,1920.000000
4.577658,1920.000000
4.432879,1920.000000
4.586107,1920.000000
4.413927,1920.000000
4.649382,1920.000000
4.422966,1920.000000
4.820476,1920.000000
4.636892,1920.000000
4.624551,1920.000000
4.463464,1920.000000
4.554005,1920.000000
4.075880,1920.000000
4.597512,1920.000000
4.329624,1920.000000
4.450147,1920.000000
4.379547,1920.000000
4.331575,1920.000000
4.364038,1920.000000
4.361177,1920.000000
4.390142,1920.000000
4.309772,1920.000000
4.382316,1920.000000
4.427414,1920.000000
4.414037,1920.000000
4.456241,1920.000000
4.314997,1920.000000
4.307330,1920.000000
4.434402,1920.000000
4.583440,1920.000000
4.580012,1920.000000
4.372855,1920.000000
4.529960,1920.000000
4.200571,1920.000000
4.581687,1920.000000
4.460867,1920.000000
4.456200,1920.000000
4.407177,1920.000000
4.531895,1920.000000
4.372985,1920.000000
4.515580,1920.000000
4.407277,1920.000000
4.361722,1920.000000
4.552750,1920.000000
4.558914,1920.000000
4.721513,1920.000000
4.619131,1920.000000
4.723342,1920.000000
4.513141,1920.000000
4.715701,1920.000000
4.465135,1920.000000
4.602505,1920.000000
4.549373,1920.000000
4.689514,1920.000000
4.470715,1920.000000
4.851666,1920.000000
4.392744,1920.000000
4.459202,1920.000000
4.439097,1920.000000
4.427584,1920.000000
4.335590,1920.000000
4.620471,1920.000000
4.341274,1920.000000
4.451134,1920.000000
4.671737,1920.000000
4.376245,1920.000000
4.491373,1920.000000
4.451591,1920.000000
4.642523,1920.000000
4.571215,1920.000000
4.771746,1920.000000
4.697223,1920.000000
4.473679,1920.000000
4.442721,1920.000000
4.582526,1920.000000
4.363193,1920.000000
4.723498,1920.000000
4.489216,1920.000000
4.482930,1920.000000
4.395709,1920.000000
4.568986,1920.000000
4.403886,1920.000000
4.490035,1920.000000
4.317960,1920.000000
4.315521,1920.000000
4.558143,1920.000000
4.494664,1920.000000
4.449830,1920.000000
4.603736,1920.000000
4.462643,1920.000000
4.412009,1920.000000
4.707655,1920.000000
4.626426,1920.000000
4.539491,1920.000000
4.395633,1920.000000
4.282490,1920.000000
4.324158,1920.000000
4.487081,1920.000000
4.540168,1920.000000
4.670153,1920.000000
4.469856,1920.000000
4.474490,1920.000000
4.459133,1920.000000
4.366259,1920.000000
4.489843,1920.000000
4.299366,1920.000000
4.422224,1920.000000
4.500578,1920.000000
4.586153,1920.000000
4.465740,1920.000000
4.458758,1920.000000
4.522592,1920.000000
4.683222,1920.000000
4.633253,1920.000000
4.464136,1920.000000
4.417486,1920.000000
4.540089,1920.000000
4.292893,1920.000000
4.475475,1920.000000
4.513563,1920.000000
4.441764,1920.000000
4.483773,1920.000000
4.393778,1920.000000
4.521854,1920.000000
4.367664,1920.000000
4.362986,1920.000000
4.323494,1920.000000
4.566414,1920.000000
4.458188,1920.000000
4.712839,1920.000000
4.658748,1920.000000
4.403843,1920.000000
4.423729,1920.000000
4.604835,1920.000000
4.510838,1920.000000
4.521968,1920.000000
4.248180,1920.000000
4.333488,1920.000000
4.185255,1920.000000
4.571989,1920.000000
4.240241,1920.000000
4.393255,1920.000000
4.325886,1920.000000
4.383484,1920.000000
4.258494,1920.000000
4.448139,1920.000000
4.203981,1920.000000
4.402052,1920.000000
4.611760,1920.000000
4.480995,1920.000000
4.501644,1920.000000
4.571059,1920.000000
4.347843,1920.000000
4.202525,1920.000000
4.566073,1920.000000
4.513896,1920.000000
4.390014,1920.000000
4.555367,1920.000000
4.309713,1920.000000
4.303157,1920.000000
4.495357,1920.000000
4.408169,1920.000000
4.422126,1920.000000
4.362723,1920.000000
4.430585,1920.000000
4.299132,1920.000000
4.389383,1920.000000
4.247820,1920.000000
4.157004,1920.000000
4.567976,1920.000000
4.270881,1920.000000
4.503372,1920.000000
4.290683,1920.000000
4.475426,1920.000000
4.290467,1920.000000
4.528696,1920.000000
4.399953,1920.000000
4.434221,1920.000000
4.311802,1920.000000
4.452658,1920.000000
4.200334,1920.000000
4.533936,1920.000000
4.294925,1920.000000
4.459207,1920.000000
4.309747,1920.000000
4.345918,1920.000000
4.195865,1920.000000
4.334302,1920.000000
4.328102,1920.000000
4.166894,1920.000000
4.320061,1920.000000
4.168912,1920.000000
4.448328,1920.000000
4.211723,1920.000000
4.249855,1920.000000
4.186793,1920.000000
4.422461,1920.000000
4.369202,1920.000000
4.265518,1920.000000
4.250348,1920.000000
4.214968,1920.000000
3.963811,1920.000000
4.415112,1920.000000
4.152880,1920.000000
4.327662,1920.000000
4.275510,1920.000000
4.370501,1920.000000
4.140725,1920.000000
4.235148,1920.000000
4.191024,1920.000000
4.001367,1920.000000
4.385712,1920.000000
4.276536,1920.000000
4.183725,1920.000000
4.370684,1920.000000
4.193701,1920.000000
4.200033,1920.000000
4.175274,1920.000000
4.420080,1920.000000
4.369695,1920.000000
4.222390,1920.000000
4.249136,1920.000000
4.096811,1920.000000
4.424618,1920.000000
4.262764,1920.000000
4.288937,1920.000000
4.190012,1920.000000
4.327497,1920.000000
4.144327,1920.000000
4.259636,1920.000000
4.219137,1920.000000
4.286995,1920.000000
4.350254,1920.000000
4.174530,1920.000000
4.417501,1920.000000
4.224297,1920.000000
4.429254,1920.000000
4.194602,1920.000000
4.392492,1920.000000
4.346031,1920.000000
4.364421,1920.000000
4.324380,1920.000000
4.139588,1920.000000
3.955382,1920.000000
4.296204,1920.000000
4.349705,1920.000000
4.319938,1920.000000
4.219188,1920.000000
4.273894,1920.000000
4.282507,1920.000000
4.333240,1920.000000
4.150552,1920.000000
4.262977,1920.000000
4.298575,1920.000000
4.331542,1920.000000
4.385694,1920.000000
4.414650,1920.000000
4.210219,1920.000000
4.418852,1920.000000
4.399652,1920.000000
4.446403,1920.000000
4.327214,1920.000000
4.352280,1920.000000
4.390290,1920.000000
4.121041,1920.000000
4.371209,1920.000000
4.172713,1920.000000
4.223158,1920.000000
4.159467,1920.000000
4.274499,1920.000000
4.213561,1920.000000
4.134621,1920.000000
4.104158,1920.000000
4.031384,1920.000000
4.195196,1920.000000
4.204337,1920.000000
4.138227,1920.000000
4.205695,1920.000000
4.107038,1920.000000
4.130935,1920.000000
4.301217,1920.000000
4.148641,1920.000000
4.268284,1920.000000
4.181367,1920.000000
4.235955,1920.000000
3.927425,1920.000000
4.096627,1920.000000
3.990033,1920.000000
4.237350,1920.000000
4.168155,1920.000000
4.289612,1920.000000
4.246034,1920.000000
4.197400,1920.000000
4.083771,1920.000000
4.086804,1920.000000
4.259178,1920.000000
4.177355,1920.000000
4.210273,1920.000000
4.273039,1920.000000
4.141845,1920.000000
4.238737,1920.000000
4.225374,1920.000000
4.237863,1920.000000
4.237150,1920.000000
4.254760,1920.000000
4.295016,1920.000000
4.005516,1920.000000
4.147186,1920.000000
4.120125,1920.000000
4.283460,1920.000000
4.219149,1920.000000
4.217267,1920.000000
4.248739,1920.000000
4.202845,1920.000000
4.074218,1920.000000
4.034406,1920.000000
4.338756,1920.000000
4.088191,1920.000000
4.416261,1920.000000
4.184269,1920.000000
4.246432,1920.000000
4.192083,1920.000000
4.364294,1920.000000
4.223688,1920.000000
4.349507,1920.000000
4.078073,1920.000000
4.195212,1920.000000
3.810309,1920.000000
4.289593,1920.000000
4.127874,1920.000000
4.195457,1920.000000
4.172895,1920.000000
4.170135,1920.000000
4.093717,1920.000000
4.173943,1920.000000
4.080794,1920.000000
3.981693,1920.000000
4.258213,1920.000000
4.207792,1920.000000
4.162113,1920.000000
4.163193,1920.000000
4.192944,1920.000000
4.063655,1920.000000
4.189666,1920.000000
4.288495,1920.000000
4.291885,1920.000000
4.108123,1920.000000
4.243530,1920.000000
3.931309,1920.000000
4.284399,1920.000000
4.192957,1920.000000
4.169808,1920.000000
4.059197,1920.000000
4.272919,1920.000000
4.093101,1920.000000
4.120534,1920.000000
4.087659,1920.000000
4.047270,1920.000000
4.364038,1920.000000
4.313507,1920.000000
4.176293,1920.000000
4.363757,1920.000000
4.349873,1920.000000
4.145803,1920.000000
4.322952,1920.000000
4.347118,1920.000000
4.338535,1920.000000
4.316866,1920.000000
4.207747,1920.000000
4.124565,1920.000000
4.579841,1920.000000
4.336631,1920.000000
4.253652,1920.000000
4.244888,1920.000000
4.183692,1920.000000
4.212046,1920.000000
4.250107,1920.000000
4.246332,1920.000000
4.329838,1920.000000
4.345036,1920.000000
4.378723,1920.000000
4.348761,1920.000000
4.476817,1920.000000
4.412759,1920.000000
4.340701,1920.000000
4.579316,1920.000000
4.420067,1920.000000
4.410166,1920.000000
4.457822,1920.000000
4.604437,1920.000000
4.244001,1920.000000
4.551390,1920.000000
4.525442,1920.000000
4.419126,1920.000000
4.372180,1920.000000
4.446770,1920.000000
4.317993,1920.000000
4.422987,1920.000000
4.370692,1920.000000
4.351336,1920.000000
4.507978,1920.000000
4.401446,1920.000000
4.549601,1920.000000
4.359735,1920.000000
4.468922,1920.000000
4.344578,1920.000000
4.668359,1920.000000
4.528200,1920.000000
4.713133,1920.000000
4.484079,1920.000000
4.416731,1920.000000
4.448240,1920.000000
4.304587,1920.000000
4.377888,1920.000000
4.339832,1920.000000
4.349256,1920.000000
4.425291,1920.000000
4.381642,1920.000000
4.330472,1920.000000
4.300724,1920.000000
4.352680,1920.000000
4.383190,1920.000000
4.298581,1920.000000
4.712345,1920.000000
89.574429,1920.000000
56.741739,1920.000000
73.203272,1920.000000
102.775962,1920.000000
88.561235,1920.000000
98.008609,1920.000000
50.986156,1920.000000
108.008333,1920.000000
117.143868,1920.000000
210.963222,1920.000000
46.551345,1920.000000
77.053984,1920.000000
71.166794,1920.000000
77.201336,1920.000000
122.846999,1920.000000
180.804780,1920.000000
94.064737,1920.000000
108.663152,1920.000000
34.783837,1920.000000
53.276455,1920.000000
57.619759,1920.000000
