2,20,2,3,4474040,0.779516
3,3,8,1,2,0.747315
2,14,2,0,2,0.495405
3,0,19,3,1,0.319539
3,12,20,0,3,0.322483
2,2,2,3,3,0.271975
3,20,13,0,1,0.228338
3,11,11,3,2,0.213200
2,10,3,0,2,0.178079
0,3,1,3,2,0.180714
3,20,1,0,3,0.162497
3,3,8,2,2,0.186609
2,4,3,0,2,0.167500
3,20,16,0,0,0.164708
0,1,3,0,0,0.153653
2,14,3,2,0,0.133886
3,3,8,0,2,0.152985
2,8,3,2,2,0.137483
2,12,3,2,2,0.116851
0,2,1,0,2,0.128643
0,0,2,2,2,0.098024
0,0,2,1,2,0.100549
2,17,3,2,2,0.103140
2,14,3,2,2,0.102223
2,7,3,0,2,0.120373
2,0,3,2,2,0.097535
3,19,19,0,0,0.093176
3,18,20,0,2,0.092546
3,5,11,2,3,0.093928
3,3,8,0,2,0.112209
3,0,19,2,1,0.094215
3,16,8,0,0,0.097736
0,2,3,0,0,0.080599
2,2,3,0,0,0.077768
3,2,20,2,2,0.083481
0,3,2,2,2,0.088659
3,7,20,0,0,0.086774
3,1,1,0,1,0.075162
2,14,3,0,1,0.070076
2,14,3,2,1,0.080808
2,14,2,0,1,0.066966
3,20,17,0,1,0.071618
0,1,3,2,1,0.083289
3,0,19,0,1,0.079255
3,19,20,0,2,0.063324
0,2,3,2,2,0.065064
2,12,2,0,2,0.059418
2,8,2,0,2,0.065978
2,17,2,0,2,0.056066
3,19,0,3,1,0.062183
3,16,20,0,1,0.065258
3,6,17,2,2,0.061435
3,6,17,0,3,0.065248
0,2,2,0,3,0.053696
3,20,11,0,3,0.052678
3,11,11,3,2,0.057316
3,12,11,2,1,0.068192
3,18,15,0,2,0.054043
3,9,18,2,1,0.058646
3,0,19,0,1,0.058679
2,0,3,0,1,0.052205
3,3,7,0,3,0.063157
3,15,19,0,2,0.057386
2,19,2,2,2,0.050758
2,20,2,0,2,0.056436
3,20,2,2,2,0.057229
2,9,2,2,2,0.054653
2,14,2,2,2,0.049595
0,3,2,0,2,0.051837
2,10,3,0,2,0.046088
3,15,10,3,2,0.054402
2,14,3,0,2,0.046026
2,15,3,0,2,0.061318
2,13,3,0,2,0.045233
3,20,16,0,1,0.049289
3,9,18,0,3,0.045817
2,4,3,0,3,0.041545
2,5,1,3,3,0.045623
3,17,6,0,2,0.037323
3,5,11,2,2,0.043317
3,20,17,0,1,0.048586
2,14,3,0,1,0.038108
2,14,2,2,1,0.048780
3,3,8,3,3,0.060468
2,8,2,2,3,0.048274
2,20,3,0,3,0.046772
2,20,2,2,3,0.045502
2,14,3,0,3,0.039613
2,14,3,0,3,0.040036
2,3,2,3,3,0.041131
3,2,20,0,1,0.042429
0,0,3,0,1,0.036884
0,1,3,0,1,0.033361
3,19,15,3,3,0.038004
0,2,1,3,3,0.033237
3,17,13,3,1,0.034346
2,10,2,3,1,0.031632
3,10,10,3,2,0.042105
3,15,10,3,1,0.040468
0,3,2,3,1,0.032134
2,2,2,0,1,0.032612
0,3,2,2,1,0.036555
3,17,13,0,1,0.038030
3,19,0,2,3,0.037660
2,0,1,2,3,0.032995
2,19,1,2,3,0.034049
3,6,20,0,3,0.037728
2,6,1,2,3,0.033833
3,6,17,2,3,0.028310
3,16,4,2,1,0.029466
2,4,1,2,1,0.033373
3,16,4,2,3,0.031741
2,4,2,0,3,0.041162
2,7,3,0,3,0.031490
3,20,7,2,3,0.033471
3,20,17,3,1,0.033523
2,17,1,3,1,0.033087
3,1,1,0,3,0.029530
2,12,1,2,3,0.029897
2,14,1,2,3,0.027557
3,16,20,2,2,0.033025
2,2,1,2,2,0.035920
3,6,17,0,0,0.037778
2,14,1,2,0,0.029793
3,18,5,2,0,0.029877
3,3,20,2,3,0.031383
3,5,11,2,1,0.030067
3,19,15,2,2,0.030846
3,5,11,2,1,0.028686
3,16,8,2,0,0.029053
2,11,1,3,0,0.029017
3,11,11,3,1,0.031719
2,14,1,2,1,0.026582
2,20,1,3,1,0.030877
2,11,1,2,1,0.029467
3,2,20,3,0,0.024640
2,2,1,3,0,0.027842
3,0,18,2,3,0.026706
3,16,4,3,2,0.027670
2,4,1,2,2,0.028051
2,20,1,3,2,0.026896
3,17,13,2,1,0.026765
0,3,1,3,1,0.027203
3,0,18,0,3,0.022376
2,18,1,0,3,0.027498
2,6,2,2,3,0.030016
2,10,1,0,3,0.029825
3,16,8,2,0,0.029414
3,16,1,0,2,0.026171
3,15,10,2,3,0.025730
0,3,1,0,3,0.025454
3,20,16,0,2,0.024383
2,8,2,0,2,0.024950
2,8,3,0,2,0.028141
2,2,2,2,2,0.026166
2,10,3,1,2,0.025852
2,19,2,2,2,0.025829
0,1,3,1,2,0.025522
3,16,1,2,0,0.022933
2,16,2,0,0,0.025278
3,6,20,0,0,0.021921
3,7,20,0,1,0.023133
3,7,20,0,0,0.023487
2,6,2,0,0,0.022517
3,20,16,0,2,0.022178
0,1,3,0,2,0.019639
2,4,2,0,2,0.019940
2,4,2,0,2,0.023127
3,4,17,0,1,0.023569
2,17,2,2,1,0.025691
0,2,2,0,1,0.020236
2,4,2,2,1,0.021756
3,17,4,0,1,0.030637
2,19,2,2,1,0.023813
3,1,12,0,0,0.048833
0,0,2,0,0,0.041942
3,15,19,2,2,0.026629
3,15,19,0,3,0.027629
3,16,1,0,1,0.023605
3,16,1,2,2,0.020899
3,15,19,0,0,0.022291
2,10,2,2,0,0.022632
3,15,10,0,1,0.021858
2,8,2,2,1,0.023033
2,12,1,0,1,0.023976
2,9,2,2,1,0.018485
2,2,3,1,1,0.018739
3,2,20,0,1,0.021310
3,9,18,0,3,0.022151
3,20,16,2,1,0.021785
2,2,3,1,1,0.021628
3,20,2,2,1,0.020263
3,20,2,0,2,0.019833
2,7,2,0,2,0.018481
3,20,7,0,3,0.021490
3,20,3,2,1,0.021714
2,2,2,1,1,0.019214
2,2,1,2,1,0.021946
3,16,4,0,2,0.022109
2,4,1,2,2,0.021949
2,20,2,1,2,0.019128
2,19,1,2,2,0.021871
3,15,19,1,0,0.020790
2,9,1,2,0,0.019951
2,10,2,1,0,0.021800
0,1,1,2,0,0.021930
2,13,2,1,0,0.019776
3,7,20,2,0,0.019356
2,0,2,1,0,0.019260
2,12,3,1,0,0.016010
2,0,2,1,0,0.020166
3,12,11,2,1,0.018551
3,16,4,0,2,0.018173
3,6,20,2,0,0.019199
2,6,3,1,0,0.019280
2,6,2,2,0,0.021860
2,20,2,1,0,0.021836
0,3,2,2,0,0.020766
2,14,2,0,0,0.018516
3,4,17,1,1,0.018801
2,17,3,1,1,0.017372
2,14,3,1,1,0.016360
2,14,2,2,1,0.020029
3,17,13,0,1,0.016736
2,4,2,2,1,0.019830
3,16,4,0,2,0.020148
2,18,3,1,2,0.017426
2,18,3,1,2,0.020642
2,6,2,2,2,0.022102
3,9,18,0,3,0.018952
3,16,7,2,1,0.016612
3,16,7,1,3,0.018558
2,18,2,2,3,0.020424
3,18,5,1,3,0.018728
2,5,3,1,3,0.018155
0,0,2,2,3,0.017161
2,2,3,1,3,0.015036
3,1,16,1,3,0.017539
3,19,15,1,3,0.016460
3,0,18,1,3,0.016274
0,1,3,1,3,0.016851
3,4,16,0,0,0.015011
3,16,1,0,2,0.020810
3,1,1,3,1,0.018702
2,1,2,0,1,0.019069
3,1,16,0,1,0.018127
3,16,1,0,2,0.016440
3,18,5,0,2,0.015618
2,14,2,2,2,0.017637
2,17,2,0,2,0.017683
2,2,2,2,2,0.018090
3,1,1,0,1,0.017205
3,7,20,0,1,0.014691
3,7,20,2,0,0.017193
3,7,20,0,1,0.015150
3,17,13,2,1,0.016098
3,15,10,0,1,0.014030
3,15,10,0,3,0.019293
2,10,2,0,3,0.015649
2,10,2,0,3,0.018194
2,17,2,2,3,0.019241
3,4,17,0,2,0.017832
3,0,18,3,3,0.017341
2,18,2,0,3,0.019786
3,5,18,2,2,0.016943
2,18,2,0,2,0.013747
2,3,2,0,2,0.017356
3,5,11,3,2,0.016083
0,0,2,0,2,0.017104
2,19,2,2,2,0.017492
2,20,1,0,2,0.017174
3,7,20,2,2,0.017820
2,8,1,0,2,0.014979
2,8,3,3,2,0.017206
3,16,7,0,1,0.017991
3,19,15,3,2,0.016370
3,4,17,0,1,0.015028
2,4,2,3,1,0.015153
2,20,1,0,1,0.016078
3,15,19,2,0,0.015604
3,15,10,1,3,0.015308
3,16,8,3,0,0.013299
2,10,1,0,0,0.014971
2,9,2,2,0,0.017085
2,9,1,0,0,0.017315
3,20,16,3,1,0.014844
3,11,11,0,3,0.015402
2,3,2,1,3,0.012197
3,15,19,0,0,0.012571
3,2,20,3,2,0.014033
2,2,2,1,2,0.013646
2,12,2,3,2,0.013113
3,9,18,0,3,0.013941
3,9,18,2,3,0.017903
2,4,2,1,3,0.014268
3,0,18,1,3,0.014282
3,18,5,1,2,0.013392
2,4,2,1,2,0.013025
2,4,2,0,2,0.014175
3,4,16,1,3,0.015517
2,19,2,0,3,0.013308
3,19,15,0,3,0.014899
2,19,1,2,3,0.014970
3,9,18,0,3,0.015605
2,6,1,2,3,0.013900
2,10,1,0,3,0.015837
3,15,19,2,0,0.015254
0,1,1,0,0,0.012652
3,20,16,2,1,0.013919
3,20,17,1,1,0.013365
3,16,7,2,1,0.013616
2,14,2,0,1,0.014107
2,14,2,0,1,0.015456
3,16,7,2,3,0.014146
2,5,2,1,3,0.013356
2,14,3,0,3,0.011565
2,14,2,0,3,0.014738
2,14,2,1,3,0.012005
0,3,2,0,3,0.012662
2,17,3,0,3,0.012894
2,11,2,1,3,0.013249
2,9,3,0,3,0.011694
0,3,2,1,3,0.012082
3,9,18,2,3,0.014403
3,16,1,0,1,0.012909
2,1,2,0,1,0.014598
3,5,18,0,3,0.012298
3,5,18,2,1,0.016543
2,16,2,0,1,0.016108
3,0,18,2,3,0.014729
2,18,2,0,3,0.015018
2,6,1,2,3,0.014215
3,9,18,0,3,0.015403
3,1,16,0,1,0.013368
2,2,3,0,1,0.010531
0,0,2,0,1,0.013673
2,8,1,2,1,0.013855
2,10,2,0,1,0.013726
2,9,1,2,1,0.014061
2,9,2,0,1,0.013568
2,18,3,0,1,0.012007
3,5,18,0,3,0.012209
3,18,5,2,3,0.013068
2,1,3,0,3,0.011970
2,1,1,2,3,0.013158
2,18,2,0,3,0.013708
3,0,18,2,0,0.012427
2,2,3,0,0,0.011706
3,16,7,0,1,0.010999
3,20,7,0,3,0.012177
3,7,20,0,0,0.011929
2,7,3,0,0,0.012693
2,2,3,0,0,0.012455
3,9,18,0,3,0.015694
3,18,18,0,0,0.011332
0,1,3,0,0,0.010661
2,7,3,3,0,0.010625
2,0,3,0,0,0.011001
2,1,3,0,0,0.009947
3,15,19,0,0,0.011260
2,13,1,2,0,0.011566
3,15,19,0,0,0.014657
3,19,15,2,0,0.013564
3,19,15,0,3,0.012297
2,19,1,2,3,0.012230
3,17,13,0,1,0.011959
2,6,1,2,1,0.012228
2,17,2,0,1,0.013172
3,2,20,0,1,0.011019
3,20,2,0,2,0.011047
3,20,2,0,1,0.012569
2,0,3,0,1,0.009533
3,7,20,2,0,0.010455
3,20,7,1,3,0.010075
2,17,1,2,3,0.010815
2,16,2,0,3,0.013082
2,20,1,2,3,0.012581
2,8,2,0,3,0.012713
2,8,2,0,3,0.009804
3,0,18,2,3,0.010661
2,12,2,0,3,0.011018
2,15,1,2,3,0.010792
3,15,10,3,1,0.010457
3,15,10,0,3,0.010879
3,4,16,0,3,0.009455
3,20,16,0,2,0.010390
2,16,1,3,2,0.009577
2,20,3,0,2,0.009893
2,20,2,0,2,0.012559
2,14,1,2,2,0.013062
3,4,17,0,1,0.012687
2,4,1,2,1,0.012344
3,18,5,0,2,0.011489
3,5,11,2,2,0.010334
3,5,11,0,2,0.011494
3,2,20,0,3,0.011402
2,5,3,3,3,0.010399
2,10,1,2,3,0.010685
3,15,10,0,1,0.010396
3,18,5,3,3,0.010542
3,0,18,3,3,0.010812
3,0,18,3,2,0.009924
3,0,18,0,2,0.014375
2,8,1,2,2,0.010972
3,4,17,1,2,0.009770
3,17,13,3,1,0.010288
3,17,13,2,1,0.010643
2,3,2,0,1,0.010858
2,19,1,2,1,0.010931
2,10,2,0,1,0.012156
2,20,1,2,1,0.012095
2,20,2,0,1,0.012015
3,20,17,2,1,0.012542
2,17,2,0,1,0.010647
3,19,0,0,1,0.028095
2,19,1,2,1,0.021749
2,6,2,0,1,0.011785
0,2,3,3,1,0.009479
3,5,18,3,3,0.009442
3,5,18,2,1,0.011190
3,20,17,3,1,0.011310
3,6,20,2,2,0.018515
3,6,20,0,1,0.016802
2,20,1,2,1,0.013779
2,18,2,0,1,0.012147
2,13,1,2,1,0.011871
2,16,2,0,1,0.011989
0,1,1,2,1,0.011561
3,12,11,0,1,0.009912
3,16,1,0,1,0.009920
2,14,3,0,1,0.010157
2,14,3,0,1,0.010876
2,14,3,0,1,0.009809
0,0,3,0,1,0.009579
2,16,2,0,1,0.009090
3,20,16,0,1,0.011898
3,20,16,0,3,0.010778
3,16,1,0,1,0.010545
2,1,2,0,1,0.009776
2,9,2,3,1,0.013880
3,15,19,0,0,0.012084
3,19,15,3,0,0.010604
3,15,19,0,0,0.010093
2,6,2,3,0,0.009550
3,4,17,0,2,0.011883
2,19,2,3,2,0.008637
2,10,2,0,2,0.011722
2,20,2,3,2,0.011431
0,0,2,0,2,0.011326
2,6,2,1,2,0.010264
2,5,2,1,2,0.011455
3,5,11,0,2,0.009424
2,8,1,1,2,0.009354
2,17,2,0,2,0.008794
2,3,2,0,2,0.010001
3,17,13,3,1,0.009752
3,5,11,0,2,0.009114
2,3,1,3,2,0.009718
2,13,2,0,2,0.010436
2,7,2,1,2,0.010956
2,7,2,0,2,0.009763
3,7,20,0,0,0.008401
3,19,15,3,1,0.009905
3,19,15,0,1,0.010777
3,19,15,3,0,0.010393
2,12,1,3,0,0.008152
2,12,2,3,0,0.008882
3,9,18,1,3,0.009633
3,9,18,3,3,0.012638
3,9,18,3,3,0.009842
3,0,18,3,3,0.010303
2,18,2,1,3,0.010281
2,18,2,0,3,0.009978
2,17,2,0,3,0.008402
2,17,2,0,3,0.008412
2,18,2,1,3,0.010791
2,13,2,3,3,0.010702
2,20,2,1,3,0.010741
2,20,2,3,3,0.010148
2,7,2,1,3,0.011080
2,7,2,0,3,0.008693
3,15,10,0,1,0.008328
3,15,10,0,1,0.010624
3,18,5,1,3,0.010078
3,18,5,0,2,0.009496
3,20,2,1,2,0.009325
3,20,2,0,2,0.010354
3,20,2,1,2,0.009955
3,20,2,0,2,0.009572
3,15,19,1,0,0.009604
2,20,2,0,0,0.009596
3,20,16,1,2,0.010049
3,19,15,1,1,0.008579
2,19,2,0,1,0.008997
3,5,18,1,3,0.009435
3,15,19,0,0,0.009034
3,17,13,1,1,0.010180
2,6,2,0,1,0.009965
3,6,20,1,3,0.017665
2,6,2,1,3,0.017588
1,0.500000
1,0.900000
0,0.100000
1,0.500000
0,0.100000
1,0.500000
0,0.100000
1,0.400000
0,0.100000
1,0.300000
0,0.100000
1,0.500000
0,0.100000
0,0.100000
0,0.100000
1,0.500000
0,0.200000
1,0.500000
1,0.400000
0,0.200000
1,0.100000
0,0.100000
1,0.400000
1,0.400000
0,0.200000
1,0.400000
0,0.100000
0,0.200000
1,0.500000
0,0.200000
1,0.500000
0,0.200000
0,0.100000
0,0.200000
1,0.400000
1,0.500000
0,0.200000
0,0.200000
0,0.200000
1,0.400000
0,0.100000
0,0.200000
1,0.500000
0,0.200000
0,0.100000
1,0.400000
0,0.100000
0,0.100000
0,0.200000
1,0.300000
0,0.200000
1,0.400000
0,0.200000
0,0.200000
0,0.200000
1,0.300000
1,0.400000
0,0.200000
1,0.400000
0,0.200000
0,0.200000
1,0.200000
0,0.200000
1,0.400000
0,0.200000
1,0.400000
1,0.400000
1,0.400000
0,0.100000
1,0.200000
1,0.200000
1,0.200000
0,0.200000
0,0.200000
0,0.200000
0,0.200000
0,0.200000
1,0.200000
0,0.200000
1,0.400000
0,0.200000
0,0.200000
1,0.400000
1,0.200000
1,0.400000
0,0.200000
1,0.400000
0,0.200000
0,0.200000
1,0.300000
0,0.200000
0,0.200000
1,0.200000
1,0.200000
1,0.200000
1,0.300000
1,0.300000
1,0.300000
1,0.300000
1,0.300000
0,0.500000
1,0.400000
0,0.500000
1,0.400000
1,0.100000
1,0.400000
0,0.500000
1,0.100000
1,0.100000
1,0.100000
1,0.400000
1,0.100000
0,0.500000
1,0.100000
1,0.100000
0,0.300000
0,0.300000
1,0.100000
1,0.100000
1,0.100000
1,0.100000
1,0.400000
0,0.500000
1,0.400000
1,0.100000
1,0.100000
1,0.100000
1,0.100000
1,0.100000
1,0.100000
0,0.300000
0,0.300000
1,0.100000
0,0.300000
1,0.400000
0,0.300000
0,0.300000
1,0.400000
0,0.300000
1,0.100000
0,0.300000
1,0.400000
0,0.300000
0,0.200000
0,0.200000
1,0.400000
0,0.200000
1,0.400000
0,0.200000
1,0.400000
0,0.200000
1,0.100000
0,0.500000
1,0.100000
1,0.400000
0,0.400000
1,0.400000
0,0.400000
1,0.400000
0,0.400000
0,0.400000
0,0.400000
1,0.100000
0,0.400000
1,0.100000
1,0.100000
0,0.300000
0,0.300000
0,0.400000
1,0.400000
0,0.400000
1,0.400000
0,0.500000
1,0.400000
0,0.500000
0,0.500000
1,0.400000
0,0.200000
0,0.200000
1,0.400000
0,0.200000
1,0.400000
0,0.200000
1,0.400000
0,0.200000
1,0.400000
0,0.100000
0,0.200000
0,0.500000
1,0.400000
0,0.100000
1,0.400000
0,0.200000
0,0.200000
0,0.200000
1,0.400000
0,0.200000
1,0.400000
0,0.200000
1,0.400000
0,0.200000
1,0.400000
0,0.200000
1,0.400000
0,0.200000
1,0.400000
0,0.200000
1,0.400000
0,0.200000
0,0.100000
0,0.200000
1,0.400000
0,0.200000
1,0.400000
0,0.100000
1,0.400000
0,0.200000
1,0.400000
0,0.200000
0,0.100000
0,0.100000
0,0.100000
1,0.200000
0,0.500000
1,0.300000
0,0.500000
0,0.100000
0,0.200000
1,0.300000
0,0.500000
1,0.200000
0,0.200000
1,0.200000
0,0.100000
0,0.100000
1,0.200000
0,0.100000
0,0.100000
0,0.200000
0,0.100000
0,0.200000
0,0.500000
0,0.500000
1,0.300000
0,0.500000
0,0.200000
0,0.500000
0,0.500000
1,0.400000
0,0.500000
1,0.400000
0,0.500000
0,0.500000
1,0.100000
0,0.200000
1,0.400000
0,0.500000
0,0.500000
0,0.500000
0,0.500000
1,0.400000
0,0.500000
1,0.300000
0,0.500000
1,0.400000
0,0.500000
0,0.500000
1,0.300000
0,0.500000
1,0.400000
0,0.200000
1,0.400000
0,0.200000
1,0.300000
0,0.200000
1,0.300000
0,0.200000
1,0.300000
0,0.200000
1,0.400000
0,0.200000
1,0.300000
0,0.200000
1,0.400000
0,0.200000
1,0.300000
0,0.200000
0,0.200000
0,0.200000
1,0.300000
0,0.200000
1,0.300000
0,0.200000
1,0.400000
0,0.200000
0,0.200000
0,0.200000
0,0.200000
0,0.200000
0,0.200000
0,0.200000
0,0.200000
1,0.400000
0,0.200000
1,0.400000
0,0.200000
1,0.400000
0,0.200000
1,0.400000
0,0.200000
1,0.400000
0,0.200000
0,0.200000
1,0.400000
0,0.200000
1,0.100000
0,0.200000
0,0.200000
0,0.200000
1,0.100000
0,0.200000
1,0.100000
0,0.200000
1,0.400000
1,0.100000
0,0.500000
0,0.500000
1,0.400000
0,0.500000
1,0.400000
0,0.500000
1,0.400000
0,0.500000
1,0.100000
1,0.100000
0,0.500000
1,0.400000
0,0.500000
1,0.400000
0,0.500000
1,0.100000
1,0.100000
1,0.400000
1,0.100000
1,0.400000
0,0.500000
1,0.400000
1,0.100000
1,0.100000
1,0.100000
1,0.100000
1,0.100000
1,0.100000
0,0.500000
1,0.100000
1,0.100000
1,0.300000
0,0.200000
0,0.200000
0,0.200000
1,0.400000
0,0.500000
1,0.400000
0,0.500000
1,0.400000
0,0.500000
1,0.400000
0,0.500000
0,0.200000
0,0.200000
0,0.200000
0,0.200000
1,0.400000
0,0.300000
1,0.400000
0,0.500000
1,0.400000
0,0.500000
0,0.200000
1,0.400000
0,0.500000
1,0.400000
0,0.300000
0,0.200000
0,0.200000
0,0.200000
0,0.300000
0,0.200000
0,0.500000
1,0.400000
0,0.500000
1,0.400000
0,0.500000
1,0.400000
0,0.500000
0,0.200000
1,0.300000
1,0.400000
0,0.200000
1,0.300000
1,0.300000
0,0.300000
0,0.500000
1,0.400000
0,0.300000
0,0.300000
1,0.400000
0,0.500000
1,0.400000
0,0.500000
1,0.400000
0,0.500000
1,0.400000
0,0.200000
0,0.500000
1,0.400000
0,0.500000
1,0.300000
0,0.300000
1,0.400000
0,0.300000
1,0.400000
0,0.200000
1,0.400000
0,0.500000
1,0.400000
0,0.500000
1,0.400000
0,0.500000
0,0.200000
0,0.200000
0,0.200000
0,0.200000
0,0.200000
0,0.500000
0,0.200000
0,0.500000
0,0.200000
0,0.200000
1,0.300000
0,0.500000
1,0.300000
0,0.500000
1,0.300000
0,0.500000
1,0.300000
0,0.500000
1,0.300000
0,0.500000
1,0.300000
0,0.400000
0,0.200000
0,0.300000
0,0.200000
0,0.200000
0,0.300000
0,0.200000
0,0.300000
0,0.200000
0,0.400000
0,0.200000
0,0.200000
0,0.300000
0,0.200000
0,0.300000
0,0.300000
1,0.300000
0,0.400000
1,0.300000
0,0.300000
1,0.300000
0,0.400000
0,0.200000
0,0.200000
0,0.200000
0,0.400000
1,0.300000
0,0.400000
1,0.300000
0,0.400000
0,0.200000
0,0.200000
0,0.200000
0,0.400000
0,0.200000
0,0.400000
0,0.200000
0,0.400000
0,0.200000
0,0.400000
0,0.200000
0,0.300000
0,0.300000
0,0.200000
0,0.300000
0,0.200000
0,0.400000
0,0.200000
0,0.300000
0,0.400000
1,1.021149
0,1.117212
0,3.365378
0,1.285740
1,1.574233
0,1.059921
1,3.482860
0,4.220961
0,7.657688
1,1.517212
1,3.820927
1,1.517212
0,2.568329
1,2.108646
0,1.211863
0,1.211863
1,1.117212
0,1.775880
0,1.211863
1,1.117212
0,3.661325
1,6.030729
1,1.685740
0,3.661325
0,3.611325
1,6.030729
0,7.313111
1,6.030729
0,1.092273
1,1.117212
1,1.685740
0,1.305692
1,2.957609
1,2.957609
1,2.854933
0,1.211863
0,3.761325
1,2.957609
1,1.820536
1,1.672825
0,1.244721
1,1.820536
1,1.660855
1,1.285740
0,6.937430
1,1.660855
0,1.351171
0,5.832191
1,1.889888
0,1.184447
1,1.889888
1,1.660855
1,1.253078
0,2.341566
0,5.832191
1,4.220961
0,1.211863
0,1.379152
1,1.672825
1,1.285740
0,1.244721
0,1.244721
0,1.351171
1,1.548961
0,3.438928
0,3.338928
1,1.514477
1,1.514477
0,2.341566
0,2.341566
1,1.148961
1,1.514477
0,2.341566
1,1.427875
0,2.341566
1,1.427875
1,1.514477
1,1.920536
0,1.346507
1,1.554341
1,1.920536
1,1.486731
1,1.514477
1,1.141214
1,1.451171
1,1.889044
1,1.451171
1,3.037958
1,3.924518
1,1.451171
1,3.037958
1,1.208306
1,1.208306
1,1.208306
0,1.231806
0,1.231806
1,1.486731
1,7.624058
0,1.337996
1,1.486731
0,4.371696
1,1.514477
1,1.031806
1,1.486731
0,4.371696
0,1.186731
0,4.371696
0,1.426121
0,1.303078
0,1.426121
1,1.464477
1,1.514477
1,1.889044
1,2.793164
0,3.592639
1,2.020536
1,2.793164
1,2.793164
1,1.154901
0,2.805296
1,1.889044
1,1.405692
1,1.154901
1,1.473042
1,1.473042
0,2.805296
0,1.053596
0,1.424912
1,1.203596
1,1.405692
1,1.196937
1,4.346575
0,1.104341
1,1.196937
1,1.531806
0,3.217185
1,3.150351
1,1.557230
1,1.214924
0,1.105964
1,1.196937
1,1.531806
1,1.196937
0,1.357230
1,1.196937
0,1.005692
1,1.196937
0,1.005692
1,1.196937
1,1.460740
1,1.068651
1,2.580750
1,1.068651
0,7.607688
1,1.438930
1,1.068651
1,1.438930
1,1.068651
1,1.438930
0,1.422983
0,4.197288
1,3.458434
0,3.511325
1,3.924518
1,2.330750
0,1.322983
0,1.322983
0,1.157856
1,1.068651
0,1.131806
0,1.422983
0,1.322983
1,1.137426
0,1.322983
1,1.290754
1,1.151171
1,1.451171
1,1.174524
0,1.422983
1,1.546937
0,1.423603
1,1.473603
1,1.137996
1,1.473603
0,1.777875
0,2.141566
1,3.458434
1,3.387958
0,1.777875
0,2.141566
1,1.214924
1,3.500351
0,3.438928
1,3.458434
0,3.842639
1,2.969517
1,1.214924
1,3.811325
1,1.214924
0,1.105964
0,1.464924
1,1.473603
1,1.123603
1,3.811325
0,1.464924
1,3.811325
0,1.464924
1,3.811325
0,1.464924
1,1.218651
0,1.464924
1,1.461863
0,1.464924
0,3.997288
1,3.924518
0,1.104341
1,0.973593
0,1.104341
1,0.973593
1,1.218651
1,1.367070
1,3.154933
0,1.123593
1,1.031806
1,1.367070
1,1.214924
0,1.123593
1,1.398727
1,1.557230
1,1.377875
0,1.123593
1,1.067070
0,1.207230
1,1.398727
1,3.154933
1,1.544027
1,3.154933
1,1.660740
0,1.408306
1,1.557230
0,1.752117
0,1.105964
1,1.196937
0,2.457609
1,1.396937
0,1.321224
1,1.396937
0,1.752117
1,1.544027
0,2.707609
0,1.209989
0,2.707609
1,3.408434
0,3.511325
1,3.458434
0,1.131806
0,1.337996
1,1.260740
0,1.360740
1,1.087996
0,1.209989
0,1.407856
0,1.207230
1,1.281079
1,1.544027
0,1.359989
1,2.080750
0,1.104341
1,1.068651
1,1.574912
1,1.068651
0,3.391522
1,4.198957
1,1.574912
1,0.973593
1,1.574912
1,1.068651
1,1.473603
0,1.777875
1,1.473603
0,1.360740
1,1.355692
1,4.198957
0,2.141566
0,1.777875
0,2.141566
1,4.198957
1,1.244017
0,1.423603
1,3.154933
0,3.522112
1,1.473603
0,1.777875
1,1.577875
0,1.777875
0,1.357230
1,1.402117
1,1.367070
1,1.367070
1,1.244017
0,1.123593
1,1.108306
1,1.473603
0,1.777875
1,1.473603
1,1.073603
1,1.473603
0,2.320536
1,2.491566
0,2.320536
0,1.123593
1,1.367070
1,1.367070
1,1.367070
1,1.073603
0,1.207230
0,1.344017
1,1.577875
0,1.344017
0,2.141566
0,1.423603
0,1.371224
1,1.281079
1,1.577875
0,1.322983
0,1.777875
1,1.281079
0,1.237341
0,1.777875
0,1.207230
0,1.777875
0,1.371224
0,1.777875
0,1.371224
1,1.173593
1,1.031806
0,1.209989
1,1.031806
0,1.209989
1,1.073603
1,3.387958
1,1.281079
0,1.298727
1,1.073603
1,1.522983
1,1.073603
0,1.209989
1,1.031806
1,1.173593
0,3.692639
1,3.811325
0,1.423603
0,1.005692
1,1.377875
0,5.954617
1,1.304341
1,1.304341
0,1.423603
1,1.304341
0,1.423603
1,2.576802
1,1.073603
0,1.159323
1,1.108306
0,1.159323
1,1.031806
1,2.576802
1,1.073603
1,3.387958
0,3.438928
1,3.500351
1,1.123603
0,3.361325
1,3.392639
1,1.557230
0,1.752117
1,1.557230
0,1.752117
1,1.304341
1,1.557230
1,1.073603
0,1.157856
0,1.337996
1,1.260740
0,1.344017
1,2.380750
0,2.141566
0,3.438928
1,2.080750
0,1.104341
1,1.068651
1,1.522983
0,1.752117
0,1.104341
1,1.254341
0,3.351582
1,1.257856
1,1.448727
1,1.187996
1,1.448727
0,1.357230
1,1.495831
0,1.595831
1,1.522983
1,1.257856
0,1.331806
1,1.531806
0,1.360740
1,1.522983
1,1.281079
1,1.522983
1,1.073603
1,2.120536
0,1.131806
1,1.234447
0,1.159323
0,2.320536
0,3.438928
1,1.281079
0,1.237341
0,2.320536
0,3.934705
1,3.924518
1,1.522983
1,1.211863
1,1.522983
1,1.211863
1,1.522983
1,1.211863
1,1.522983
0,1.360740
1,1.118651
0,3.438928
1,1.073603
1,1.073603
0,2.141566
1,2.226802
0,1.322983
1,1.222983
0,1.207230
1,1.073603
0,1.159323
1,1.123603
0,1.157856
0,1.407856
0,1.207230
0,1.437441
0,1.207230
0,1.437441
0,1.207230
0,1.437441
0,1.204341
1,1.118651
1,1.404341
1,1.404341
0,1.281806
1,1.404341
0,1.360740
0,1.207230
0,1.777875
0,3.311325
1,3.811325
0,1.437441
1,1.337441
0,1.309323
1,1.237441
1,1.531806
0,1.777875
1,1.577875
0,1.777875
0,1.207230
0,3.842639
1,1.531806
0,3.438928
1,1.602117
0,1.748727
1,1.531806
0,1.748727
1,1.531806
0,1.748727
1,1.237441
0,1.337996
1,1.437996
0,1.748727
1,1.602117
0,3.438928
1,3.538928
0,3.438928
1,3.538928
0,1.423603
1,1.473603
1,2.330750
1,1.237441
0,3.692639
1,1.281079
1,1.473603
1,1.031806
0,1.244027
0,3.971696
1,2.987958
0,0
1,4
0,6
1,3
0,0
1,3
1,0
1,1
1,0
1,7
1,1
1,2
1,1
0,1
1,7
0,2
1,1
1,2
1,7
0,1
1,1
1,6
1,4
1,6
1,1
1,6
1,0
0,1
1,3
0,1
1,1
1,0
1,1
1,1
0,0
1,6
0,8
0,0
0,8
1,6
0,4
1,3
1,6
1,2
1,1
1,4
1,3
1,1
1,2
1,4
0,1
0,0
1,2
1,4
1,2
1,4
0,0
1,2
1,1
1,3
1,4
1,3
1,2
1,4
0,1
1,0
1,5
1,6
1,1
1,1
0,8
0,0
1,2
1,3
0,8
0,0
1,3
1,2
0,8
0,0
0,2
0,8
0,0
0,2
1,6
0,2
1,0
1,6
0,8
1,4
1,3
0,1
1,3
1,3
1,3
1,3
1,1
1,2
1,0
0,1
1,0
1,3
1,0
1,6
1,3
1,3
1,0
0,1
1,0
1,2
0,1
1,0
1,0
0,1
0,3
0,1
1,3
1,2
1,2
0,3
1,6
1,6
0,4
1,6
1,1
1,1
1,1
0,4
1,1
1,1
1,0
0,1
0,1
0,2
1,2
0,4
0,3
1,5
0,4
1,3
0,1
1,6
0,4
1,2
0,2
1,6
0,4
1,5
0,2
1,5
0,2
1,5
0,2
1,0
1,6
0,4
1,4
1,2
1,1
1,2
0,1
0,1
0,1
0,1
0,1
1,1
0,1
1,2
0,6
1,5
0,6
1,4
0,8
1,1
1,1
0,5
1,1
1,1
0,6
1,1
0,6
1,1
1,1
1,6
1,1
1,6
1,2
0,3
1,1
1,2
1,1
0,1
0,6
0,1
0,6
1,2
0,3
1,4
0,2
1,2
0,1
1,2
1,2
0,0
0,4
1,6
1,0
1,7
0,6
1,7
1,2
1,1
0,8
1,1
0,2
1,6
0,2
1,1
0,8
1,6
1,3
1,6
0,4
0,3
1,4
1,2
1,1
0,2
1,6
0,3
1,1
1,2
1,1
0,3
1,3
1,1
0,3
1,5
1,0
1,5
1,0
0,2
0,5
0,1
0,1
0,1
1,0
1,0
0,1
0,8
1,5
0,5
0,2
1,1
0,2
1,1
1,0
0,6
1,1
0,4
0,0
1,0
0,0
0,2
1,6
1,1
1,0
0,0
0,2
1,4
0,2
1,6
0,2
1,4
0,5
0,0
0,1
1,4
0,1
0,0
0,5
1,6
0,5
0,0
1,2
1,6
1,6
1,3
1,0
1,6
1,1
1,7
1,0
1,7
1,0
0,1
0,1
0,1
1,2
1,2
1,1
1,6
1,3
0,5
1,7
0,5
0,0
1,0
0,0
1,0
0,0
1,6
0,7
0,0
1,2
1,6
0,5
1,6
1,0
1,5
1,0
1,6
0,4
0,0
0,4
0,1
0,7
1,1
0,7
1,7
0,2
1,7
0,5
1,1
1,4
0,3
1,6
0,5
0,0
1,2
1,1
0,3
0,0
0,3
1,4
0,2
0,0
0,3
1,4
0,6
1,4
1,0
1,4
0,5
0,6
0,1
0,1
0,6
0,0
1,0
1,8
0,8
1,2
1,1
1,2
0,6
1,7
1,1
0,0
0,4
0,0
1,3
0,0
0,1
0,0
0,8
1,4
1,0
0,2
0,3
1,1
0,3
0,2
1,3
0,2
0,0
1,2
1,0
0,1
0,0
0,5
1,3
0,2
1,5
0,2
1,1
1,4
1,1
0,7
1,3
0,0
0,5
0,5
1,3
0,2
0,2
0,0
0,6
1,5
0,5
1,4
0,2
1,4
1,5
0,2
1,2
0,2
1,4
0,4
0,0
1,1
1,5
0,2
1,5
0,4
1,8
0,8
0,0
1,1
0,0
0,7
1,6
0,5
0,4
0,4
0,0
0,1
0,0
0,3
0,0
0,5
1,6
0,4
1,6
0,5
1,5
0,5
1,5
0,7
1,8
0,7
0,4
0,2
0,4
1,4
1,1
0,0
0,6
1,8
0,4
1,2
0,0
1,0
0,0
1,1
0,4
1,7
0,2
0,0
1,0
0,0
0,2
1,1
1,2
0,0
0,4
1,8
0,2
1,5
1,0
0,1
1,0
1,0
0,5
1,0
0,5
0,3
0,5
0,3
0,5
1,0
0,1
1,3
1,1
0,1
0,0
0,1
0,0
0,3
0,2
4.448528,1920.000000
4.640823,1920.000000
4.529502,1920.000000
4.844103,1920.000000
4.567479,1920.000000
4.434035,1920.000000
4.763714,1920.000000
4.217323,1920.000000
4.573670,1920.000000
4.450526,1920.000000
4.592088,1920.000000
4.544505,1920.000000
4.682173,1920.000000
4.500734,1920.000000
4.325568,1920.000000
4.617568,1920.000000
4.318361,1920.000000
4.377203,1920.000000
4.770034,1920.000000
4.460499,1920.000000
4.726934,1920.000000
4.282789,1920.000000
4.482651,1920.000000
4.654754,1920.000000
4.595406,1920.000000
4.846495,1920.000000
4.319834,1920.000000
4.960563,1920.000000
4.582827,1920.000000
4.707177,1920.000000
4.581035,1920.000000
4.463103,1920.000000
4.549039,1920.000000
4.543112,1920.000000
4.546350,1920.000000
4.239907,1920.000000
4.817962,1920.000000
4.371984,1920.000000
4.298839,1920.000000
4.513435,1920.000000
4.696880,1920.000000
4.615550,1920.000000
4.381161,1920.000000
4.317338,1920.000000
4.217488,1920.000000
4.563247,1920.000000
4.501300,1920.000000
4.233096,1920.000000
4.582029,1920.000000
4.289799,1920.000000
4.363776,1920.000000
4.297417,1920.000000
4.372663,1920.000000
4.750360,1920.000000
4.557811,1920.000000
4.605735,1920.000000
4.269932,1920.000000
4.198467,1920.000000
4.043698,1920.000000
4.046148,1920.000000
4.685260,1920.000000
4.470009,1920.000000
4.343554,1920.000000
4.190956,1920.000000
4.323461,1920.000000
4.550915,1920.000000
4.256685,1920.000000
4.413208,1920.000000
4.136591,1920.000000
4.311759,1920.000000
4.224931,1920.000000
3.881217,1920.000000
4.351335,1920.000000
3.954235,1920.000000
4.398842,1920.000000
4.366644,1920.000000
4.234392,1920.000000
4.033574,1920.000000
4.186320,1920.000000
3.972452,1920.000000
4.180627,1920.000000
4.388866,1920.000000
4.087358,1920.000000
4.056771,1920.000000
4.209301,1920.000000
4.042714,1920.000000
4.231475,1920.000000
4.147588,1920.000000
4.513960,1920.000000
4.210198,1920.000000
4.471090,1920.000000
4.210305,1920.000000
4.044311,1920.000000
4.176045,1920.000000
4.370322,1920.000000
4.243758,1920.000000
4.302726,1920.000000
4.230235,1920.000000
4.025453,1920.000000
4.051931,1920.000000
4.057311,1920.000000
4.191257,1920.000000
4.161159,1920.000000
4.344286,1920.000000
4.364546,1920.000000
4.008333,1920.000000
4.482065,1920.000000
4.185042,1920.000000
4.267492,1920.000000
4.141144,1920.000000
4.386895,1920.000000
4.424234,1920.000000
4.215436,1920.000000
4.413476,1920.000000
4.259915,1920.000000
4.263464,1920.000000
4.601986,1920.000000
4.772742,1920.000000
4.206902,1920.000000
4.158096,1920.000000
4.704843,1920.000000
4.882310,1920.000000
4.203367,1920.000000
4.459065,1920.000000
4.745542,1920.000000
4.550376,1920.000000
4.229627,1920.000000
4.305196,1920.000000
4.664431,1920.000000
4.537779,1920.000000
4.518962,1920.000000
4.431726,1920.000000
4.501801,1920.000000
4.193195,1920.000000
4.423875,1920.000000
4.304299,1920.000000
4.464184,1920.000000
4.403704,1920.000000
4.486356,1920.000000
4.616175,1920.000000
4.241018,1920.000000
4.331089,1920.000000
4.189648,1920.000000
4.380074,1920.000000
4.427523,1920.000000
3.921716,1920.000000
4.511177,1920.000000
4.224958,1920.000000
4.296997,1920.000000
4.102105,1920.000000
4.187091,1920.000000
4.357968,1920.000000
4.363980,1920.000000
4.346741,1920.000000
3.941301,1920.000000
4.218669,1920.000000
4.495765,1920.000000
4.271425,1920.000000
4.380840,1920.000000
4.348061,1920.000000
4.605175,1920.000000
4.107465,1920.000000
4.352677,1920.000000
4.087718,1920.000000
3.956224,1920.000000
4.549121,1920.000000
4.138084,1920.000000
4.478913,1920.000000
4.296027,1920.000000
4.339315,1920.000000
4.420649,1920.000000
4.315772,1920.000000
4.348975,1920.000000
4.195820,1920.000000
4.438970,1920.000000
4.426145,1920.000000
4.258765,1920.000000
4.329501,1920.000000
4.318940,1920.000000
4.192580,1920.000000
4.359053,1920.000000
4.140522,1920.000000
3.944293,1920.000000
4.180501,1920.000000
4.043720,1920.000000
4.343415,1920.000000
4.431133,1920.000000
4.248383,1920.000000
4.120147,1920.000000
4.285443,1920.000000
4.118443,1920.000000
4.546873,1920.000000
4.320935,1920.000000
4.262584,1920.000000
4.211948,1920.000000
4.533756,1920.000000
4.194480,1920.000000
4.322676,1920.000000
4.270248,1920.000000
4.277380,1920.000000
4.435990,1920.000000
4.302639,1920.000000
4.324409,1920.000000
4.163177,1920.000000
4.342589,1920.000000
4.220524,1920.000000
4.235204,1920.000000
4.749453,1920.000000
4.463949,1920.000000
4.610280,1920.000000
4.404708,1920.000000
4.245816,1920.000000
4.776853,1920.000000
4.457969,1920.000000
4.466581,1920.000000
4.209355,1920.000000
4.331580,1920.000000
4.151652,1920.000000
4.230967,1920.000000
4.070714,1920.000000
4.121078,1920.000000
4.306093,1920.000000
4.428376,1920.000000
4.439918,1920.000000
4.146290,1920.000000
4.283623,1920.000000
4.021571,1920.000000
4.263411,1920.000000
4.307177,1920.000000
4.479683,1920.000000
4.308966,1920.000000
4.444566,1920.000000
4.205380,1920.000000
4.133869,1920.000000
4.279561,1920.000000
4.265939,1920.000000
4.259436,1920.000000
4.268557,1920.000000
4.097869,1920.000000
4.063862,1920.000000
4.232678,1920.000000
4.248451,1920.000000
4.228662,1920.000000
4.418250,1920.000000
4.452624,1920.000000
4.197461,1920.000000
4.106089,1920.000000
4.242656,1920.000000
4.236057,1920.000000
4.413490,1920.000000
4.324698,1920.000000
4.003004,1920.000000
4.059267,1920.000000
4.192137,1920.000000
4.354006,1920.000000
4.438355,1920.000000
4.364439,1920.000000
4.352929,1920.000000
4.397953,1920.000000
3.968781,1920.000000
3.872522,1920.000000
4.355433,1920.000000
4.130650,1920.000000
4.084990,1920.000000
4.413259,1920.000000
4.466022,1920.000000
4.172124,1920.000000
4.218745,1920.000000
3.947650,1920.000000
3.998284,1920.000000
4.320624,1920.000000
4.372096,1920.000000
4.180657,1920.000000
4.332212,1920.000000
3.904081,1920.000000
4.497953,1920.000000
4.248695,1920.000000
4.299284,1920.000000
4.247029,1920.000000
4.126955,1920.000000
4.175727,1920.000000
4.317668,1920.000000
4.338048,1920.000000
4.216778,1920.000000
4.345669,1920.000000
4.054826,1920.000000
4.493257,1920.000000
4.179859,1920.000000
4.228101,1920.000000
4.316650,1920.000000
4.115312,1920.000000
4.362636,1920.000000
4.197235,1920.000000
4.520501,1920.000000
4.266391,1920.000000
4.216659,1920.000000
4.458910,1920.000000
4.392989,1920.000000
4.357288,1920.000000
4.395079,1920.000000
4.533535,1920.000000
4.444957,1920.000000
4.242355,1920.000000
4.338673,1920.000000
4.220213,1920.000000
4.252107,1920.000000
4.366731,1920.000000
4.317360,1920.000000
4.165255,1920.000000
4.233026,1920.000000
4.087397,1920.000000
4.142449,1920.000000
4.271038,1920.000000
4.310675,1920.000000
4.313225,1920.000000
4.202257,1920.000000
4.102528,1920.000000
4.312024,1920.000000
4.579873,1920.000000
4.450531,1920.000000
4.311978,1920.000000
4.454926,1920.000000
4.343714,1920.000000
4.203265,1920.000000
4.243330,1920.000000
4.244710,1920.000000
4.531391,1920.000000
4.247265,1920.000000
4.326706,1920.000000
4.251057,1920.000000
4.197487,1920.000000
4.265153,1920.000000
4.174864,1920.000000
4.421969,1920.000000
4.310826,1920.000000
4.203700,1920.000000
4.355893,1920.000000
4.020158,1920.000000
4.107322,1920.000000
4.173544,1920.000000
4.295402,1920.000000
4.396876,1920.000000
4.130609,1920.000000
4.179417,1920.000000
4.400947,1920.000000
4.008858,1920.000000
4.111726,1920.000000
4.277371,1920.000000
4.317435,1920.000000
4.477668,1920.000000
4.396920,1920.000000
4.281770,1920.000000
4.157525,1920.000000
4.175853,1920.000000
4.240019,1920.000000
4.406006,1920.000000
4.605944,1920.000000
4.406961,1920.000000
4.494681,1920.000000
4.554817,1920.000000
4.782057,1920.000000
4.229090,1920.000000
4.475779,1920.000000
4.393973,1920.000000
4.205013,1920.000000
4.449554,1920.000000
4.057133,1920.000000
4.167798,1920.000000
4.411188,1920.000000
4.566667,1920.000000
4.475099,1920.000000
4.348187,1920.000000
4.372152,1920.000000
4.273980,1920.000000
4.338559,1920.000000
4.670885,1920.000000
4.546598,1920.000000
4.596556,1920.000000
4.327073,1920.000000
4.265744,1920.000000
4.487644,1920.000000
4.501514,1920.000000
4.606726,1920.000000
4.404107,1920.000000
4.599232,1920.000000
4.332316,1920.000000
4.393057,1920.000000
4.574846,1920.000000
4.428972,1920.000000
4.452366,1920.000000
4.385825,1920.000000
4.706863,1920.000000
4.374167,1920.000000
4.329630,1920.000000
4.110295,1920.000000
4.325340,1920.000000
4.624109,1920.000000
4.618321,1920.000000
4.561720,1920.000000
4.503019,1920.000000
4.291007,1920.000000
4.461251,1920.000000
4.323947,1920.000000
4.573162,1920.000000
4.498658,1920.000000
4.308293,1920.000000
4.111209,1920.000000
4.262808,1920.000000
4.275066,1920.000000
4.276671,1920.000000
4.529332,1920.000000
4.620200,1920.000000
4.954291,1920.000000
4.267254,1920.000000
4.427161,1920.000000
4.264538,1920.000000
4.716905,1920.000000
4.398521,1920.000000
4.573828,1920.000000
4.479131,1920.000000
4.454690,1920.000000
4.472369,1920.000000
4.442801,1920.000000
4.581857,1920.000000
4.806210,1920.000000
4.881953,1920.000000
4.809374,1920.000000
4.725544,1920.000000
4.569358,1920.000000
4.744516,1920.000000
4.678680,1920.000000
4.635023,1920.000000
4.943314,1920.000000
4.773136,1920.000000
4.549398,1920.000000
4.407238,1920.000000
4.488736,1920.000000
4.583201,1920.000000
4.708530,1920.000000
4.627945,1920.000000
4.435586,1920.000000
4.460395,1920.000000
4.819270,1920.000000
4.565558,1920.000000
4.773312,1920.000000
4.718867,1920.000000
4.629372,1920.000000
4.914338,1920.000000
4.465478,1920.000000
4.610544,1920.000000
4.587926,1920.000000
4.730081,1920.000000
4.767209,1920.000000
4.688033,1920.000000
4.414917,1920.000000
4.336365,1920.000000
4.591370,1920.000000
4.359225,1920.000000
4.640924,1920.000000
4.785965,1920.000000
4.493111,1920.000000
4.667153,1920.000000
4.484736,1920.000000
4.612061,1920.000000
4.512495,1920.000000
4.549890,1920.000000
4.810848,1920.000000
4.328935,1920.000000
4.772804,1920.000000
4.406647,1920.000000
4.552429,1920.000000
4.650672,1920.000000
4.566066,1920.000000
4.742771,1920.000000
4.448145,1920.000000
4.531523,1920.000000
4.266978,1920.000000
4.479991,1920.000000
4.417376,1920.000000
4.240445,1920.000000
4.662228,1920.000000
4.802896,1920.000000
4.839126,1920.000000
4.509344,1920.000000
4.502742,1920.000000
4.647473,1920.000000
4.481498,1920.000000
4.471391,1920.000000
4.509917,1920.000000
4.618848,1920.000000
4.218572,1920.000000
4.568534,1920.000000
4.287328,1920.000000
4.385904,1920.000000
4.386411,1920.000000
4.276238,1920.000000
4.619406,1920.000000
4.384833,1920.000000
4.310092,1920.000000
4.354225,1920.000000
4.238848,1920.000000
4.498198,1920.000000
4.572309,1920.000000
4.304698,1920.000000
4.088017,1920.000000
4.198804,1920.000000
4.172546,1920.000000
4.451164,1920.000000
4.216660,1920.000000
4.057275,1920.000000
4.448099,1920.000000
4.331173,1920.000000
3.978155,1920.000000
4.394703,1920.000000
4.225922,1920.000000
4.388948,1920.000000
4.450897,1920.000000
4.203887,1920.000000
3.997221,1920.000000
4.325942,1920.000000
4.169757,1920.000000
4.106625,1920.000000
4.467842,1920.000000
4.266679,1920.000000
4.331731,1920.000000
4.106467,1920.000000
4.111637,1920.000000
4.191265,1920.000000
4.136860,1920.000000
4.207222,1920.000000
4.133838,1920.000000
4.115943,1920.000000
4.236236,1920.000000
3.797461,1920.000000
4.341074,1920.000000
4.335183,1920.000000
4.542035,1920.000000
4.441460,1920.000000
4.438283,1920.000000
4.238481,1920.000000
4.283433,1920.000000
4.236539,1920.000000
4.195428,1920.000000
4.417391,1920.000000
4.447091,1920.000000
4.431370,1920.000000
4.205567,1920.000000
4.552378,1920.000000
4.307460,1920.000000
4.251664,1920.000000
4.137131,1920.000000
4.287185,1920.000000
4.137481,1920.000000
3.931332,1920.000000
4.141054,1920.000000
4.431695,1920.000000
4.329440,1920.000000
4.418201,1920.000000
4.570712,1920.000000
4.400817,1920.000000
4.135690,1920.000000
4.462165,1920.000000
4.681654,1920.000000
4.318929,1920.000000
4.446858,1920.000000
4.658944,1920.000000
4.571561,1920.000000
4.382904,1920.000000
4.572588,1920.000000
4.562888,1920.000000
4.600128,1920.000000
4.562367,1920.000000
4.477226,1920.000000
4.543395,1920.000000
4.370318,1920.000000
4.424469,1920.000000
4.381945,1920.000000
4.171893,1920.000000
4.225607,1920.000000
4.649082,1920.000000
4.567071,1920.000000
4.132323,1920.000000
4.314623,1920.000000
4.378899,1920.000000
4.268053,1920.000000
4.459240,1920.000000
4.340105,1920.000000
4.596208,1920.000000
4.097595,1920.000000
4.418908,1920.000000
4.306011,1920.000000
4.438251,1920.000000
4.325629,1920.000000
4.196013,1920.000000
4.573350,1920.000000
3.891464,1920.000000
4.082417,1920.000000
4.379144,1920.000000
4.284937,1920.000000
4.376095,1920.000000
4.338389,1920.000000
4.490933,1920.000000
4.347341,1920.000000
4.227651,1920.000000
4.132422,1920.000000
4.100632,1920.000000
4.446402,1920.000000
4.611102,1920.000000
4.475277,1920.000000
4.266160,1920.000000
4.186976,1920.000000
4.630736,1920.000000
4.576909,1920.000000
4.402635,1920.000000
4.250574,1920.000000
4.534596,1920.000000
4.255965,1920.000000
4.230192,1920.000000
4.118987,1920.000000
4.132187,1920.000000
4.393996,1920.000000
4.664906,1920.000000
4.093005,1920.000000
3.954680,1920.000000
4.285588,1920.000000
4.101829,1920.000000
4.498630,1920.000000
4.335940,1920.000000
4.154521,1920.000000
4.284294,1920.000000
4.193998,1920.000000
4.458155,1920.000000
4.369461,1920.000000
4.133852,1920.000000
4.301882,1920.000000
4.215373,1920.000000
4.397574,1920.000000
4.020715,1920.000000
4.073662,1920.000000
4.399096,1920.000000
4.304458,1920.000000
4.361922,1920.000000
4.492902,1920.000000
4.598291,1920.000000
4.309427,1920.000000
4.335726,1920.000000
4.078602,1920.000000
4.353395,1920.000000
4.714945,1920.000000
4.213883,1920.000000
4.575297,1920.000000
4.175420,1920.000000
4.212460,1920.000000
4.835375,1920.000000
4.246753,1920.000000
4.412007,1920.000000
4.313330,1920.000000
4.307608,1920.000000
4.043437,1920.000000
4.269039,1920.000000
4.193617,1920.000000
4.391348,1920.000000
4.195559,1920.000000
4.250127,1920.000000
4.517335,1920.000000
4.161417,1920.000000
4.188697,1920.000000
4.417483,1920.000000
4.142306,1920.000000
4.357050,1920.000000
4.511735,1920.000000
4.129954,1920.000000
4.263504,1920.000000
4.210946,1920.000000
4.298183,1920.000000
4.427318,1920.000000
4.212276,1920.000000
4.252555,1920.000000
4.361143,1920.000000
4.357766,1920.000000
4.377173,1920.000000
4.566886,1920.000000
4.381593,1920.000000
4.402172,1920.000000
4.296423,1920.000000
4.135097,1920.000000
4.295195,1920.000000
4.173167,1920.000000
4.092010,1920.000000
4.045348,1920.000000
4.039828,1920.000000
4.358684,1920.000000
3.982439,1920.000000
3.866873,1920.000000
4.342926,1920.000000
4.271934,1920.000000
4.132588,1920.000000
4.274959,1920.000000
4.254324,1920.000000
4.264361,1920.000000
4.012300,1920.000000
4.058210,1920.000000
4.145722,1920.000000
4.216524,1920.000000
4.182153,1920.000000
4.257031,1920.000000
4.649521,1920.000000
4.022859,1920.000000
3.978738,1920.000000
3.996884,1920.000000
4.017972,1920.000000
4.450060,1920.000000
4.174199,1920.000000
4.359099,1920.000000
4.292967,1920.000000
4.030330,1920.000000
4.376731,1920.000000
4.133126,1920.000000
4.278495,1920.000000
4.274228,1920.000000
4.317830,1920.000000
4.122240,1920.000000
4.247610,1920.000000
4.072106,1920.000000
4.315915,1920.000000
4.329753,1920.000000
4.171890,1920.000000
4.638992,1920.000000
3.998474,1920.000000
4.323170,1920.000000
4.241353,1920.000000
4.170145,1920.000000
4.465204,1920.000000
4.173315,1920.000000
4.431848,1920.000000
4.208412,1920.000000
4.113154,1920.000000
4.351759,1920.000000
4.338513,1920.000000
4.447965,1920.000000
4.313400,1920.000000
4.432821,1920.000000
4.139246,1920.000000
4.213735,1920.000000
4.140503,1920.000000
4.407648,1920.000000
4.242278,1920.000000
4.373049,1920.000000
4.307448,1920.000000
4.128359,1920.000000
4.407487,1920.000000
4.154380,1920.000000
4.103994,1920.000000
4.246664,1920.000000
4.367179,1920.000000
4.553526,1920.000000
4.064101,1920.000000
4.237044,1920.000000
4.331845,1920.000000
4.507939,1920.000000
4.305968,1920.000000
4.421068,1920.000000
4.737820,1920.000000
4.129065,1920.000000
4.313788,1920.000000
4.205465,1920.000000
4.040364,1920.000000
4.294571,1920.000000
4.290549,1920.000000
4.328369,1920.000000
4.025521,1920.000000
4.114244,1920.000000
4.139010,1920.000000
4.043750,1920.000000
4.561976,1920.000000
4.128427,1920.000000
4.210681,1920.000000
4.174971,1920.000000
4.272531,1920.000000
4.350567,1920.000000
4.216691,1920.000000
4.267233,1920.000000
4.118538,1920.000000
4.144023,1920.000000
4.098112,1920.000000
4.170087,1920.000000
3.969327,1920.000000
4.316034,1920.000000
4.156586,1920.000000
4.362473,1920.000000
4.275881,1920.000000
4.212519,1920.000000
4.395717,1920.000000
4.158298,1920.000000
4.432969,1920.000000
4.521226,1920.000000
4.420971,1920.000000
4.153353,1920.000000
4.381586,1920.000000
4.237180,1920.000000
4.351300,1920.000000
4.665180,1920.000000
4.414245,1920.000000
4.261298,1920.000000
4.360924,1920.000000
4.185930,1920.000000
4.389151,1920.000000
4.312997,1920.000000
4.413361,1920.000000
4.265412,1920.000000
4.339484,1920.000000
4.721777,1920.000000
4.327957,1920.000000
4.284753,1920.000000
4.252562,1920.000000
4.313762,1920.000000
4.478166,1920.000000
4.753352,1920.000000
4.487173,1920.000000
4.242161,1920.000000
4.174820,1920.000000
4.345076,1920.000000
4.754442,1920.000000
4.532727,1920.000000
4.568238,1920.000000
4.494060,1920.000000
4.545312,1920.000000
4.498973,1920.000000
4.451873,1920.000000
4.190117,1920.000000
4.779297,1920.000000
4.333493,1920.000000
4.371828,1920.000000
4.191166,1920.000000
4.276772,1920.000000
4.040804,1920.000000
4.452232,1920.000000
4.616872,1920.000000
4.510925,1920.000000
4.434426,1920.000000
4.337994,1920.000000
4.265992,1920.000000
4.471051,1920.000000
4.157509,1920.000000
4.723792,1920.000000
4.268978,1920.000000
4.075842,1920.000000
4.184284,1920.000000
4.359859,1920.000000
4.186226,1920.000000
4.164662,1920.000000
4.634664,1920.000000
4.574129,1920.000000
4.495589,1920.000000
4.249455,1920.000000
4.355892,1920.000000
4.426022,1920.000000
4.338552,1920.000000
4.355104,1920.000000
4.533263,1920.000000
4.685322,1920.000000
4.395613,1920.000000
4.329966,1920.000000
4.454118,1920.000000
4.523483,1920.000000
4.857867,1920.000000
4.811564,1920.000000
4.617037,1920.000000
4.612711,1920.000000
4.436365,1920.000000
4.685504,1920.000000
4.586620,1920.000000
4.861908,1920.000000
4.865377,1920.000000
4.725952,1920.000000
4.558764,1920.000000
4.594902,1920.000000
4.454791,1920.000000
4.375374,1920.000000
4.544140,1920.000000
4.783849,1920.000000
4.671658,1920.000000
4.553067,1920.000000
4.688657,1920.000000
4.484287,1920.000000
4.745481,1920.000000
4.580194,1920.000000
4.467260,1920.000000
4.999044,1920.000000
4.574192,1920.000000
4.554311,1920.000000
4.477742,1920.000000
4.673325,1920.000000
4.663020,1920.000000
4.615724,1920.000000
4.653658,1920.000000
4.456958,1920.000000
4.662431,1920.000000
4.265495,1920.000000
4.453293,1920.000000
4.723776,1920.000000
4.458782,1920.000000
4.907420,1920.000000
4.444983,1920.000000
4.536706,1920.000000
4.621500,1920.000000
4.453773,1920.000000
4.896098,1920.000000
4.547666,1920.000000
4.637461,1920.000000
4.470776,1920.000000
4.595193,1920.000000
4.484314,1920.000000
4.730665,1920.000000
4.790503,1920.000000
4.428925,1920.000000
4.508023,1920.000000
4.260304,1920.000000
4.466486,1920.000000
4.363922,1920.000000
4.337915,1920.000000
4.736594,1920.000000
4.646258,1920.000000
4.633782,1920.000000
4.461321,1920.000000
4.130650,1920.000000
4.382798,1920.000000
4.563405,1920.000000
4.442869,1920.000000
4.403938,1920.000000
4.772526,1920.000000
4.343795,1920.000000
4.545170,1920.000000
4.379340,1920.000000
4.437301,1920.000000
4.315521,1920.000000
4.416869,1920.000000
4.647164,1920.000000
4.197564,1920.000000
4.541542,1920.000000
4.459020,1920.000000
3.993773,1920.000000
4.387103,1920.000000
4.374779,1920.000000
3.994903,1920.000000
4.224206,1920.000000
4.123308,1920.000000
4.306726,1920.000000
4.438326,1920.000000
4.299923,1920.000000
4.094036,1920.000000
4.299470,1920.000000
4.139793,1920.000000
4.010552,1920.000000
4.359398,1920.000000
4.090951,1920.000000
4.496813,1920.000000
4.545131,1920.000000
4.297804,1920.000000
4.176012,1920.000000
4.121168,1920.000000
4.098129,1920.000000
4.029447,1920.000000
4.362113,1920.000000
3.984752,1920.000000
4.400840,1920.000000
4.084749,1920.000000
4.022585,1920.000000
4.309321,1920.000000
4.118765,1920.000000
4.229485,1920.000000
3.925323,1920.000000
4.141144,1920.000000
4.148785,1920.000000
3.964807,1920.000000
4.245407,1920.000000
4.262055,1920.000000
4.294184,1920.000000
4.185007,1920.000000
4.298732,1920.000000
4.154336,1920.000000
4.156754,1920.000000
4.125953,1920.000000
4.161084,1920.000000
4.286891,1920.000000
4.288218,1920.000000
4.289767,1920.000000
4.055542,1920.000000
4.690941,1920.000000
4.350265,1920.000000
4.263806,1920.000000
4.426909,1920.000000
4.061352,1920.000000
4.340021,1920.000000
4.066190,1920.000000
4.171505,1920.000000
4.224267,1920.000000
4.285995,1920.000000
4.590189,1920.000000
4.631610,1920.000000
4.512610,1920.000000
4.171386,1920.000000
4.637838,1920.000000
4.630894,1920.000000
4.089529,1920.000000
4.466849,1920.000000
4.588948,1920.000000
4.755428,1920.000000
4.376652,1920.000000
4.410368,1920.000000
4.404463,1920.000000
4.808906,1920.000000
4.634644,1920.000000
4.430293,1920.000000
4.356598,1920.000000
4.515177,1920.000000
4.341869,1920.000000
4.325881,1920.000000
4.251081,1920.000000
4.433578,1920.000000
4.576729,1920.000000
4.463303,1920.000000
4.108110,1920.000000
4.396711,1920.000000
4.155491,1920.000000
4.398637,1920.000000
4.518238,1920.000000
4.282447,1920.000000
4.552373,1920.000000
4.086619,1920.000000
4.334136,1920.000000
4.266764,1920.000000
4.366542,1920.000000
4.383594,1920.000000
4.233247,1920.000000
4.508678,1920.000000
4.184883,1920.000000
4.320805,1920.000000
4.038661,1920.000000
4.138846,1920.000000
4.486842,1920.000000
4.440486,1920.000000
4.407622,1920.000000
4.079178,1920.000000
4.386172,1920.000000
4.009064,1920.000000
4.084683,1920.000000
4.529872,1920.000000
4.411038,1920.000000
4.579773,1920.000000
4.316970,1920.000000
4.380828,1920.000000
4.553627,1920.000000
4.151870,1920.000000
4.422998,1920.000000
4.333875,1920.000000
4.594784,1920.000000
4.177071,1920.000000
4.392997,1920.000000
3.996147,1920.000000
4.323821,1920.000000
4.394692,1920.000000
4.562339,1920.000000
4.162937,1920.000000
4.176046,1920.000000
4.153545,1920.000000
4.034648,1920.000000
4.150010,1920.000000
4.296122,1920.000000
4.241407,1920.000000
4.153757,1920.000000
4.250255,1920.000000
4.170728,1920.000000
4.576123,1920.000000
4.158064,1920.000000
4.273453,1920.000000
4.305637,1920.000000
4.303473,1920.000000
4.121290,1920.000000
4.403760,1920.000000
4.220471,1920.000000
4.363581,1920.000000
4.336086,1920.000000
4.409511,1920.000000
4.482719,1920.000000
4.287490,1920.000000
4.430269,1920.000000
4.371171,1920.000000
4.505754,1920.000000
4.417739,1920.000000
4.167093,1920.000000
4.773079,1920.000000
4.336147,1920.000000
4.449819,1920.000000
4.521099,1920.000000
4.529650,1920.000000
4.244755,1920.000000
4.424944,1920.000000
4.226727,1920.000000
4.240243,1920.000000
4.121253,1920.000000
4.204730,1920.000000
4.267292,1920.000000
4.477867,1920.000000
4.456529,1920.000000
4.480306,1920.000000
4.018673,1920.000000
4.301807,1920.000000
4.028656,1920.000000
4.291291,1920.000000
4.704684,1920.000000
4.544393,1920.000000
4.287833,1920.000000
4.436429,1920.000000
4.372135,1920.000000
4.010072,1920.000000
4.216454,1920.000000
4.358573,1920.000000
3.933915,1920.000000
4.336500,1920.000000
4.233016,1920.000000
4.198530,1920.000000
4.279623,1920.000000
4.186838,1920.000000
4.281870,1920.000000
4.392868,1920.000000
4.438594,1920.000000
4.284683,1920.000000
4.301858,1920.000000
4.200843,1920.000000
4.125772,1920.000000
4.253048,1920.000000
4.551452,1920.000000
4.101479,1920.000000
4.200422,1920.000000
4.262922,1920.000000
4.373993,1920.000000
4.214313,1920.000000
4.339970,1920.000000
4.032087,1920.000000
4.375196,1920.000000
3.945272,1920.000000
3.956263,1920.000000
3.973471,1920.000000
4.221737,1920.000000
4.135420,1920.000000
4.331056,1920.000000
4.411941,1920.000000
4.251378,1920.000000
4.350270,1920.000000
4.017063,1920.000000
4.017832,1920.000000
4.405815,1920.000000
3.989449,1920.000000
4.030221,1920.000000
4.059993,1920.000000
4.216500,1920.000000
4.600241,1920.000000
4.240708,1920.000000
4.343062,1920.000000
4.198961,1920.000000
4.338382,1920.000000
4.283860,1920.000000
4.304958,1920.000000
4.278461,1920.000000
3.985594,1920.000000
4.166333,1920.000000
4.303178,1920.000000
4.322740,1920.000000
4.278176,1920.000000
4.198136,1920.000000
4.252023,1920.000000
4.298369,1920.000000
4.443763,1920.000000
4.355721,1920.000000
4.456673,1920.000000
4.105923,1920.000000
4.036423,1920.000000
4.405644,1920.000000
4.195421,1920.000000
4.335046,1920.000000
4.392815,1920.000000
4.487183,1920.000000
4.213335,1920.000000
4.358156,1920.000000
4.131124,1920.000000
4.186855,1920.000000
4.320826,1920.000000
4.432438,1920.000000
4.189338,1920.000000
4.067551,1920.000000
4.228429,1920.000000
4.334788,1920.000000
3.987082,1920.000000
4.542382,1920.000000
4.196015,1920.000000
4.196426,1920.000000
4.215592,1920.000000
4.360942,1920.000000
4.607655,1920.000000
4.480830,1920.000000
4.242113,1920.000000
4.389718,1920.000000
4.516304,1920.000000
4.236427,1920.000000
4.329081,1920.000000
4.315482,1920.000000
3.922491,1920.000000
4.121192,1920.000000
4.183290,1920.000000
4.408306,1920.000000
4.222076,1920.000000
4.261977,1920.000000
4.297351,1920.000000
4.014782,1920.000000
4.502997,1920.000000
4.237767,1920.000000
4.201260,1920.000000
4.472237,1920.000000
4.344452,1920.000000
4.248931,1920.000000
4.219397,1920.000000
4.233729,1920.000000
4.152837,1920.000000
4.164529,1920.000000
4.179562,1920.000000
4.048254,1920.000000
4.068508,1920.000000
4.284269,1920.000000
4.263160,1920.000000
4.431827,1920.000000
4.367679,1920.000000
4.363545,1920.000000
4.271963,1920.000000
4.348660,1920.000000
4.289905,1920.000000
4.183665,1920.000000
4.579008,1920.000000
4.251044,1920.000000
4.078878,1920.000000
4.388807,1920.000000
4.322095,1920.000000
4.352678,1920.000000
4.514315,1920.000000
4.465183,1920.000000
4.353905,1920.000000
4.154237,1920.000000
4.346610,1920.000000
4.302699,1920.000000
4.381130,1920.000000
4.192268,1920.000000
4.586610,1920.000000
4.722583,1920.000000
4.374246,1920.000000
4.439134,1920.000000
4.175635,1920.000000
4.209224,1920.000000
4.680018,1920.000000
4.736964,1920.000000
4.531983,1920.000000
4.207530,1920.000000
4.347258,1920.000000
4.627122,1920.000000
4.479517,1920.000000
4.494719,1920.000000
4.491037,1920.000000
4.549149,1920.000000
4.321803,1920.000000
4.347698,1920.000000
4.459953,1920.000000
4.405917,1920.000000
4.532487,1920.000000
4.484546,1920.000000
4.488561,1920.000000
4.274127,1920.000000
4.500828,1920.000000
4.246106,1920.000000
4.160041,1920.000000
4.462675,1920.000000
4.611361,1920.000000
4.422925,1920.000000
4.286769,1920.000000
4.153825,1920.000000
4.477455,1920.000000
4.374772,1920.000000
4.694923,1920.000000
4.314223,1920.000000
4.255315,1920.000000
4.329071,1920.000000
4.363235,1920.000000
4.238536,1920.000000
4.440298,1920.000000
4.387575,1920.000000
4.416278,1920.000000
4.709498,1920.000000
4.485902,1920.000000
4.315090,1920.000000
4.068510,1920.000000
4.448648,1920.000000
4.291203,1920.000000
4.513149,1920.000000
4.650807,1920.000000
4.432996,1920.000000
4.362347,1920.000000
4.505405,1920.000000
4.449049,1920.000000
5.076696,1920.000000
5.010588,1920.000000
4.830482,1920.000000
4.744327,1920.000000
4.383538,1920.000000
4.721081,1920.000000
4.673325,1920.000000
4.845987,1920.000000
4.854232,1920.000000
4.742518,1920.000000
4.516002,1920.000000
4.466033,1920.000000
4.632031,1920.000000
4.452738,1920.000000
4.500631,1920.000000
4.811979,1920.000000
4.592283,1920.000000
4.388121,1920.000000
4.623812,1920.000000
4.293413,1920.000000
4.838764,1920.000000
4.541217,1920.000000
4.638563,1920.000000
5.001539,1920.000000
4.541598,1920.000000
4.615435,1920.000000
4.780701,1920.000000
4.592703,1920.000000
4.548782,1920.000000
4.674104,1920.000000
4.490801,1920.000000
4.428785,1920.000000
4.550344,1920.000000
4.356047,1920.000000
4.594082,1920.000000
4.761018,1920.000000
4.606186,1920.000000
4.484070,1920.000000
4.551939,1920.000000
4.502287,1920.000000
4.722462,1920.000000
4.555955,1920.000000
4.785794,1920.000000
4.445247,1920.000000
4.798156,1920.000000
4.398813,1920.000000
4.327684,1920.000000
4.514093,1920.000000
4.622184,1920.000000
4.700923,1920.000000
4.581820,1920.000000
4.605487,1920.000000
4.319226,1920.000000
4.710358,1920.000000
4.235772,1920.000000
4.469361,1920.000000
4.697815,1920.000000
4.420766,1920.000000
4.674831,1920.000000
4.496720,1920.000000
4.326139,1920.000000
4.173902,1920.000000
4.660714,1920.000000
4.431703,1920.000000
4.274546,1920.000000
4.507759,1920.000000
4.431800,1920.000000
4.398242,1920.000000
4.344241,1920.000000
4.529631,1920.000000
4.484580,1920.000000
4.459885,1920.000000
4.778774,1920.000000
4.178565,1920.000000
4.363194,1920.000000
4.107566,1920.000000
3.932365,1920.000000
4.460859,1920.000000
4.566442,1920.000000
4.189865,1920.000000
4.453478,1920.000000
4.310783,1920.000000
4.297881,1920.000000
4.316889,1920.000000
4.371119,1920.000000
4.175835,1920.000000
4.475157,1920.000000
4.049825,1920.000000
4.080959,1920.000000
4.267350,1920.000000
4.018959,1920.000000
4.527034,1920.000000
4.405213,1920.000000
4.180255,1920.000000
4.109231,1920.000000
4.072352,1920.000000
4.020192,1920.000000
4.028738,1920.000000
4.525442,1920.000000
4.102929,1920.000000
4.499828,1920.000000
4.009918,1920.000000
3.859055,1920.000000
4.312424,1920.000000
4.059482,1920.000000
4.258765,1920.000000
3.947916,1920.000000
4.354592,1920.000000
4.173804,1920.000000
4.095670,1920.000000
4.424944,1920.000000
4.383621,1920.000000
4.384588,1920.000000
4.502927,1920.000000
4.396620,1920.000000
4.086858,1920.000000
4.216880,1920.000000
4.171172,1920.000000
4.152564,1920.000000
4.364864,1920.000000
4.215054,1920.000000
4.376428,1920.000000
4.128030,1920.000000
4.585199,1920.000000
4.210468,1920.000000
4.372130,1920.000000
4.064695,1920.000000
4.215886,1920.000000
4.495743,1920.000000
4.116949,1920.000000
4.289018,1920.000000
4.082568,1920.000000
4.378466,1920.000000
4.549287,1920.000000
4.467539,1920.000000
4.558597,1920.000000
4.127138,1920.000000
4.471236,1920.000000
4.690593,1920.000000
4.147736,1920.000000
4.428138,1920.000000
4.663268,1920.000000
4.708322,1920.000000
4.225304,1920.000000
4.349833,1920.000000
4.445789,1920.000000
4.727076,1920.000000
4.784922,1920.000000
4.257639,1920.000000
4.459352,1920.000000
4.203575,1920.000000
4.465432,1920.000000
4.417707,1920.000000
4.272702,1920.000000
4.362307,1920.000000
4.685851,1920.000000
4.561242,1920.000000
4.139940,1920.000000
4.202386,1920.000000
4.158223,1920.000000
4.374391,1920.000000
4.156434,1920.000000
4.186862,1920.000000
4.593101,1920.000000
4.272258,1920.000000
4.347174,1920.000000
4.299866,1920.000000
4.396259,1920.000000
4.424851,1920.000000
4.453851,1920.000000
4.375556,1920.000000
3.952548,1920.000000
4.260796,1920.000000
4.128840,1920.000000
4.306771,1920.000000
4.154471,1920.000000
4.460773,1920.000000
4.463537,1920.000000
4.259969,1920.000000
4.113111,1920.000000
4.194605,1920.000000
4.194553,1920.000000
4.478319,1920.000000
4.325445,1920.000000
4.391981,1920.000000
4.375422,1920.000000
4.322891,1920.000000
4.597447,1920.000000
4.456825,1920.000000
4.401868,1920.000000
4.270600,1920.000000
4.262220,1920.000000
4.420959,1920.000000
4.353808,1920.000000
4.318379,1920.000000
4.310006,1920.000000
4.310978,1920.000000
4.270304,1920.000000
4.468516,1920.000000
4.105036,1920.000000
4.188493,1920.000000
4.196509,1920.000000
4.211938,1920.000000
4.212119,1920.000000
4.290119,1920.000000
4.326334,1920.000000
4.214268,1920.000000
4.232937,1920.000000
4.298748,1920.000000
4.302794,1920.000000
4.473690,1920.000000
4.229650,1920.000000
4.320337,1920.000000
3.903050,1920.000000
4.356772,1920.000000
4.388031,1920.000000
4.409830,1920.000000
4.448067,1920.000000
4.569355,1920.000000
4.302681,1920.000000
4.040043,1920.000000
4.500839,1920.000000
4.216306,1920.000000
4.296667,1920.000000
4.730580,1920.000000
4.326505,1920.000000
4.557584,1920.000000
4.416674,1920.000000
4.330355,1920.000000
4.816078,1920.000000
4.639830,1920.000000
4.331220,1920.000000
4.292775,1920.000000
4.339343,1920.000000
4.228210,1920.000000
4.140250,1920.000000
4.193699,1920.000000
4.086303,1920.000000
4.394647,1920.000000
4.413160,1920.000000
4.429608,1920.000000
4.227900,1920.000000
4.282991,1920.000000
4.052296,1920.000000
4.352379,1920.000000
4.532132,1920.000000
4.587563,1920.000000
4.106660,1920.000000
4.243761,1920.000000
4.265372,1920.000000
4.097162,1920.000000
4.407437,1920.000000
4.390572,1920.000000
4.374806,1920.000000
4.372941,1920.000000
4.176160,1920.000000
4.396147,1920.000000
4.167067,1920.000000
4.323516,1920.000000
4.260796,1920.000000
4.539125,1920.000000
4.294052,1920.000000
4.047620,1920.000000
3.989952,1920.000000
4.237088,1920.000000
4.343345,1920.000000
4.248503,1920.000000
4.251101,1920.000000
4.401379,1920.000000
4.107720,1920.000000
4.095882,1920.000000
4.309000,1920.000000
4.131836,1920.000000
4.337077,1920.000000
4.049515,1920.000000
4.404412,1920.000000
4.023291,1920.000000
4.073514,1920.000000
4.098263,1920.000000
4.259559,1920.000000
4.105383,1920.000000
4.243685,1920.000000
4.444416,1920.000000
4.219630,1920.000000
4.124680,1920.000000
3.872687,1920.000000
4.008274,1920.000000
4.555208,1920.000000
4.252561,1920.000000
4.228027,1920.000000
4.291879,1920.000000
4.061520,1920.000000
4.335593,1920.000000
4.179066,1920.000000
4.392384,1920.000000
4.416669,1920.000000
4.324725,1920.000000
4.026450,1920.000000
4.149233,1920.000000
3.967862,1920.000000
3.989354,1920.000000
4.413048,1920.000000
4.179212,1920.000000
4.546110,1920.000000
4.305702,1920.000000
4.248678,1920.000000
4.223544,1920.000000
4.115821,1920.000000
4.435653,1920.000000
4.209162,1920.000000
4.576536,1920.000000
4.150620,1920.000000
4.304158,1920.000000
4.257517,1920.000000
4.114305,1920.000000
4.310565,1920.000000
4.366973,1920.000000
4.553738,1920.000000
4.047141,1920.000000
4.329147,1920.000000
4.213108,1920.000000
4.295957,1920.000000
4.199849,1920.000000
4.319631,1920.000000
4.388331,1920.000000
4.250844,1920.000000
4.526936,1920.000000
4.159469,1920.000000
4.241463,1920.000000
4.321714,1920.000000
4.229494,1920.000000
4.254519,1920.000000
4.178255,1920.000000
4.352621,1920.000000
4.441967,1920.000000
4.367117,1920.000000
4.619874,1920.000000
4.500961,1920.000000
4.214861,1920.000000
4.172864,1920.000000
4.019587,1920.000000
4.130276,1920.000000
3.958061,1920.000000
4.379570,1920.000000
4.233030,1920.000000
4.507275,1920.000000
4.078026,1920.000000
4.137166,1920.000000
4.155857,1920.000000
4.110259,1920.000000
4.464722,1920.000000
4.313825,1920.000000
4.240501,1920.000000
4.182201,1920.000000
4.187353,1920.000000
4.265778,1920.000000
4.309115,1920.000000
4.082783,1920.000000
4.270698,1920.000000
4.167680,1920.000000
4.243729,1920.000000
4.179393,1920.000000
4.300481,1920.000000
4.137081,1920.000000
4.072383,1920.000000
4.264254,1920.000000
4.483811,1920.000000
4.152066,1920.000000
4.236939,1920.000000
4.214167,1920.000000
4.354570,1920.000000
4.472511,1920.000000
4.466480,1920.000000
4.626642,1920.000000
4.262164,1920.000000
4.307750,1920.000000
4.359585,1920.000000
4.678616,1920.000000
4.389984,1920.000000
4.173806,1920.000000
4.293303,1920.000000
4.181964,1920.000000
4.412325,1920.000000
4.163495,1920.000000
4.384790,1920.000000
4.288388,1920.000000
4.465894,1920.000000
4.459701,1920.000000
4.630805,1920.000000
4.584682,1920.000000
3.996689,1920.000000
4.367061,1920.000000
4.582589,1920.000000
4.620545,1920.000000
4.528926,1920.000000
4.346952,1920.000000
4.376413,1920.000000
4.437235,1920.000000
4.614300,1920.000000
4.481606,1920.000000
4.480900,1920.000000
4.464797,1920.000000
4.490716,1920.000000
4.296018,1920.000000
4.443772,1920.000000
4.363682,1920.000000
4.693315,1920.000000
4.216670,1920.000000
4.437988,1920.000000
4.282303,1920.000000
4.342725,1920.000000
4.179124,1920.000000
4.186120,1920.000000
4.718880,1920.000000
4.654121,1920.000000
4.488911,1920.000000
4.344900,1920.000000
4.321966,1920.000000
4.445999,1920.000000
4.255432,1920.000000
4.473951,1920.000000
4.236594,1920.000000
4.276472,1920.000000
4.250766,1920.000000
4.142326,1920.000000
4.366861,1920.000000
4.207336,1920.000000
4.516322,1920.000000
4.689220,1920.000000
4.572097,1920.000000
4.307469,1920.000000
4.261004,1920.000000
4.329777,1920.000000
4.358518,1920.000000
4.368470,1920.000000
4.565681,1920.000000
4.741299,1920.000000
4.306073,1920.000000
4.477045,1920.000000
4.615994,1920.000000
4.650500,1920.000000
4.881267,1920.000000
4.793803,1920.000000
4.660325,1920.000000
4.581178,1920.000000
4.442920,1920.000000
4.700960,1920.000000
4.929229,1920.000000
4.761443,1920.000000
5.042321,1920.000000
4.513192,1920.000000
4.538072,1920.000000
4.674526,1920.000000
4.624186,1920.000000
4.534237,1920.000000
4.541972,1920.000000
4.577398,1920.000000
4.601969,1920.000000
165.831080,1920.000000
57.188037,1920.000000
67.433725,1920.000000
84.369772,1920.000000
56.991464,1920.000000
151.752834,1920.000000
55.846884,1920.000000
63.792065,1920.000000
66.754840,1920.000000
157.152298,1920.000000
32.464067,1920.000000
42.881199,1920.000000
128.093598,1920.000000
65.985167,1920.000000
226.185354,1920.000000
178.592897,1920.000000
100.804863,1920.000000
107.185974,1920.000000
37.827459,1920.000000
35.013836,1920.000000
37.852588,1920.000000
