3,14,20,1,1,0.819539
2,14,2,3,1,0.705439
3,20,12,0,0,0.519022
3,19,0,0,3,0.390150
0,2,3,0,3,0.374181
3,20,15,0,1,0.276613
3,8,10,1,0,0.293048
0,3,2,3,0,0.261282
0,2,1,0,0,0.202034
2,3,1,2,0,0.216706
2,12,3,1,0,0.211383
0,2,3,1,0,0.200513
2,2,1,2,0,0.182311
2,14,1,2,0,0.193052
3,11,0,2,1,0.241277
3,20,0,2,1,0.173237
2,10,1,2,1,0.171403
3,20,12,2,0,0.151604
0,3,1,0,0,0.139975
2,8,1,2,0,0.148412
3,16,1,0,1,0.166617
0,3,1,2,1,0.125737
3,20,5,0,1,0.145497
2,9,2,3,1,0.114867
2,14,2,3,1,0.129095
3,4,5,2,0,0.145725
0,1,3,0,0,0.113892
0,2,3,0,0,0.099247
0,3,1,1,0,0.107972
3,12,18,2,2,0.088601
2,20,3,1,2,0.100072
0,3,2,2,2,0.096458
3,15,4,1,3,0.096290
3,8,10,3,0,0.083438
3,8,8,3,3,0.093538
3,20,12,1,0,0.078568
2,14,2,3,0,0.087345
2,14,3,1,0,0.092732
2,17,2,1,0,0.087838
3,16,16,1,0,0.088878
0,3,2,1,0,0.072591
2,14,2,3,0,0.074178
3,16,1,0,3,0.094700
3,20,12,3,0,0.074263
0,0,2,3,0,0.070420
3,3,20,0,3,0.072771
2,3,2,0,3,0.072949
2,3,2,1,3,0.080284
2,6,2,0,3,0.075868
3,20,2,0,0,0.066381
3,17,2,0,2,0.074765
3,7,7,0,0,0.063053
3,8,10,0,0,0.071773
3,11,11,0,3,0.064910
3,20,17,0,0,0.060335
2,9,2,0,0,0.061416
3,9,1,1,0,0.082264
2,0,2,0,0,0.057834
3,7,15,0,0,0.057134
2,10,3,0,0,0.061118
2,18,3,0,0,0.058934
2,14,3,0,0,0.057473
2,14,2,0,0,0.061226
2,5,3,0,0,0.058646
3,15,18,0,0,0.059330
3,20,12,0,0,0.049740
2,2,2,0,0,0.058780
3,12,18,0,3,0.063453
2,20,2,0,3,0.055870
2,14,3,0,3,0.064134
2,14,2,0,3,0.056742
0,3,2,0,3,0.054943
0,2,3,0,3,0.052225
2,12,2,0,3,0.051158
0,2,2,0,3,0.047969
3,5,4,3,0,0.045732
2,20,2,3,0,0.053749
3,4,5,1,3,0.055299
3,8,12,3,3,0.049616
2,3,2,3,3,0.042200
3,20,12,3,1,0.043482
3,20,12,3,0,0.045343
3,15,18,3,0,0.049846
2,14,2,1,0,0.050311
2,9,2,3,0,0.050217
3,20,10,3,1,0.042127
2,12,2,3,1,0.040371
3,5,18,3,0,0.044277
2,19,2,3,0,0.047237
2,8,3,1,0,0.041675
3,0,11,1,0,0.041400
2,16,3,1,0,0.040768
2,19,3,1,0,0.040919
2,16,1,1,0,0.053894
3,12,20,1,1,0.038619
2,1,3,1,1,0.042498
3,20,2,1,2,0.038405
2,2,3,1,2,0.037175
0,0,3,1,2,0.040786
0,3,2,3,2,0.039362
3,1,9,1,2,0.034227
3,4,15,1,0,0.034986
2,9,1,1,0,0.038768
2,20,1,1,0,0.045524
2,19,2,1,0,0.043806
3,18,15,1,3,0.043688
2,15,1,1,3,0.042866
3,3,20,1,0,0.035830
3,16,13,1,2,0.034154
3,9,13,1,2,0.035824
2,16,1,1,2,0.034426
3,15,8,1,1,0.032910
3,9,13,1,3,0.036654
0,2,1,1,3,0.037816
3,12,4,2,3,0.030943
2,3,3,2,3,0.031870
2,2,3,1,3,0.039673
3,18,15,2,1,0.028345
2,5,3,0,1,0.028165
3,20,12,1,0,0.029599
3,20,12,1,1,0.033284
2,3,3,1,1,0.027073
3,0,11,1,3,0.027191
2,20,3,1,3,0.035568
2,3,2,1,3,0.036157
2,14,1,0,3,0.034514
2,14,1,0,3,0.037548
2,14,3,1,3,0.031302
3,19,20,1,2,0.031741
2,18,3,1,2,0.028152
3,9,13,1,3,0.027088
2,0,3,2,3,0.026132
2,6,3,2,3,0.026971
2,14,2,1,3,0.034986
3,20,12,0,0,0.032867
2,12,3,1,0,0.027284
3,20,17,1,0,0.029204
2,17,3,0,0,0.033183
3,12,20,2,1,0.024575
2,20,1,0,1,0.031925
2,9,2,1,1,0.031763
3,4,15,0,2,0.027881
2,13,3,1,2,0.023144
3,9,13,1,1,0.023317
2,9,2,1,1,0.024527
0,1,3,1,1,0.026625
3,8,12,0,0,0.027059
2,5,1,0,0,0.025890
3,7,7,1,3,0.024779
3,7,7,0,1,0.025491
2,7,3,0,1,0.028028
2,19,1,0,1,0.026556
3,15,7,1,0,0.023857
2,19,2,1,0,0.027682
3,4,15,0,0,0.027970
0,2,2,1,0,0.021558
0,2,3,0,0,0.021179
2,17,3,2,0,0.021110
3,20,17,2,2,0.024647
3,2,20,0,1,0.021778
3,2,20,2,3,0.029875
3,2,20,2,0,0.027150
0,3,1,0,0,0.022213
2,14,3,1,0,0.025901
2,20,3,0,0,0.026681
3,9,13,1,0,0.024802
3,12,18,2,1,0.024099
3,12,18,1,0,0.021552
3,9,13,0,0,0.025150
3,18,5,2,2,0.021465
3,9,13,0,2,0.023641
3,18,5,1,2,0.026074
2,17,3,0,2,0.022461
3,20,12,1,0,0.024081
2,12,3,3,0,0.029274
3,20,2,1,1,0.024531
2,15,3,1,1,0.022952
3,20,17,0,0,0.025319
3,2,20,3,2,0.022073
0,1,3,3,2,0.019012
2,15,3,2,2,0.017775
3,18,15,0,3,0.023452
2,19,3,1,3,0.022219
0,2,3,0,3,0.024411
3,9,13,1,3,0.018476
2,16,2,3,3,0.019963
2,14,3,1,3,0.020960
2,17,1,1,3,0.021720
2,6,3,1,3,0.019120
2,6,1,1,3,0.020436
3,12,20,1,1,0.017267
2,20,2,3,1,0.017650
2,11,3,1,1,0.021735
2,9,2,3,1,0.019086
3,6,9,1,0,0.018813
0,3,2,3,0,0.017774
2,1,2,0,0,0.015699
2,4,2,0,0,0.017942
2,14,3,1,0,0.018614
2,14,2,0,0,0.022405
2,14,1,1,0,0.025659
2,14,2,0,0,0.021940
0,2,1,1,0,0.020057
2,9,3,1,0,0.017319
2,20,1,0,0,0.019261
3,6,9,1,0,0.017967
0,2,3,1,0,0.014393
2,16,2,1,0,0.015936
2,16,1,0,0,0.018960
3,16,13,0,2,0.018438
3,16,13,2,2,0.017181
2,6,2,1,2,0.019954
3,6,9,0,1,0.021002
2,10,2,0,1,0.016955
2,14,3,2,1,0.017820
2,14,2,0,1,0.021018
2,14,3,2,1,0.017564
2,15,2,0,1,0.017556
0,3,2,1,1,0.018430
0,3,2,0,1,0.015684
3,12,20,1,3,0.015232
3,12,20,0,2,0.020285
3,12,4,1,3,0.015642
0,3,1,0,3,0.015764
2,19,2,1,3,0.017149
3,4,5,0,1,0.016543
2,12,3,0,1,0.015068
3,12,4,1,3,0.017180
2,8,2,1,3,0.017474
2,8,3,0,3,0.016778
2,3,1,1,3,0.016129
3,3,20,0,3,0.018557
3,20,10,0,2,0.018457
2,10,1,1,2,0.017124
3,10,20,2,1,0.017835
2,12,1,1,1,0.015222
3,20,12,1,0,0.026792
3,12,20,0,3,0.019379
3,4,5,1,1,0.015518
2,0,1,1,1,0.015212
2,16,2,1,1,0.016459
3,12,4,0,1,0.016338
3,12,8,0,2,0.016367
3,15,8,0,1,0.026859
3,15,8,1,1,0.026851
2,6,2,1,1,0.027777
2,13,2,0,1,0.018139
2,17,3,2,1,0.013837
2,2,3,2,1,0.013074
3,2,20,2,0,0.013297
2,20,3,1,0,0.016392
2,3,2,1,0,0.018457
2,17,3,2,0,0.016424
3,16,13,1,2,0.016412
3,16,13,2,2,0.015708
2,13,2,1,2,0.019803
2,3,2,0,2,0.016084
2,3,3,1,2,0.016350
0,1,3,2,2,0.012528
2,10,3,0,2,0.011638
2,14,3,0,2,0.013322
2,14,3,0,2,0.015265
2,19,2,0,2,0.014693
2,19,2,1,2,0.012909
2,16,2,0,2,0.017041
2,9,2,1,2,0.015458
2,9,2,0,2,0.015141
3,3,20,0,1,0.014241
2,3,3,0,1,0.012824
2,9,2,1,1,0.016303
3,16,13,0,2,0.014418
2,7,2,1,2,0.013293
2,14,2,0,2,0.014496
2,14,2,0,2,0.013762
2,20,2,0,2,0.016192
2,14,2,1,2,0.013260
3,12,18,1,0,0.013905
3,6,9,0,0,0.012101
2,19,3,0,0,0.011334
2,8,3,0,0,0.012120
2,17,2,0,0,0.012261
3,16,13,1,2,0.012821
2,13,3,0,2,0.012960
3,9,13,1,2,0.015390
2,9,3,0,2,0.013275
3,16,13,0,2,0.014103
2,8,3,0,2,0.012130
2,5,3,0,2,0.011392
2,16,3,0,2,0.011864
3,6,9,0,0,0.012040
3,16,13,0,2,0.011968
3,16,13,0,2,0.013675
2,14,2,0,2,0.011636
2,14,3,0,2,0.011941
2,11,3,0,2,0.011398
3,15,4,0,2,0.011861
0,2,3,0,2,0.011569
0,0,3,0,2,0.012506
3,3,20,1,3,0.010963
2,3,2,0,3,0.015195
2,3,3,1,3,0.011661
0,2,2,0,3,0.012685
0,2,3,1,3,0.012449
3,7,7,1,3,0.010494
2,11,2,1,3,0.009869
2,6,1,1,3,0.014337
2,6,2,1,3,0.012163
0,3,1,1,3,0.013953
2,6,3,3,3,0.010845
3,6,9,0,0,0.011183
2,19,2,1,0,0.012706
0,3,1,0,0,0.013973
2,13,2,1,0,0.011315
2,9,3,1,0,0.014182
2,14,3,3,0,0.011522
2,14,3,3,0,0.011693
2,9,3,3,0,0.011125
0,2,1,0,0,0.009616
2,17,3,1,0,0.010982
3,20,17,1,2,0.013729
2,9,3,1,2,0.010381
2,14,3,3,2,0.010393
2,2,2,1,2,0.012460
0,1,3,1,2,0.011215
2,14,2,1,2,0.010535
3,4,5,3,1,0.011374
3,4,5,1,1,0.012258
2,0,3,0,1,0.012048
2,0,2,1,1,0.011964
2,16,1,0,1,0.012737
0,3,2,1,1,0.011657
2,20,1,1,1,0.012014
3,12,20,3,2,0.012164
2,17,3,3,2,0.010527
0,1,3,3,2,0.011357
2,15,1,1,2,0.010638
2,2,1,1,2,0.009808
3,20,2,1,2,0.010999
3,2,20,1,1,0.010843
3,2,20,1,3,0.013205
2,7,2,1,3,0.010133
0,2,1,1,3,0.011623
3,3,20,1,3,0.009456
2,3,2,1,3,0.011311
3,16,13,1,2,0.010687
3,16,13,0,2,0.010015
3,12,18,1,0,0.011428
2,3,3,0,0,0.010154
2,11,2,1,0,0.009862
2,20,1,0,0,0.011746
2,19,2,1,0,0.010873
2,19,1,0,0,0.011573
3,4,5,1,1,0.009490
3,4,5,0,3,0.017324
3,4,5,1,1,0.015879
3,7,7,0,3,0.008795
3,10,20,0,1,0.009182
2,10,1,0,1,0.009875
2,14,1,0,1,0.009134
3,12,8,1,2,0.010279
2,8,1,0,2,0.010843
2,12,2,1,2,0.010299
3,12,18,0,0,0.009453
2,19,2,1,0,0.008620
0,3,1,0,0,0.011128
0,3,2,1,0,0.009319
2,0,3,0,0,0.011071
2,0,2,1,0,0.009932
3,2,20,1,0,0.008109
3,20,17,0,1,0.009131
2,17,2,1,1,0.010074
2,17,3,0,1,0.011017
2,14,2,1,1,0.010437
0,2,3,0,1,0.011339
2,13,2,1,1,0.008422
3,16,13,1,2,0.010257
2,16,2,3,2,0.011357
3,20,17,3,1,0.008425
3,4,5,1,3,0.013196
3,4,5,1,3,0.013457
3,4,5,1,1,0.010126
2,0,2,3,1,0.008473
2,9,2,1,1,0.008121
2,13,2,3,1,0.009952
3,6,9,3,0,0.008475
3,6,9,1,0,0.010202
2,9,2,1,0,0.010659
2,1,3,1,0,0.009848
2,6,2,1,0,0.010123
3,12,4,1,3,0.010154
2,19,2,1,3,0.008146
3,10,20,0,1,0.007991
3,12,8,1,2,0.007685
2,12,2,3,2,0.009347
2,15,2,1,2,0.009617
3,12,8,1,2,0.010276
3,12,18,1,2,0.017046
3,12,18,3,0,0.010004
2,15,2,3,0,0.008039
2,15,2,3,0,0.009822
2,15,2,3,0,0.007838
2,15,2,3,0,0.009218
2,15,3,1,0,0.008759
2,0,2,1,0,0.009351
0,1,3,1,0,0.010817
0,3,2,1,0,0.008589
2,12,2,1,0,0.010129
3,3,20,1,3,0.008383
2,3,2,3,3,0.009069
3,12,4,1,3,0.007905
3,20,2,3,1,0.008160
3,2,20,3,2,0.008515
2,20,2,1,2,0.007564
2,6,2,1,2,0.010242
2,6,2,1,2,0.009039
2,20,2,1,2,0.010106
2,20,2,1,2,0.009192
2,16,2,3,2,0.009808
2,17,2,1,2,0.009200
3,9,13,3,3,0.008993
2,9,2,1,3,0.007049
2,9,2,1,3,0.007894
3,12,4,3,3,0.007243
2,3,2,3,3,0.007706
2,14,2,3,3,0.007690
2,14,2,3,3,0.009753
2,14,2,3,3,0.008490
2,12,2,3,3,0.008238
3,12,18,1,2,0.008280
3,16,13,3,2,0.007082
3,16,13,1,2,0.011200
3,16,13,3,2,0.009786
3,12,18,1,2,0.011772
0,3,2,3,2,0.007430
2,14,1,1,2,0.006978
3,20,17,1,1,0.006962
2,17,2,1,1,0.008417
2,14,1,1,1,0.007116
0,2,1,1,1,0.007261
3,12,20,1,3,0.007104
0,3,2,1,3,0.006425
0,3,2,1,3,0.009098
2,17,1,0,3,0.010423
0,3,2,1,3,0.008946
3,12,18,0,0,0.009999
0,2,2,1,0,0.007947
2,13,1,0,0,0.007456
2,13,2,1,0,0.007925
2,1,1,0,0,0.009249
2,17,2,1,0,0.008686
2,0,1,0,0,0.008068
2,7,2,1,0,0.008196
2,4,1,0,0,0.007957
2,0,2,1,0,0.007755
2,5,1,0,0,0.008582
3,12,20,1,3,0.007117
3,12,18,0,2,0.007654
3,10,20,0,0,0.006068
3,7,7,0,3,0.006548
0,3,2,1,3,0.006803
2,12,1,0,3,0.008745
3,12,20,0,2,0.008327
2,6,2,1,2,0.008637
3,6,9,0,0,0.008756
2,6,2,1,0,0.008723
2,5,2,0,0,0.006836
2,12,2,1,0,0.008253
3,10,20,0,1,0.007737
2,14,2,0,1,0.006979
2,3,2,0,1,0.006991
3,16,13,1,2,0.006862
3,16,13,1,2,0.008662
2,18,2,0,2,0.006284
2,0,2,1,2,0.006950
2,6,1,0,2,0.009082
2,15,2,1,2,0.007662
2,20,1,0,2,0.008111
2,20,2,1,2,0.008536
3,6,9,0,0,0.008590
3,6,9,1,0,0.008851
2,9,1,0,0,0.008665
2,9,2,1,0,0.007715
2,0,2,1,0,0.007332
2,16,2,0,0,0.005937
2,16,2,1,0,0.008801
2,16,2,0,0,0.006755
2,9,2,1,0,0.008614
2,8,1,0,0,0.008229
2,8,2,1,0,0.008745
3,6,9,0,0,0.007741
2,6,2,1,0,0.007130
2,8,1,0,0,0.008648
3,6,9,1,0,0.007302
2,9,2,0,0,0.007360
2,19,2,0,0,0.005948
2,19,2,1,0,0.007958
0,1,1,0,0,0.008211
2,8,2,1,0,0.007397
2,8,2,0,0,0.007071
2,10,2,1,0,0.007138
0,0.500000
1,0.700000
0,0.100000
0,0.100000
0,0.100000
0,0.100000
0,0.100000
1,0.400000
0,0.100000
1,0.400000
0,0.200000
0,0.200000
1,0.400000
1,0.400000
1,0.400000
1,0.200000
1,0.200000
1,0.200000
0,0.100000
1,0.400000
0,0.100000
1,0.400000
0,0.100000
1,0.200000
1,0.200000
1,0.400000
0,0.100000
1,0.100000
0,0.100000
1,0.400000
0,0.100000
1,0.400000
0,0.100000
1,0.200000
1,0.200000
0,0.100000
1,0.200000
0,0.100000
0,0.100000
0,0.100000
0,0.100000
1,0.200000
0,0.200000
1,0.200000
1,0.200000
0,0.200000
0,0.200000
1,0.500000
0,0.200000
0,0.200000
0,0.200000
0,0.200000
0,0.200000
0,0.200000
0,0.200000
0,0.200000
1,0.900000
0,0.200000
0,0.200000
1,0.100000
1,0.100000
1,0.100000
0,0.100000
1,0.100000
0,0.200000
1,0.100000
0,0.200000
1,0.100000
0,0.200000
1,0.100000
0,0.200000
0,0.100000
1,0.100000
0,0.200000
0,0.200000
0,0.400000
0,0.400000
1,0.500000
0,0.400000
0,0.400000
0,0.400000
0,0.400000
0,0.400000
1,0.500000
0,0.400000
0,0.400000
0,0.400000
0,0.400000
0,0.400000
0,0.100000
0,0.300000
0,0.100000
0,0.100000
0,0.300000
0,0.100000
0,0.100000
0,0.100000
0,0.100000
0,0.100000
0,0.400000
0,0.200000
0,0.200000
0,0.200000
0,0.300000
1,0.500000
0,0.300000
0,0.200000
0,0.200000
0,0.200000
0,0.200000
0,0.200000
0,0.200000
0,0.200000
0,0.300000
1,0.100000
1,0.400000
0,0.200000
1,0.100000
1,0.100000
0,0.200000
0,0.200000
0,0.200000
0,0.100000
0,0.200000
1,0.500000
0,0.200000
0,0.200000
0,0.200000
0,0.100000
0,0.200000
0,0.200000
1,0.100000
1,0.100000
1,0.500000
0,0.200000
0,0.200000
0,0.200000
1,0.100000
1,0.100000
0,0.200000
1,0.500000
0,0.200000
0,0.200000
0,0.200000
0,0.100000
0,0.200000
1,0.100000
0,0.200000
0,0.100000
1,0.100000
1,0.100000
0,0.200000
0,0.100000
0,0.100000
0,0.200000
0,0.100000
1,0.100000
1,0.100000
1,0.100000
0,0.200000
1,0.100000
1,0.100000
0,0.200000
1,0.200000
0,0.300000
1,0.200000
1,0.100000
1,0.200000
0,0.300000
1,0.100000
0,0.300000
1,0.200000
0,0.300000
1,0.200000
0,0.100000
1,0.200000
1,0.200000
0,0.300000
0,0.100000
0,0.100000
1,0.100000
0,0.300000
1,0.200000
0,0.300000
1,0.200000
0,0.400000
1,0.200000
0,0.400000
1,0.200000
0,0.400000
1,0.200000
0,0.400000
1,0.200000
0,0.400000
1,0.200000
0,0.400000
0,0.100000
0,0.100000
1,0.200000
0,0.100000
0,0.400000
0,0.100000
0,0.400000
1,0.200000
0,0.200000
1,0.200000
1,0.200000
0,0.200000
0,0.200000
0,0.100000
1,0.100000
1,0.500000
0,0.200000
0,0.100000
1,0.100000
0,0.100000
1,0.100000
0,0.100000
0,0.200000
0,0.100000
1,0.400000
0,0.200000
1,0.400000
0,0.200000
1,0.400000
0,0.400000
1,0.100000
1,0.400000
1,0.500000
1,0.100000
0,0.300000
1,0.100000
0,0.400000
0,0.300000
1,0.100000
0,0.300000
1,0.400000
0,0.400000
1,0.400000
0,0.300000
1,0.500000
1,0.100000
0,0.400000
0,0.400000
1,0.500000
1,0.500000
0,0.400000
1,0.100000
1,0.100000
1,0.100000
0,0.200000
1,0.500000
1,0.100000
1,0.500000
1,0.100000
1,0.500000
0,0.400000
0,0.200000
1,0.100000
1,0.100000
1,0.100000
1,0.100000
0,0.400000
1,0.300000
0,0.400000
1,0.500000
0,0.400000
1,0.100000
1,0.100000
1,0.500000
0,0.400000
1,0.500000
0,0.400000
0,0.400000
0,0.400000
1,0.500000
0,0.300000
1,0.100000
1,0.100000
1,0.100000
0,0.400000
1,0.500000
1,0.100000
0,0.300000
1,0.100000
0,0.400000
1,0.100000
1,0.100000
1,0.100000
1,0.100000
1,0.100000
1,0.100000
0,0.400000
1,0.100000
1,0.100000
0,0.100000
1,0.100000
0,0.100000
1,0.200000
0,0.400000
1,0.200000
0,0.400000
1,0.200000
0,0.200000
1,0.500000
0,0.300000
1,0.500000
0,0.300000
0,0.100000
0,0.200000
1,0.500000
0,0.200000
1,0.500000
0,0.300000
0,0.100000
0,0.100000
0,0.100000
1,0.100000
0,0.200000
1,0.500000
0,0.200000
0,0.100000
1,0.500000
0,0.200000
1,0.500000
0,0.100000
1,0.500000
0,0.300000
1,0.500000
0,0.200000
1,0.500000
0,0.400000
0,0.100000
0,0.100000
0,0.100000
0,0.200000
0,0.400000
1,0.500000
0,0.200000
1,0.500000
1,0.500000
0,0.400000
1,0.500000
1,0.500000
1,0.500000
0,0.300000
1,0.500000
0,0.300000
1,0.500000
0,0.200000
1,0.500000
0,0.200000
1,0.500000
0,0.200000
1,0.500000
0,0.200000
0,0.200000
0,0.200000
0,0.200000
1,0.500000
0,0.200000
1,0.500000
0,0.200000
1,0.500000
0,0.200000
1,0.500000
0,0.300000
1,0.500000
1,0.500000
0,0.300000
1,0.500000
0,0.300000
1,0.500000
0,0.300000
1,0.500000
1,0.500000
0,0.400000
0,0.400000
1,0.500000
0,0.300000
1,0.500000
0,0.400000
1,0.500000
0,0.400000
0,0.400000
0,0.300000
1,0.500000
0,0.300000
1,0.500000
0,0.300000
1,0.500000
1,0.100000
1,0.500000
0,0.400000
1,0.500000
0,0.300000
1,0.500000
0,0.400000
0,0.400000
0,0.400000
0,0.400000
0,0.400000
0,0.300000
1,0.500000
0,0.300000
1,0.500000
0,0.200000
1,0.300000
0,0.400000
1,0.500000
0,0.400000
0,0.400000
1,0.300000
0,0.200000
1,0.300000
0,0.200000
1,0.500000
0,0.400000
1,0.500000
0,0.400000
1,0.300000
1,0.300000
0,0.400000
0,0.400000
0,0.400000
0,0.400000
0,0.400000
0,0.400000
1,0.300000
0,0.400000
1,0.500000
0,0.400000
1,0.500000
0,0.400000
0,0.200000
0,0.200000
1,0.500000
0,0.200000
0,0.200000
1,0.300000
0,0.200000
1,0.500000
0,0.200000
1,0.500000
0,0.200000
1,0.300000
0,0.200000
1,0.500000
0,0.200000
1,0.500000
0,0.200000
1,0.500000
0,0.200000
1,0.500000
0,0.200000
1,0.500000
0,0.200000
1,0.100000
1,0.100000
1,0.500000
0,0.200000
1,0.100000
1,0.500000
0,0.200000
1,0.500000
0,0.100000
1,0.500000
0,0.100000
0,0.100000
0,0.100000
1,0.500000
1,0.500000
0,0.100000
1,0.500000
0,0.200000
1,0.500000
0,0.200000
1,0.500000
0,0.200000
1,0.500000
0,0.200000
1,0.500000
1,0.500000
0,0.100000
1,0.500000
0,0.100000
1,0.500000
0,0.200000
1,0.500000
0,0.200000
1,0.500000
0,0.200000
1,0.500000
0,0.100000
0,0.100000
1,0.500000
0,0.200000
1,0.500000
0,0.100000
0,0.200000
1,1.136777
0,1.350916
1,2.556556
0,1.350916
1,2.087756
1,2.087756
0,8.477064
0,1.340520
1,2.262727
0,1.089506
1,2.262727
1,2.212727
0,1.013317
0,1.013317
0,1.013317
1,1.651749
0,14.961651
0,2.556556
1,1.429810
0,1.089506
1,1.429810
1,2.262727
1,2.212727
0,1.031986
0,1.116373
0,1.031986
0,1.173178
0,0.778188
0,0.778188
1,1.738510
0,1.223178
1,1.381986
0,1.223178
1,8.527064
0,4.363567
0,2.806556
1,1.678002
1,1.956880
0,0.778188
0,0.778188
1,4.976815
0,2.556556
1,1.380421
0,2.556556
1,2.755085
1,4.976815
1,1.478002
1,1.678002
1,1.195677
1,5.472720
0,1.024103
0,4.484048
1,8.477064
0,8.858651
1,3.752927
1,1.455923
1,1.455923
0,1.179274
0,1.179274
1,1.678002
1,1.181687
0,1.343597
0,1.343597
0,2.556556
0,1.393597
0,2.556556
1,2.655085
1,1.678002
1,1.956880
1,1.376197
0,1.263064
1,2.655085
1,2.655085
1,2.655085
0,1.302425
1,1.376197
0,1.302425
1,1.497416
0,1.302425
1,17.295809
1,2.755085
0,2.556556
1,1.143597
0,1.220104
0,1.263064
1,17.295809
0,1.220104
0,1.220104
1,1.051165
0,1.123698
1,1.051165
0,2.281663
1,1.629127
1,1.178754
0,2.281663
1,5.268925
1,5.268925
0,16.042502
0,1.218984
1,1.036222
0,1.288834
1,1.036222
1,1.629127
1,1.178754
1,1.629127
1,1.178754
0,1.418485
0,5.260908
1,1.629127
0,1.263064
0,1.203100
1,1.018984
1,1.399625
0,2.706556
0,1.203100
0,1.019496
0,2.806556
0,1.418485
0,1.019496
0,2.606556
1,2.655085
0,2.606556
0,1.019496
0,1.249625
0,1.089506
0,1.249625
0,16.042502
0,2.706556
0,16.042502
0,1.199625
0,1.199625
0,1.089506
0,2.606556
0,1.089506
0,2.706556
0,4.915635
1,3.452927
0,2.281663
0,2.281663
0,1.323595
0,1.089506
0,1.323595
0,4.915635
1,1.149597
0,4.915635
1,1.036222
0,1.089506
1,1.036222
0,4.915635
1,4.540327
1,1.479462
0,1.164561
0,1.164561
1,1.670548
1,1.036222
0,5.649368
1,1.479462
0,5.649368
1,3.932459
0,5.649368
1,5.455927
0,5.331385
1,3.552927
1,1.465771
0,1.539566
1,1.465771
0,1.539566
1,1.570548
0,1.215771
1,1.479462
1,1.013064
0,1.229462
1,3.552927
0,2.556556
1,1.237598
1,5.279918
1,1.399625
1,3.552927
0,5.654361
1,1.399625
0,1.468485
1,1.178754
1,1.399625
1,1.012851
1,1.399625
0,2.631652
0,1.016373
0,2.631652
1,1.312851
1,1.012851
0,2.281663
1,2.355085
0,1.016373
1,2.355085
1,1.312851
1,2.355085
0,1.166373
1,2.654485
1,1.629127
0,1.162851
1,1.066373
0,1.112851
1,1.066373
1,2.654485
0,2.631652
0,1.112851
1,1.629127
1,1.012851
1,1.629127
1,1.629127
0,1.779127
1,2.654485
1,1.002149
1,2.654485
1,15.442676
1,2.654485
1,15.442676
1,2.654485
0,2.631652
1,2.654485
1,2.654485
0,2.631652
1,1.303100
1,15.442676
1,1.670548
1,1.066373
0,1.016373
0,1.203100
1,17.394165
0,1.016373
1,15.442676
0,4.876815
1,17.394165
1,2.355085
1,15.442676
1,1.100837
0,2.556556
1,2.404485
0,1.016373
1,0.860003
0,1.173698
1,1.275986
0,1.173698
0,1.218984
1,1.018984
1,1.670548
0,1.249625
1,1.629127
1,3.686547
0,5.331385
1,3.686547
1,1.629127
0,1.779127
1,1.629127
0,1.779127
1,1.670548
0,1.779127
0,5.026815
0,1.779127
1,1.262851
1,15.442676
0,1.166373
0,1.779127
0,1.166373
0,1.779127
1,5.292631
0,1.779127
1,5.292631
0,4.876815
1,1.262851
0,1.779127
1,1.629127
1,1.220548
0,1.166373
1,1.220548
1,1.629127
1,1.220548
1,1.262851
0,1.162851
1,4.515635
1,1.066373
1,1.629127
0,4.876815
1,1.113064
0,1.162851
0,1.779127
0,4.876815
0,2.531652
0,2.281652
0,1.162851
1,1.479127
0,1.429127
1,1.012851
0,4.876815
1,4.515635
0,1.110003
0,4.876815
0,4.876815
0,4.876815
1,4.515635
0,4.876815
1,4.515635
1,1.670548
1,4.515635
1,1.670548
1,1.012851
1,1.670548
0,1.299625
1,15.442676
1,1.012851
1,1.670548
0,1.299625
1,1.670548
0,1.299625
1,1.679127
1,1.679127
1,15.442676
1,1.670548
1,1.066373
1,3.932459
0,1.249625
1,15.442676
1,1.679127
1,1.066373
1,1.670548
1,1.066373
0,1.016373
0,2.631652
1,1.670548
0,2.631652
1,1.670548
0,2.631652
0,2.281652
1,5.068925
1,1.670548
1,3.638927
1,3.638927
1,5.418925
0,5.649368
1,5.455927
1,1.670548
0,5.649368
0,4.876815
1,15.442676
1,1.679127
0,1.779127
1,1.670548
1,3.638927
1,15.442676
1,3.638927
1,1.262851
0,1.453100
0,1.166373
1,1.047416
0,1.016373
0,4.915635
1,15.442676
0,15.006848
1,3.638927
0,1.123698
1,1.073698
0,5.299368
0,1.520548
0,5.299368
0,1.453100
0,5.299368
0,1.453100
0,5.299368
0,5.331385
1,3.638927
0,3.788927
0,1.453100
1,1.670548
0,1.453100
1,1.670548
1,1.529127
0,1.173698
0,3.788927
1,1.297416
1,1.047416
0,1.116373
0,1.249625
0,1.249625
0,1.249625
1,1.262851
0,1.362851
1,1.670548
0,1.453100
1,1.670548
0,1.453100
0,1.173698
1,15.442676
0,1.173698
1,1.073698
1,1.670548
1,1.073698
0,1.388510
1,1.420548
1,5.129918
0,4.876815
1,5.129918
1,5.129918
1,5.129918
1,1.303100
1,1.012851
1,1.303100
0,1.299625
0,4.876815
1,5.129918
1,1.303100
1,5.129918
0,5.654361
1,1.638510
1,1.012851
1,1.638510
0,1.453100
1,1.638510
0,1.453100
1,1.638510
0,1.299625
0,1.203100
0,1.203100
0,1.203100
1,4.515635
0,1.779127
0,1.779127
1,4.515635
1,1.012851
0,1.388510
0,1.779127
1,1.679127
0,1.779127
1,1.638510
1,1.220548
1,3.638927
1,3.638927
1,1.399625
1,4.515635
0,15.006848
0,2.454485
1,1.220548
1,2.654485
1,1.220548
1,2.654485
1,1.220548
1,2.654485
1,1.012851
1,2.654485
1,1.012851
1,2.654485
1,1.012851
1,2.654485
1,1.012851
1,2.654485
1,1.012851
1,2.654485
0,1.538510
0,15.006848
1,4.515635
1,1.399625
0,1.779127
0,2.581652
1,1.399625
1,1.012851
1,15.442676
0,1.362851
1,1.366373
1,15.442676
0,1.362851
1,1.479127
1,1.479127
0,1.429127
0,1.362851
1,1.399625
0,1.362851
1,1.399625
0,1.362851
1,1.399625
0,1.362851
1,1.312851
0,1.362851
1,1.262851
1,1.399625
1,1.399625
1,1.399625
1,1.399625
1,1.399625
0,1.362851
1,1.399625
0,1.362851
1,1.312851
0,1.453100
1,1.312851
0,1.362851
1,1.399625
1,1.399625
0,1.362851
1,1.399625
0,1.362851
0,15.006848
0,6
0,4
1,2
1,1
1,0
1,0
1,2
1,3
1,3
1,3
1,5
1,4
1,2
1,4
1,2
1,0
1,0
0,1
0,1
1,4
0,1
1,4
1,4
1,4
1,4
0,0
1,1
1,2
1,1
1,2
0,1
0,0
1,1
1,3
1,2
1,3
0,0
1,4
1,3
1,1
1,8
0,0
0,1
1,7
1,8
1,2
1,1
1,6
0,2
1,2
1,2
1,3
0,0
1,1
1,1
1,2
0,0
1,6
1,1
1,1
0,0
1,4
0,6
1,8
1,0
1,0
1,0
0,0
0,1
0,0
1,4
0,4
0,4
0,4
1,2
1,2
0,1
0,1
1,2
0,3
0,2
1,2
1,2
0,1
1,2
0,1
0,5
0,0
0,1
1,2
0,1
1,2
1,3
0,5
0,0
0,1
0,0
1,4
0,1
0,1
1,7
0,1
0,0
0,1
1,3
0,3
1,6
1,2
1,7
1,0
1,3
1,3
1,7
0,3
1,7
1,7
1,0
0,0
1,6
1,4
0,3
0,3
0,0
0,1
1,8
1,4
0,5
1,4
1,4
0,0
1,4
1,8
0,3
0,0
0,1
0,2
0,1
1,4
0,2
0,1
0,0
0,7
1,1
1,2
1,6
0,1
1,2
1,3
0,2
1,8
1,3
0,1
1,3
1,3
0,7
1,2
1,2
1,2
0,0
1,1
0,2
1,1
0,1
0,0
0,1
0,0
1,1
0,5
1,1
0,2
0,5
0,0
1,1
0,2
0,5
0,0
0,0
0,8
1,1
1,7
1,7
0,7
1,4
0,7
0,3
0,7
0,0
0,8
1,7
0,3
0,5
0,1
1,4
1,1
0,0
0,1
0,1
1,1
1,8
0,5
1,4
0,3
0,1
0,0
0,1
1,7
1,4
1,2
0,4
1,1
1,4
1,7
1,4
1,1
1,4
0,5
1,4
0,0
0,3
0,3
0,0
0,3
1,3
0,3
1,4
1,2
0,5
0,0
0,0
1,2
0,3
1,2
0,1
1,0
1,3
0,7
1,3
0,5
1,3
1,2
1,3
1,1
1,0
1,0
0,0
1,7
1,0
1,4
0,2
1,0
0,1
1,7
0,8
0,0
0,3
1,6
0,3
1,2
0,1
1,0
1,8
0,5
0,1
1,3
0,8
0,0
1,1
0,0
1,0
0,0
0,1
1,4
1,4
0,3
0,1
0,0
0,8
1,3
1,0
0,0
0,8
0,0
1,1
1,2
1,8
0,4
1,2
1,3
1,2
1,2
0,0
1,1
1,4
0,5
0,0
0,4
1,8
0,4
1,8
0,3
1,5
1,4
1,8
1,4
1,4
0,4
1,7
1,1
1,2
1,1
1,4
1,1
1,6
1,1
1,8
0,7
0,4
1,3
1,1
1,7
1,3
1,4
1,5
1,1
0,3
1,2
1,4
1,2
0,0
0,8
1,4
0,1
1,4
1,1
1,4
1,7
1,0
0,2
0,5
0,2
1,4
1,0
1,4
0,3
1,4
1,0
1,4
1,0
1,4
0,1
1,4
0,1
0,6
1,4
1,3
1,4
1,4
1,0
1,4
1,3
0,1
0,2
1,0
1,3
1,2
1,7
1,2
0,6
0,0
1,5
1,6
0,8
0,0
1,5
1,1
0,0
1,2
1,0
0,0
0,4
1,1
1,5
1,8
1,0
0,4
0,5
0,0
0,4
1,7
0,8
1,0
0,0
0,0
0,5
0,0
0,4
1,4
0,7
1,4
0,5
1,4
0,3
1,1
0,0
1,1
1,3
1,1
1,3
0,3
1,3
0,4
1,2
1,3
0,4
1,6
0,1
1,3
0,8
0,0
0,8
0,4
1,5
1,3
1,2
1,8
0,7
1,8
0,7
0,0
0,7
0,0
0,7
0,0
0,8
0,7
1,8
1,4
1,8
0,8
0,3
0,5
1,4
0,8
1,4
0,4
0,0
0,3
1,6
0,4
0,0
1,2
1,4
0,4
0,0
1,1
1,7
0,4
0,5
1,2
1,7
0,8
0,3
1,7
0,1
1,2
0,8
0,2
0,3
0,7
0,3
0,0
1,3
0,1
0,0
0,4
0,0
0,1
1,3
0,8
0,6
1,2
0,4
0,6
0,4
1,3
0,4
0,0
0,4
1,3
0,4
1,7
0,4
0,0
1,3
0,1
1,4
0,1
1,3
0,1
1,0
4.434110,1920.000000
4.564263,1920.000000
4.128820,1920.000000
4.487218,1920.000000
4.473340,1920.000000
4.579107,1920.000000
4.412841,1920.000000
4.405287,1920.000000
4.610028,1920.000000
4.562279,1920.000000
4.654845,1920.000000
4.355976,1920.000000
4.473319,1920.000000
4.321154,1920.000000
4.272273,1920.000000
4.462617,1920.000000
4.398915,1920.000000
4.346864,1920.000000
4.462434,1920.000000
4.329489,1920.000000
4.504175,1920.000000
4.322515,1920.000000
4.379207,1920.000000
4.353246,1920.000000
4.482878,1920.000000
4.362877,1920.000000
4.578854,1920.000000
4.586088,1920.000000
4.682357,1920.000000
4.462135,1920.000000
4.462662,1920.000000
4.355009,1920.000000
4.461757,1920.000000
4.602492,1920.000000
4.256177,1920.000000
4.154738,1920.000000
4.453794,1920.000000
4.416510,1920.000000
4.530622,1920.000000
4.365063,1920.000000
4.430353,1920.000000
4.580474,1920.000000
4.508923,1920.000000
4.251877,1920.000000
4.230657,1920.000000
4.341514,1920.000000
4.271099,1920.000000
4.349611,1920.000000
4.337648,1920.000000
4.371411,1920.000000
4.538624,1920.000000
4.322433,1920.000000
4.453633,1920.000000
4.333718,1920.000000
4.496702,1920.000000
4.393669,1920.000000
4.413609,1920.000000
4.257533,1920.000000
4.493091,1920.000000
4.414041,1920.000000
4.386737,1920.000000
4.205979,1920.000000
4.600862,1920.000000
4.381240,1920.000000
4.412099,1920.000000
4.423213,1920.000000
4.533571,1920.000000
4.551337,1920.000000
4.322208,1920.000000
4.491620,1920.000000
4.515164,1920.000000
4.599441,1920.000000
4.488026,1920.000000
4.504901,1920.000000
4.485661,1920.000000
4.697270,1920.000000
4.357853,1920.000000
4.288301,1920.000000
4.273098,1920.000000
4.656187,1920.000000
4.734673,1920.000000
4.377191,1920.000000
4.490570,1920.000000
4.617570,1920.000000
4.602893,1920.000000
4.316684,1920.000000
4.395104,1920.000000
4.615885,1920.000000
4.581847,1920.000000
4.660224,1920.000000
4.569990,1920.000000
4.378011,1920.000000
4.658501,1920.000000
4.593946,1920.000000
4.500705,1920.000000
4.448058,1920.000000
4.438258,1920.000000
4.273914,1920.000000
4.334621,1920.000000
4.551731,1920.000000
4.569010,1920.000000
4.424243,1920.000000
4.579599,1920.000000
4.383153,1920.000000
4.569278,1920.000000
4.429467,1920.000000
4.440533,1920.000000
4.246335,1920.000000
4.589190,1920.000000
4.449190,1920.000000
4.315535,1920.000000
4.519816,1920.000000
4.269847,1920.000000
4.407648,1920.000000
4.466582,1920.000000
4.716365,1920.000000
4.485007,1920.000000
4.540489,1920.000000
4.605366,1920.000000
4.321597,1920.000000
4.265357,1920.000000
4.336738,1920.000000
4.588468,1920.000000
4.589156,1920.000000
4.403381,1920.000000
4.450443,1920.000000
4.439982,1920.000000
4.413718,1920.000000
4.190336,1920.000000
4.469165,1920.000000
4.407697,1920.000000
4.655219,1920.000000
4.284850,1920.000000
4.389457,1920.000000
4.334721,1920.000000
4.477462,1920.000000
4.579382,1920.000000
4.337961,1920.000000
4.445086,1920.000000
4.232886,1920.000000
4.225886,1920.000000
4.233073,1920.000000
4.231510,1920.000000
4.439620,1920.000000
4.205492,1920.000000
4.403499,1920.000000
4.598573,1920.000000
4.428508,1920.000000
4.362735,1920.000000
4.457801,1920.000000
4.407154,1920.000000
4.272122,1920.000000
4.527028,1920.000000
4.413151,1920.000000
4.379335,1920.000000
4.370665,1920.000000
4.435582,1920.000000
4.399243,1920.000000
4.263635,1920.000000
4.388927,1920.000000
4.398931,1920.000000
4.233494,1920.000000
4.229140,1920.000000
4.405719,1920.000000
4.362857,1920.000000
4.232571,1920.000000
4.469284,1920.000000
4.404959,1920.000000
4.253747,1920.000000
4.288115,1920.000000
4.077577,1920.000000
4.244551,1920.000000
4.387303,1920.000000
4.255439,1920.000000
4.187726,1920.000000
4.125543,1920.000000
4.305193,1920.000000
4.238712,1920.000000
4.565397,1920.000000
4.328561,1920.000000
4.508335,1920.000000
4.318465,1920.000000
4.030749,1920.000000
4.108160,1920.000000
4.293260,1920.000000
4.390117,1920.000000
4.301673,1920.000000
4.292522,1920.000000
4.300997,1920.000000
4.222974,1920.000000
4.126452,1920.000000
4.062840,1920.000000
4.385969,1920.000000
4.298461,1920.000000
4.173961,1920.000000
3.968632,1920.000000
4.175428,1920.000000
4.271625,1920.000000
4.325284,1920.000000
4.262181,1920.000000
4.337959,1920.000000
4.500362,1920.000000
4.217708,1920.000000
4.221894,1920.000000
4.198440,1920.000000
4.203200,1920.000000
4.163482,1920.000000
4.173097,1920.000000
4.299691,1920.000000
4.295897,1920.000000
4.059750,1920.000000
3.946552,1920.000000
3.984325,1920.000000
4.303743,1920.000000
4.192193,1920.000000
4.118486,1920.000000
4.151511,1920.000000
4.255703,1920.000000
4.337589,1920.000000
4.550086,1920.000000
4.161439,1920.000000
4.209846,1920.000000
4.214349,1920.000000
4.268382,1920.000000
4.030752,1920.000000
4.078096,1920.000000
4.161003,1920.000000
4.374309,1920.000000
4.194193,1920.000000
4.124673,1920.000000
4.110034,1920.000000
4.063450,1920.000000
4.065688,1920.000000
4.066778,1920.000000
4.250942,1920.000000
4.218755,1920.000000
4.263804,1920.000000
3.996575,1920.000000
4.161404,1920.000000
4.253364,1920.000000
3.956500,1920.000000
4.217551,1920.000000
4.186862,1920.000000
4.003450,1920.000000
4.082169,1920.000000
3.979092,1920.000000
4.018994,1920.000000
4.076420,1920.000000
4.155574,1920.000000
4.074850,1920.000000
4.063997,1920.000000
4.427263,1920.000000
4.106993,1920.000000
3.903696,1920.000000
3.914819,1920.000000
4.164795,1920.000000
3.971433,1920.000000
3.937051,1920.000000
3.830433,1920.000000
4.063598,1920.000000
4.378186,1920.000000
4.313150,1920.000000
4.352037,1920.000000
4.111565,1920.000000
4.242755,1920.000000
4.040007,1920.000000
4.004342,1920.000000
3.967988,1920.000000
4.092212,1920.000000
4.088909,1920.000000
3.890106,1920.000000
4.056906,1920.000000
4.295889,1920.000000
4.151522,1920.000000
3.993297,1920.000000
4.003153,1920.000000
4.024915,1920.000000
3.959215,1920.000000
4.030223,1920.000000
4.300232,1920.000000
4.021384,1920.000000
4.292862,1920.000000
4.147441,1920.000000
4.279857,1920.000000
3.978140,1920.000000
4.050876,1920.000000
3.978020,1920.000000
3.894612,1920.000000
3.921171,1920.000000
4.003366,1920.000000
4.104265,1920.000000
4.223409,1920.000000
4.092413,1920.000000
4.240775,1920.000000
4.263665,1920.000000
4.041577,1920.000000
4.038456,1920.000000
4.182377,1920.000000
4.017656,1920.000000
4.176962,1920.000000
4.032529,1920.000000
4.256332,1920.000000
4.340688,1920.000000
4.294292,1920.000000
4.304865,1920.000000
3.986722,1920.000000
3.863191,1920.000000
4.110473,1920.000000
4.079953,1920.000000
3.936647,1920.000000
4.042892,1920.000000
4.182042,1920.000000
4.153391,1920.000000
4.064968,1920.000000
4.136006,1920.000000
4.054889,1920.000000
4.146916,1920.000000
3.888055,1920.000000
4.165699,1920.000000
4.206076,1920.000000
4.026386,1920.000000
4.019716,1920.000000
4.361288,1920.000000
4.395033,1920.000000
4.428953,1920.000000
4.256595,1920.000000
4.334141,1920.000000
4.470681,1920.000000
4.110512,1920.000000
4.174362,1920.000000
4.176215,1920.000000
4.221401,1920.000000
4.362106,1920.000000
4.082566,1920.000000
4.413333,1920.000000
4.492025,1920.000000
4.500626,1920.000000
4.084030,1920.000000
4.222767,1920.000000
4.469326,1920.000000
4.228517,1920.000000
4.289504,1920.000000
4.165179,1920.000000
4.426519,1920.000000
4.467077,1920.000000
4.448015,1920.000000
4.554292,1920.000000
4.400299,1920.000000
4.429920,1920.000000
4.423870,1920.000000
4.331589,1920.000000
4.397008,1920.000000
4.562505,1920.000000
4.316838,1920.000000
4.282566,1920.000000
4.415581,1920.000000
4.361967,1920.000000
4.424567,1920.000000
4.455625,1920.000000
4.116920,1920.000000
4.451463,1920.000000
4.771294,1920.000000
4.569914,1920.000000
4.596558,1920.000000
4.474107,1920.000000
4.637201,1920.000000
4.627079,1920.000000
4.815917,1920.000000
4.705256,1920.000000
4.740284,1920.000000
4.694379,1920.000000
4.358354,1920.000000
4.623429,1920.000000
4.602468,1920.000000
4.732775,1920.000000
4.703475,1920.000000
4.549801,1920.000000
4.586262,1920.000000
4.476623,1920.000000
4.363316,1920.000000
4.287001,1920.000000
4.787684,1920.000000
4.617740,1920.000000
4.422944,1920.000000
4.479105,1920.000000
4.512266,1920.000000
4.679089,1920.000000
4.549885,1920.000000
4.767557,1920.000000
4.647943,1920.000000
4.746036,1920.000000
4.338510,1920.000000
4.374346,1920.000000
4.198303,1920.000000
4.846083,1920.000000
4.792683,1920.000000
4.559594,1920.000000
4.538591,1920.000000
4.738880,1920.000000
4.456171,1920.000000
4.627260,1920.000000
4.641919,1920.000000
4.348415,1920.000000
4.724120,1920.000000
4.534381,1920.000000
4.664115,1920.000000
4.440120,1920.000000
4.802369,1920.000000
4.632906,1920.000000
4.494184,1920.000000
4.550300,1920.000000
4.550402,1920.000000
4.575923,1920.000000
4.347920,1920.000000
4.576210,1920.000000
4.943148,1920.000000
4.930103,1920.000000
4.716181,1920.000000
4.561811,1920.000000
4.473856,1920.000000
4.585195,1920.000000
4.537287,1920.000000
4.551620,1920.000000
4.510723,1920.000000
4.494713,1920.000000
4.788666,1920.000000
4.556655,1920.000000
4.647336,1920.000000
4.586920,1920.000000
4.497683,1920.000000
4.629990,1920.000000
4.199417,1920.000000
4.460185,1920.000000
4.480306,1920.000000
4.265954,1920.000000
4.426153,1920.000000
4.677140,1920.000000
4.681757,1920.000000
4.699298,1920.000000
4.783180,1920.000000
4.385571,1920.000000
4.375086,1920.000000
4.561588,1920.000000
4.259013,1920.000000
4.549530,1920.000000
4.451472,1920.000000
4.422894,1920.000000
4.482064,1920.000000
4.547177,1920.000000
4.627889,1920.000000
4.528957,1920.000000
4.596285,1920.000000
4.331405,1920.000000
4.541542,1920.000000
4.366584,1920.000000
4.205997,1920.000000
4.384419,1920.000000
4.430171,1920.000000
4.455024,1920.000000
4.402573,1920.000000
4.362410,1920.000000
4.543458,1920.000000
4.238355,1920.000000
4.346290,1920.000000
4.316038,1920.000000
4.581005,1920.000000
4.378525,1920.000000
4.651702,1920.000000
4.715698,1920.000000
4.579199,1920.000000
4.468942,1920.000000
4.308368,1920.000000
4.351863,1920.000000
4.403374,1920.000000
4.520826,1920.000000
4.328042,1920.000000
4.281874,1920.000000
4.481454,1920.000000
4.579654,1920.000000
4.457409,1920.000000
4.242242,1920.000000
4.381829,1920.000000
4.386978,1920.000000
4.503747,1920.000000
4.285343,1920.000000
4.301814,1920.000000
4.407567,1920.000000
4.187799,1920.000000
4.369279,1920.000000
4.450648,1920.000000
4.355012,1920.000000
4.450843,1920.000000
4.556788,1920.000000
4.372585,1920.000000
4.532835,1920.000000
4.496665,1920.000000
4.250770,1920.000000
4.428754,1920.000000
4.222204,1920.000000
4.513787,1920.000000
4.392554,1920.000000
4.486341,1920.000000
4.253142,1920.000000
4.657923,1920.000000
4.407307,1920.000000
4.291331,1920.000000
4.281348,1920.000000
4.445383,1920.000000
4.639688,1920.000000
4.452389,1920.000000
4.557044,1920.000000
4.615163,1920.000000
4.534869,1920.000000
4.668655,1920.000000
4.588137,1920.000000
4.480178,1920.000000
4.504185,1920.000000
4.233335,1920.000000
4.265122,1920.000000
4.360917,1920.000000
4.387995,1920.000000
4.838426,1920.000000
4.470174,1920.000000
4.374646,1920.000000
4.601057,1920.000000
4.503414,1920.000000
4.267460,1920.000000
4.555652,1920.000000
4.675113,1920.000000
4.599532,1920.000000
4.790297,1920.000000
4.454737,1920.000000
4.362637,1920.000000
4.679626,1920.000000
4.448539,1920.000000
4.480233,1920.000000
4.497834,1920.000000
4.600248,1920.000000
4.344152,1920.000000
4.448201,1920.000000
4.414729,1920.000000
4.544392,1920.000000
4.512811,1920.000000
4.532503,1920.000000
4.358108,1920.000000
4.631120,1920.000000
4.480799,1920.000000
4.385374,1920.000000
4.183090,1920.000000
4.611810,1920.000000
4.587971,1920.000000
4.353715,1920.000000
4.432515,1920.000000
4.231156,1920.000000
4.434273,1920.000000
4.573725,1920.000000
4.616609,1920.000000
4.391037,1920.000000
4.430476,1920.000000
4.542363,1920.000000
4.275413,1920.000000
4.512039,1920.000000
4.400695,1920.000000
4.593596,1920.000000
4.466906,1920.000000
4.507520,1920.000000
4.363847,1920.000000
4.332241,1920.000000
4.343893,1920.000000
4.169405,1920.000000
4.574115,1920.000000
4.344167,1920.000000
4.598961,1920.000000
4.367195,1920.000000
4.361941,1920.000000
4.448628,1920.000000
4.439516,1920.000000
4.443079,1920.000000
4.358168,1920.000000
4.425049,1920.000000
4.461169,1920.000000
4.253167,1920.000000
4.155987,1920.000000
4.315221,1920.000000
4.366317,1920.000000
4.174980,1920.000000
4.206086,1920.000000
4.493262,1920.000000
4.481869,1920.000000
4.491523,1920.000000
4.315558,1920.000000
4.556332,1920.000000
4.342435,1920.000000
4.373435,1920.000000
4.067898,1920.000000
4.431397,1920.000000
4.572114,1920.000000
4.377979,1920.000000
4.616917,1920.000000
4.140320,1920.000000
4.432412,1920.000000
4.385363,1920.000000
4.204757,1920.000000
4.299345,1920.000000
4.443075,1920.000000
4.242896,1920.000000
4.332371,1920.000000
4.425901,1920.000000
4.549489,1920.000000
4.109791,1920.000000
4.267847,1920.000000
4.167459,1920.000000
4.100941,1920.000000
4.330934,1920.000000
4.341408,1920.000000
4.198612,1920.000000
4.340135,1920.000000
4.230035,1920.000000
4.402547,1920.000000
4.468349,1920.000000
4.311711,1920.000000
4.462471,1920.000000
4.272977,1920.000000
4.037158,1920.000000
4.082572,1920.000000
4.241691,1920.000000
4.246532,1920.000000
4.298534,1920.000000
4.405768,1920.000000
4.301024,1920.000000
4.170997,1920.000000
4.036669,1920.000000
3.947011,1920.000000
4.335302,1920.000000
4.328825,1920.000000
4.109671,1920.000000
4.214234,1920.000000
4.240970,1920.000000
4.357155,1920.000000
4.243689,1920.000000
4.325288,1920.000000
4.409525,1920.000000
4.415099,1920.000000
4.335056,1920.000000
4.096804,1920.000000
4.142442,1920.000000
4.320782,1920.000000
4.174691,1920.000000
4.331904,1920.000000
4.311466,1920.000000
4.056120,1920.000000
4.106999,1920.000000
3.984890,1920.000000
4.046281,1920.000000
4.354041,1920.000000
4.146067,1920.000000
4.160880,1920.000000
4.163562,1920.000000
4.162145,1920.000000
4.182537,1920.000000
4.388538,1920.000000
4.209114,1920.000000
4.381021,1920.000000
4.213597,1920.000000
4.256000,1920.000000
4.086866,1920.000000
4.177518,1920.000000
3.984923,1920.000000
4.396982,1920.000000
4.108402,1920.000000
4.133696,1920.000000
4.133308,1920.000000
4.224206,1920.000000
4.154339,1920.000000
3.854256,1920.000000
4.334990,1920.000000
4.012614,1920.000000
4.209866,1920.000000
4.028062,1920.000000
4.188895,1920.000000
4.088571,1920.000000
3.929480,1920.000000
4.224354,1920.000000
4.229111,1920.000000
4.100013,1920.000000
4.072348,1920.000000
3.926276,1920.000000
3.878451,1920.000000
4.249688,1920.000000
3.953896,1920.000000
4.125710,1920.000000
4.142267,1920.000000
4.481948,1920.000000
4.174057,1920.000000
3.943978,1920.000000
3.752412,1920.000000
4.076650,1920.000000
4.090196,1920.000000
3.940605,1920.000000
3.818790,1920.000000
4.182011,1920.000000
4.260449,1920.000000
4.163182,1920.000000
4.381865,1920.000000
3.998049,1920.000000
4.368857,1920.000000
4.028935,1920.000000
4.022150,1920.000000
4.122598,1920.000000
4.013609,1920.000000
4.259739,1920.000000
3.940417,1920.000000
4.068565,1920.000000
4.242295,1920.000000
4.049836,1920.000000
3.945940,1920.000000
3.837836,1920.000000
4.065444,1920.000000
4.038985,1920.000000
4.106029,1920.000000
4.137183,1920.000000
3.977520,1920.000000
4.309016,1920.000000
4.125105,1920.000000
4.264723,1920.000000
3.917463,1920.000000
4.294194,1920.000000
4.042096,1920.000000
4.024633,1920.000000
3.979465,1920.000000
4.164330,1920.000000
4.101292,1920.000000
4.046893,1920.000000
4.082026,1920.000000
4.262742,1920.000000
4.093206,1920.000000
4.000545,1920.000000
3.978331,1920.000000
4.251947,1920.000000
3.902482,1920.000000
3.998945,1920.000000
4.130905,1920.000000
4.274453,1920.000000
4.218463,1920.000000
4.379444,1920.000000
4.151806,1920.000000
4.159917,1920.000000
4.036598,1920.000000
4.050892,1920.000000
3.952884,1920.000000
3.936399,1920.000000
4.123060,1920.000000
4.134417,1920.000000
4.171660,1920.000000
4.163840,1920.000000
4.037148,1920.000000
3.987284,1920.000000
3.971655,1920.000000
3.916835,1920.000000
4.181299,1920.000000
4.360127,1920.000000
4.118584,1920.000000
4.066853,1920.000000
4.125187,1920.000000
4.519202,1920.000000
4.329689,1920.000000
4.468768,1920.000000
4.294587,1920.000000
4.570549,1920.000000
4.337661,1920.000000
4.050241,1920.000000
3.992716,1920.000000
4.321807,1920.000000
4.460807,1920.000000
4.228306,1920.000000
4.422824,1920.000000
4.460440,1920.000000
4.309510,1920.000000
4.161273,1920.000000
4.208926,1920.000000
4.527718,1920.000000
4.281573,1920.000000
4.271859,1920.000000
4.104618,1920.000000
4.417105,1920.000000
4.523636,1920.000000
4.287406,1920.000000
4.611229,1920.000000
4.260487,1920.000000
4.365634,1920.000000
4.388376,1920.000000
4.298218,1920.000000
4.260955,1920.000000
4.513522,1920.000000
4.512462,1920.000000
4.325832,1920.000000
4.455585,1920.000000
4.496956,1920.000000
4.440730,1920.000000
4.549647,1920.000000
4.331672,1920.000000
4.559080,1920.000000
4.717599,1920.000000
4.491259,1920.000000
4.471856,1920.000000
4.518752,1920.000000
4.628499,1920.000000
4.752793,1920.000000
4.615990,1920.000000
4.690968,1920.000000
4.712672,1920.000000
4.643656,1920.000000
4.417938,1920.000000
4.467344,1920.000000
4.538572,1920.000000
4.603918,1920.000000
4.539779,1920.000000
4.595340,1920.000000
4.572189,1920.000000
4.475841,1920.000000
4.321245,1920.000000
4.337881,1920.000000
4.798463,1920.000000
4.787797,1920.000000
4.720876,1920.000000
4.503650,1920.000000
4.582008,1920.000000
4.591676,1920.000000
4.633581,1920.000000
4.584851,1920.000000
4.720543,1920.000000
4.600040,1920.000000
4.448023,1920.000000
4.351843,1920.000000
4.462042,1920.000000
4.723844,1920.000000
4.510518,1920.000000
4.688849,1920.000000
4.567729,1920.000000
4.704959,1920.000000
4.523551,1920.000000
4.634914,1920.000000
4.567407,1920.000000
4.414360,1920.000000
4.715744,1920.000000
4.611566,1920.000000
4.668421,1920.000000
4.394910,1920.000000
4.766929,1920.000000
4.773346,1920.000000
4.392636,1920.000000
4.615701,1920.000000
4.605061,1920.000000
4.567837,1920.000000
4.278511,1920.000000
4.584870,1920.000000
5.035649,1920.000000
4.826194,1920.000000
4.649184,1920.000000
4.641262,1920.000000
4.431328,1920.000000
4.412945,1920.000000
4.556653,1920.000000
4.431758,1920.000000
4.524773,1920.000000
4.676058,1920.000000
4.761287,1920.000000
4.638623,1920.000000
4.578080,1920.000000
4.709362,1920.000000
4.375634,1920.000000
4.622258,1920.000000
4.331757,1920.000000
4.544848,1920.000000
4.316032,1920.000000
4.270432,1920.000000
4.283881,1920.000000
4.686925,1920.000000
4.664055,1920.000000
4.576521,1920.000000
4.798360,1920.000000
4.625993,1920.000000
4.497363,1920.000000
4.534592,1920.000000
4.225352,1920.000000
4.428979,1920.000000
4.402764,1920.000000
4.393081,1920.000000
4.474268,1920.000000
4.503015,1920.000000
4.657028,1920.000000
4.680167,1920.000000
4.470525,1920.000000
4.347489,1920.000000
4.664888,1920.000000
4.298970,1920.000000
4.303512,1920.000000
4.392115,1920.000000
4.253952,1920.000000
4.474562,1920.000000
4.530756,1920.000000
4.426542,1920.000000
4.528719,1920.000000
4.307239,1920.000000
4.051934,1920.000000
4.407350,1920.000000
4.691865,1920.000000
4.373230,1920.000000
4.554682,1920.000000
4.618038,1920.000000
4.543018,1920.000000
4.525093,1920.000000
4.378772,1920.000000
4.529097,1920.000000
4.341984,1920.000000
4.525954,1920.000000
4.296362,1920.000000
4.294058,1920.000000
4.418494,1920.000000
4.560013,1920.000000
4.426018,1920.000000
4.420707,1920.000000
4.403172,1920.000000
4.642219,1920.000000
4.483534,1920.000000
4.105225,1920.000000
4.315243,1920.000000
4.418886,1920.000000
4.301071,1920.000000
4.369717,1920.000000
4.410441,1920.000000
4.389510,1920.000000
4.400280,1920.000000
4.406102,1920.000000
4.252130,1920.000000
4.292012,1920.000000
4.621414,1920.000000
4.544751,1920.000000
4.496164,1920.000000
4.275340,1920.000000
4.472715,1920.000000
4.465235,1920.000000
4.324752,1920.000000
4.199714,1920.000000
4.662115,1920.000000
4.432048,1920.000000
4.390643,1920.000000
4.292695,1920.000000
4.516613,1920.000000
4.613112,1920.000000
4.374028,1920.000000
4.447645,1920.000000
4.469760,1920.000000
4.589969,1920.000000
4.607446,1920.000000
4.578319,1920.000000
4.505740,1920.000000
4.644164,1920.000000
4.232300,1920.000000
4.261789,1920.000000
4.331721,1920.000000
4.403774,1920.000000
4.662503,1920.000000
4.520320,1920.000000
4.474816,1920.000000
4.586634,1920.000000
4.614185,1920.000000
4.315520,1920.000000
4.442847,1920.000000
4.621964,1920.000000
4.552682,1920.000000
4.714083,1920.000000
4.355451,1920.000000
4.434966,1920.000000
4.555695,1920.000000
4.534045,1920.000000
4.555789,1920.000000
4.352736,1920.000000
4.488436,1920.000000
4.457478,1920.000000
4.329106,1920.000000
4.505241,1920.000000
4.732598,1920.000000
4.476405,1920.000000
4.678919,1920.000000
4.344055,1920.000000
4.521216,1920.000000
4.423625,1920.000000
4.406035,1920.000000
4.259623,1920.000000
4.484253,1920.000000
4.480607,1920.000000
4.369720,1920.000000
4.557953,1920.000000
4.315484,1920.000000
4.551679,1920.000000
4.536771,1920.000000
4.738590,1920.000000
4.297534,1920.000000
4.367498,1920.000000
4.439729,1920.000000
4.385574,1920.000000
4.440420,1920.000000
4.422238,1920.000000
4.371668,1920.000000
4.445733,1920.000000
4.569590,1920.000000
4.499371,1920.000000
4.387959,1920.000000
4.644678,1920.000000
4.145799,1920.000000
4.500727,1920.000000
4.341987,1920.000000
4.664488,1920.000000
4.258437,1920.000000
4.388697,1920.000000
4.347125,1920.000000
4.439477,1920.000000
4.549475,1920.000000
4.462341,1920.000000
4.503985,1920.000000
4.494475,1920.000000
4.186314,1920.000000
4.051393,1920.000000
4.270650,1920.000000
4.298914,1920.000000
4.196196,1920.000000
4.304836,1920.000000
4.445236,1920.000000
4.477981,1920.000000
4.456080,1920.000000
4.402265,1920.000000
4.385600,1920.000000
4.270694,1920.000000
4.398540,1920.000000
4.313713,1920.000000
4.451258,1920.000000
4.419177,1920.000000
4.384086,1920.000000
4.502238,1920.000000
4.211835,1920.000000
4.276039,1920.000000
4.335428,1920.000000
4.318952,1920.000000
4.348879,1920.000000
4.442312,1920.000000
4.411003,1920.000000
4.213337,1920.000000
4.356499,1920.000000
4.270977,1920.000000
4.095774,1920.000000
4.371987,1920.000000
4.257639,1920.000000
4.159060,1920.000000
4.415863,1920.000000
4.299206,1920.000000
4.263356,1920.000000
4.243626,1920.000000
4.440233,1920.000000
4.345553,1920.000000
4.490092,1920.000000
4.192342,1920.000000
4.386858,1920.000000
4.199164,1920.000000
4.105282,1920.000000
4.268478,1920.000000
4.311947,1920.000000
4.437937,1920.000000
4.325944,1920.000000
4.375193,1920.000000
4.332369,1920.000000
4.250928,1920.000000
4.200655,1920.000000
3.975977,1920.000000
4.267759,1920.000000
4.333465,1920.000000
4.188967,1920.000000
4.074673,1920.000000
4.361864,1920.000000
4.174835,1920.000000
4.294908,1920.000000
4.182912,1920.000000
4.261170,1920.000000
4.316233,1920.000000
4.381773,1920.000000
4.135125,1920.000000
4.308471,1920.000000
4.273288,1920.000000
4.178328,1920.000000
4.296712,1920.000000
4.279581,1920.000000
4.192018,1920.000000
4.148061,1920.000000
3.948630,1920.000000
4.007527,1920.000000
4.360401,1920.000000
4.291166,1920.000000
4.180760,1920.000000
4.114413,1920.000000
4.100640,1920.000000
4.359835,1920.000000
4.310334,1920.000000
4.070519,1920.000000
4.184397,1920.000000
4.403052,1920.000000
4.323674,1920.000000
3.925584,1920.000000
4.030739,1920.000000
4.101562,1920.000000
4.350554,1920.000000
4.299668,1920.000000
4.039606,1920.000000
4.208395,1920.000000
4.170680,1920.000000
4.186329,1920.000000
4.034323,1920.000000
4.135630,1920.000000
4.215648,1920.000000
4.200817,1920.000000
4.211921,1920.000000
4.001744,1920.000000
4.110420,1920.000000
3.995040,1920.000000
4.243147,1920.000000
4.157733,1920.000000
4.057048,1920.000000
4.110641,1920.000000
3.873287,1920.000000
3.813149,1920.000000
4.130120,1920.000000
4.148257,1920.000000
4.064622,1920.000000
4.211742,1920.000000
4.342680,1920.000000
4.148729,1920.000000
3.916980,1920.000000
3.743415,1920.000000
4.109758,1920.000000
4.233524,1920.000000
4.053538,1920.000000
3.819595,1920.000000
4.232210,1920.000000
4.286845,1920.000000
4.150220,1920.000000
4.255208,1920.000000
4.079841,1920.000000
4.218103,1920.000000
3.984827,1920.000000
3.898627,1920.000000
4.077991,1920.000000
4.076271,1920.000000
4.178448,1920.000000
3.937622,1920.000000
4.158245,1920.000000
4.329507,1920.000000
4.187576,1920.000000
4.112054,1920.000000
3.878509,1920.000000
4.068416,1920.000000
4.049677,1920.000000
4.014985,1920.000000
4.034346,1920.000000
4.084102,1920.000000
4.201019,1920.000000
4.129380,1920.000000
4.318537,1920.000000
4.118405,1920.000000
4.075492,1920.000000
4.039400,1920.000000
3.881253,1920.000000
3.906517,1920.000000
3.991590,1920.000000
4.137667,1920.000000
4.024343,1920.000000
4.097646,1920.000000
4.253366,1920.000000
4.077291,1920.000000
4.078527,1920.000000
3.992418,1920.000000
4.195425,1920.000000
4.028451,1920.000000
4.076836,1920.000000
4.173237,1920.000000
4.236787,1920.000000
4.194214,1920.000000
4.428190,1920.000000
4.164342,1920.000000
4.154122,1920.000000
3.959899,1920.000000
4.092135,1920.000000
3.866107,1920.000000
4.064871,1920.000000
4.206544,1920.000000
4.125189,1920.000000
4.115512,1920.000000
4.049795,1920.000000
4.124894,1920.000000
4.049048,1920.000000
3.986651,1920.000000
3.982473,1920.000000
4.254481,1920.000000
4.086998,1920.000000
4.080758,1920.000000
3.919156,1920.000000
4.306210,1920.000000
4.423601,1920.000000
4.368792,1920.000000
4.484798,1920.000000
4.351377,1920.000000
4.584471,1920.000000
4.181589,1920.000000
4.131767,1920.000000
4.176498,1920.000000
4.235694,1920.000000
4.478353,1920.000000
4.182977,1920.000000
4.206913,1920.000000
4.384504,1920.000000
4.329835,1920.000000
4.288259,1920.000000
4.191672,1920.000000
4.391846,1920.000000
4.204999,1920.000000
4.201669,1920.000000
4.230458,1920.000000
4.261625,1920.000000
4.542060,1920.000000
4.485236,1920.000000
4.487107,1920.000000
4.448665,1920.000000
4.430574,1920.000000
4.596098,1920.000000
4.331963,1920.000000
4.375761,1920.000000
4.566575,1920.000000
4.492293,1920.000000
4.197395,1920.000000
4.265391,1920.000000
4.353430,1920.000000
4.429632,1920.000000
4.308053,1920.000000
4.303577,1920.000000
4.653526,1920.000000
4.609647,1920.000000
4.473014,1920.000000
4.639548,1920.000000
4.529564,1920.000000
4.599964,1920.000000
4.610305,1920.000000
4.792780,1920.000000
4.589512,1920.000000
4.835073,1920.000000
4.506680,1920.000000
4.441051,1920.000000
4.539906,1920.000000
4.580849,1920.000000
4.590252,1920.000000
4.637550,1920.000000
4.696663,1920.000000
4.612841,1920.000000
4.431585,1920.000000
4.310518,1920.000000
4.385610,1920.000000
4.743306,1920.000000
4.666239,1920.000000
4.618370,1920.000000
4.455964,1920.000000
4.420841,1920.000000
4.514566,1920.000000
4.612021,1920.000000
4.721308,1920.000000
4.644615,1920.000000
4.777066,1920.000000
4.661179,1920.000000
4.459185,1920.000000
4.353794,1920.000000
4.785512,1920.000000
4.612797,1920.000000
4.646357,1920.000000
4.503534,1920.000000
4.663278,1920.000000
4.512591,1920.000000
4.480120,1920.000000
4.675388,1920.000000
4.399869,1920.000000
4.705808,1920.000000
4.592059,1920.000000
4.613363,1920.000000
4.460356,1920.000000
4.759297,1920.000000
4.875619,1920.000000
4.495146,1920.000000
4.532023,1920.000000
4.542257,1920.000000
4.416663,1920.000000
4.501241,1920.000000
4.513639,1920.000000
5.054588,1920.000000
4.769451,1920.000000
4.683367,1920.000000
4.673396,1920.000000
4.578284,1920.000000
4.469309,1920.000000
4.424425,1920.000000
4.380562,1920.000000
4.632098,1920.000000
4.457657,1920.000000
4.771703,1920.000000
4.606361,1920.000000
4.573933,1920.000000
4.652858,1920.000000
4.351098,1920.000000
4.662487,1920.000000
4.372245,1920.000000
4.529249,1920.000000
4.539253,1920.000000
4.249048,1920.000000
4.422400,1920.000000
4.597408,1920.000000
4.655878,1920.000000
4.434128,1920.000000
4.666926,1920.000000
4.480676,1920.000000
4.477506,1920.000000
4.507554,1920.000000
4.240348,1920.000000
4.540844,1920.000000
4.493050,1920.000000
4.460462,1920.000000
4.536059,1920.000000
4.461257,1920.000000
4.641015,1920.000000
4.660970,1920.000000
4.499038,1920.000000
4.419794,1920.000000
4.568980,1920.000000
4.287551,1920.000000
4.251532,1920.000000
4.316256,1920.000000
4.160486,1920.000000
4.471683,1920.000000
4.543685,1920.000000
4.250483,1920.000000
4.585757,1920.000000
4.297256,1920.000000
4.353725,1920.000000
4.377473,1920.000000
4.538702,1920.000000
4.313685,1920.000000
4.634079,1920.000000
4.648931,1920.000000
4.652949,1920.000000
4.343259,1920.000000
4.472263,1920.000000
4.302519,1920.000000
4.497139,1920.000000
4.458246,1920.000000
4.254657,1920.000000
4.247408,1920.000000
4.316852,1920.000000
4.515381,1920.000000
4.398055,1920.000000
4.413633,1920.000000
4.472928,1920.000000
4.591634,1920.000000
4.611870,1920.000000
4.229768,1920.000000
4.235890,1920.000000
4.439238,1920.000000
4.310561,1920.000000
4.353398,1920.000000
4.215966,1920.000000
4.311739,1920.000000
4.336091,1920.000000
4.358801,1920.000000
4.401125,1920.000000
4.492729,1920.000000
4.472517,1920.000000
4.400919,1920.000000
4.521317,1920.000000
4.292848,1920.000000
4.525232,1920.000000
4.423231,1920.000000
4.492138,1920.000000
4.200243,1920.000000
4.663429,1920.000000
4.375952,1920.000000
4.347749,1920.000000
4.207706,1920.000000
4.473326,1920.000000
4.645721,1920.000000
4.284726,1920.000000
4.488314,1920.000000
4.503929,1920.000000
4.577108,1920.000000
4.635909,1920.000000
4.590892,1920.000000
4.508285,1920.000000
4.587360,1920.000000
4.279280,1920.000000
4.245929,1920.000000
4.397479,1920.000000
4.425415,1920.000000
4.785277,1920.000000
4.413447,1920.000000
4.582141,1920.000000
4.586767,1920.000000
4.703002,1920.000000
4.339671,1920.000000
4.455272,1920.000000
4.676323,1920.000000
4.402569,1920.000000
4.718590,1920.000000
4.399802,1920.000000
4.385107,1920.000000
4.724267,1920.000000
4.680304,1920.000000
4.460960,1920.000000
4.450263,1920.000000
4.458028,1920.000000
4.378989,1920.000000
4.322855,1920.000000
4.592295,1920.000000
4.704162,1920.000000
4.419240,1920.000000
4.442622,1920.000000
4.435558,1920.000000
4.674229,1920.000000
4.446678,1920.000000
4.424326,1920.000000
4.192178,1920.000000
4.568603,1920.000000
4.514969,1920.000000
4.329023,1920.000000
4.515754,1920.000000
4.426837,1920.000000
4.478364,1920.000000
4.498468,1920.000000
4.482368,1920.000000
4.389129,1920.000000
4.403984,1920.000000
4.459907,1920.000000
4.369684,1920.000000
4.383946,1920.000000
4.484012,1920.000000
4.531520,1920.000000
4.505665,1920.000000
4.475439,1920.000000
4.388173,1920.000000
4.313871,1920.000000
4.483644,1920.000000
4.147490,1920.000000
4.522965,1920.000000
4.309954,1920.000000
4.556609,1920.000000
4.294262,1920.000000
4.406361,1920.000000
4.422788,1920.000000
4.426525,1920.000000
4.565360,1920.000000
4.344026,1920.000000
4.570373,1920.000000
4.294149,1920.000000
4.339881,1920.000000
4.086270,1920.000000
4.258320,1920.000000
4.363029,1920.000000
4.186974,1920.000000
4.212879,1920.000000
4.420590,1920.000000
4.375828,1920.000000
4.533480,1920.000000
4.380282,1920.000000
4.334297,1920.000000
4.437669,1920.000000
4.436479,1920.000000
4.278529,1920.000000
4.408555,1920.000000
4.536632,1920.000000
4.420240,1920.000000
4.471733,1920.000000
4.189253,1920.000000
4.232515,1920.000000
4.272310,1920.000000
4.210945,1920.000000
4.259327,1920.000000
4.464008,1920.000000
4.471821,1920.000000
4.293498,1920.000000
4.363141,1920.000000
4.370391,1920.000000
4.198164,1920.000000
4.267406,1920.000000
4.305374,1920.000000
4.180158,1920.000000
4.281073,1920.000000
4.323017,1920.000000
4.241014,1920.000000
4.089163,1920.000000
4.498637,1920.000000
4.387596,1920.000000
4.407697,1920.000000
4.310263,1920.000000
4.383533,1920.000000
4.290342,1920.000000
4.009753,1920.000000
4.158357,1920.000000
4.170955,1920.000000
4.300803,1920.000000
4.412127,1920.000000
4.458662,1920.000000
4.295817,1920.000000
4.211135,1920.000000
4.136609,1920.000000
3.990662,1920.000000
4.321933,1920.000000
4.307161,1920.000000
4.152558,1920.000000
4.071932,1920.000000
4.305010,1920.000000
4.280412,1920.000000
4.353858,1920.000000
4.221728,1920.000000
4.435875,1920.000000
4.483245,1920.000000
4.335152,1920.000000
4.194197,1920.000000
4.251784,1920.000000
4.277942,1920.000000
4.176078,1920.000000
4.228591,1920.000000
4.278538,1920.000000
4.155706,1920.000000
4.090185,1920.000000
4.025077,1920.000000
3.951714,1920.000000
4.327724,1920.000000
4.198325,1920.000000
4.073975,1920.000000
4.275060,1920.000000
4.077333,1920.000000
4.429975,1920.000000
4.451828,1920.000000
4.232542,1920.000000
4.133087,1920.000000
4.436366,1920.000000
4.309919,1920.000000
3.943374,1920.000000
4.114945,1920.000000
4.027558,1920.000000
4.324256,1920.000000
4.209321,1920.000000
4.115030,1920.000000
4.164443,1920.000000
4.140323,1920.000000
4.133107,1920.000000
3.990608,1920.000000
4.315864,1920.000000
4.194423,1920.000000
4.241658,1920.000000
3.977561,1920.000000
4.021766,1920.000000
4.132296,1920.000000
3.914042,1920.000000
4.431169,1920.000000
4.205461,1920.000000
4.044779,1920.000000
4.056242,1920.000000
3.907128,1920.000000
4.002517,1920.000000
4.116330,1920.000000
4.118834,1920.000000
3.966527,1920.000000
4.218769,1920.000000
4.552796,1920.000000
4.110317,1920.000000
3.979502,1920.000000
3.625900,1920.000000
4.119238,1920.000000
4.016835,1920.000000
4.023350,1920.000000
3.833814,1920.000000
4.144645,1920.000000
4.311146,1920.000000
4.051973,1920.000000
4.265895,1920.000000
4.073292,1920.000000
4.182001,1920.000000
4.161846,1920.000000
3.944327,1920.000000
3.989645,1920.000000
3.995563,1920.000000
4.124426,1920.000000
4.042093,1920.000000
3.968323,1920.000000
4.282111,1920.000000
4.131047,1920.000000
4.027154,1920.000000
3.983511,1920.000000
4.173053,1920.000000
3.946634,1920.000000
4.012778,1920.000000
4.226709,1920.000000
4.158375,1920.000000
4.182899,1920.000000
4.106958,1920.000000
4.256851,1920.000000
3.976728,1920.000000
4.213611,1920.000000
3.881212,1920.000000
3.821442,1920.000000
4.017162,1920.000000
4.196692,1920.000000
4.044174,1920.000000
4.137806,1920.000000
3.991095,1920.000000
4.235912,1920.000000
4.297307,1920.000000
4.111453,1920.000000
3.998769,1920.000000
4.231026,1920.000000
4.047690,1920.000000
3.956212,1920.000000
3.919907,1920.000000
4.148406,1920.000000
4.247985,1920.000000
4.414065,1920.000000
4.089390,1920.000000
4.175256,1920.000000
4.069258,1920.000000
4.115337,1920.000000
3.958552,1920.000000
3.973798,1920.000000
4.052368,1920.000000
4.198164,1920.000000
4.269003,1920.000000
4.115923,1920.000000
4.078597,1920.000000
3.973701,1920.000000
3.812265,1920.000000
4.011873,1920.000000
4.189750,1920.000000
4.319606,1920.000000
4.160960,1920.000000
4.111972,1920.000000
4.282904,1920.000000
4.446285,1920.000000
4.482278,1920.000000
4.432772,1920.000000
4.310942,1920.000000
4.574640,1920.000000
4.328550,1920.000000
4.114807,1920.000000
4.041463,1920.000000
4.213291,1920.000000
4.526345,1920.000000
4.114025,1920.000000
4.409874,1920.000000
4.510308,1920.000000
4.415192,1920.000000
4.162832,1920.000000
4.179450,1920.000000
4.409981,1920.000000
4.219989,1920.000000
4.251543,1920.000000
4.189709,1920.000000
4.444506,1920.000000
4.425775,1920.000000
4.354139,1920.000000
4.595441,1920.000000
4.364654,1920.000000
4.465649,1920.000000
4.469760,1920.000000
4.364747,1920.000000
4.351813,1920.000000
4.494493,1920.000000
4.449198,1920.000000
4.139298,1920.000000
4.379497,1920.000000
4.410881,1920.000000
4.459415,1920.000000
4.392069,1920.000000
4.343050,1920.000000
4.490196,1920.000000
4.722968,1920.000000
4.471493,1920.000000
4.649599,1920.000000
4.617737,1920.000000
4.794498,1920.000000
4.683699,1920.000000
4.872591,1920.000000
4.661838,1920.000000
4.748616,1920.000000
4.536102,1920.000000
4.335166,1920.000000
4.492936,1920.000000
4.554102,1920.000000
4.532988,1920.000000
4.594636,1920.000000
4.649434,1920.000000
4.675750,1920.000000
4.376458,1920.000000
4.319584,1920.000000
4.393540,1920.000000
4.708905,1920.000000
4.677398,1920.000000
4.719114,1920.000000
4.476908,1920.000000
4.548097,1920.000000
4.506435,1920.000000
4.518732,1920.000000
4.493596,1920.000000
4.563390,1920.000000
4.780922,1920.000000
4.473662,1920.000000
4.415383,1920.000000
4.341317,1920.000000
4.592523,1920.000000
4.668830,1920.000000
4.594028,1920.000000
4.550772,1920.000000
4.862876,1920.000000
4.404412,1920.000000
4.542191,1920.000000
4.571007,1920.000000
4.660567,1920.000000
4.520143,1920.000000
4.602031,1920.000000
4.612206,1920.000000
4.472515,1920.000000
4.726179,1920.000000
4.788812,1920.000000
4.546591,1920.000000
4.500371,1920.000000
4.696529,1920.000000
4.494973,1920.000000
4.476133,1920.000000
4.489000,1920.000000
4.974974,1920.000000
4.844558,1920.000000
4.665454,1920.000000
4.642259,1920.000000
4.390932,1920.000000
4.572682,1920.000000
4.515321,1920.000000
4.485526,1920.000000
4.539074,1920.000000
4.759415,1920.000000
4.731070,1920.000000
4.547012,1920.000000
4.561087,1920.000000
4.690084,1920.000000
4.401120,1920.000000
4.660105,1920.000000
4.414953,1920.000000
4.342616,1920.000000
4.352127,1920.000000
4.194703,1920.000000
4.498546,1920.000000
4.734086,1920.000000
4.724264,1920.000000
4.514742,1920.000000
4.583492,1920.000000
4.549635,1920.000000
220.784873,1920.000000
46.204085,1920.000000
71.463623,1920.000000
76.922178,1920.000000
41.434860,1920.000000
175.281563,1920.000000
53.829248,1920.000000
42.144254,1920.000000
43.504972,1920.000000
126.462713,1920.000000
23.087278,1920.000000
30.276294,1920.000000
148.536693,1920.000000
52.670003,1920.000000
302.367910,1920.000000
170.614347,1920.000000
106.098708,1920.000000
107.646488,1920.000000
34.193992,1920.000000
23.924958,1920.000000
22.550959,1920.000000
