2,20,0,2,4474040,1.454813
3,0,2,0,0,0.524650
2,20,1,2,0,0.335440
3,5,3,2,2,0.353225
2,14,0,2,2,0.273806
3,3,2,2,1,0.215935
2,20,0,2,1,0.204834
2,20,1,2,1,0.209652
3,11,12,2,0,0.193399
2,8,0,2,0,0.181731
3,2,0,2,2,0.168352
3,19,17,2,0,0.146201
2,10,0,2,0,0.157307
2,20,0,2,0,0.145168
2,9,1,2,0,0.129629
3,0,2,1,0,0.128122
3,13,20,2,3,0.147825
3,14,18,1,3,0.121080
0,1,3,1,3,0.113689
2,15,1,2,3,0.104052
3,6,20,2,3,0.106048
3,16,1,2,3,0.103698
3,2,0,2,2,0.105223
3,0,2,2,0,0.129802
3,0,11,2,1,0.109359
0,3,1,2,1,0.106449
3,2,5,1,3,0.082084
3,18,14,1,0,0.083759
3,3,2,1,1,0.104151
3,4,20,1,3,0.083880
2,20,2,1,3,0.099789
0,3,2,1,3,0.079453
2,14,1,1,3,0.094173
3,5,12,1,2,0.078744
3,10,20,1,3,0.082288
2,10,1,1,3,0.065772
2,9,1,1,3,0.070788
3,0,13,1,2,0.073034
2,7,1,1,2,0.072166
2,14,1,1,2,0.063476
2,14,1,1,2,0.067143
3,19,17,1,0,0.077463
2,12,1,1,0,0.065094
0,3,1,1,0,0.057333
2,17,3,3,0,0.057290
3,1,20,3,2,0.056088
2,19,3,3,2,0.057419
3,3,20,3,0,0.064323
3,16,6,2,1,0.049623
3,20,16,2,0,0.048246
2,8,2,2,0,0.068294
3,3,20,3,0,0.055625
3,12,3,2,3,0.059413
0,2,2,3,3,0.049679
0,1,3,3,3,0.045188
2,8,2,2,3,0.044614
0,0,2,2,3,0.043333
3,19,20,2,3,0.038247
2,19,2,2,3,0.048181
2,19,2,2,3,0.051440
2,20,2,2,3,0.042800
3,4,20,2,2,0.051279
3,11,2,2,3,0.041664
3,0,20,2,0,0.049707
3,0,5,2,2,0.042685
3,20,10,2,3,0.048884
3,11,13,2,1,0.037416
2,14,2,2,1,0.051705
2,8,2,3,1,0.048922
3,3,2,2,0,0.043580
3,3,20,2,2,0.038281
3,2,0,2,2,0.048597
3,20,0,2,0,0.045249
3,0,11,2,3,0.036505
2,20,2,2,3,0.045062
3,5,12,2,2,0.041887
3,2,5,2,0,0.039532
3,2,5,2,3,0.041476
0,3,2,2,3,0.040525
3,13,5,2,0,0.036811
2,16,1,2,0,0.040531
3,14,18,2,2,0.037870
3,1,16,2,2,0.044794
3,14,18,2,2,0.045668
2,7,1,2,2,0.039045
3,1,4,2,0,0.033352
3,19,17,2,3,0.033901
2,6,1,2,3,0.035389
2,17,1,2,3,0.034635
3,19,17,3,3,0.038568
2,11,1,2,3,0.030292
3,11,13,2,0,0.039811
3,20,1,2,3,0.031905
2,20,1,2,3,0.032736
0,1,1,2,3,0.028394
3,19,20,3,3,0.028701
3,19,8,2,1,0.033307
2,8,2,3,1,0.034322
3,4,4,3,2,0.030309
2,17,1,2,2,0.033658
2,14,2,3,2,0.036050
2,14,1,2,2,0.035187
2,14,2,2,2,0.033023
3,12,20,3,3,0.026897
2,12,2,3,3,0.040914
2,8,1,2,3,0.033603
0,3,2,3,3,0.024805
3,20,0,2,2,0.029799
3,2,11,1,1,0.028560
3,0,11,2,1,0.028876
2,0,2,1,1,0.034497
0,3,1,2,1,0.031336
3,11,2,1,2,0.024478
3,3,1,0,0,0.029625
2,1,2,1,0,0.026574
3,3,20,0,1,0.031844
2,1,1,0,1,0.030817
2,10,1,0,1,0.030451
3,19,8,0,2,0.030232
2,5,3,3,2,0.027989
3,2,5,3,0,0.024034
2,10,2,1,0,0.025277
3,4,20,0,3,0.024965
2,0,2,1,3,0.025786
3,0,20,0,0,0.030267
3,13,0,1,2,0.025554
3,19,20,0,0,0.024585
3,13,11,1,1,0.023468
2,11,1,0,1,0.027849
2,14,1,0,1,0.024761
0,3,2,2,1,0.024291
3,19,20,1,2,0.022767
2,15,1,0,2,0.023398
2,4,2,3,2,0.023600
3,4,20,0,3,0.027255
3,15,18,0,3,0.027030
2,14,1,0,3,0.038740
2,20,2,1,3,0.023814
3,20,5,1,1,0.022951
3,0,20,0,3,0.026728
2,0,2,1,3,0.023762
3,20,5,0,2,0.027957
2,3,2,1,2,0.024174
3,20,5,0,2,0.029968
0,2,1,0,2,0.020837
3,3,20,1,3,0.021740
3,0,20,3,3,0.020939
2,0,1,0,3,0.028685
3,3,1,3,1,0.025010
3,3,1,1,3,0.022787
2,16,3,3,3,0.024346
2,1,2,1,3,0.020899
2,17,3,3,3,0.027072
2,0,1,0,3,0.025592
2,10,3,3,3,0.025870
2,3,1,0,3,0.023811
3,4,20,3,3,0.022639
2,18,2,1,3,0.020792
2,4,3,3,3,0.020585
3,4,20,3,3,0.027521
3,18,14,3,2,0.021782
3,14,18,1,2,0.020323
3,0,5,3,3,0.020949
3,2,5,1,0,0.020768
3,1,16,3,1,0.021817
2,13,2,1,1,0.020364
2,3,3,3,1,0.024199
2,0,2,3,1,0.020810
3,16,1,3,3,0.023538
0,0,2,3,3,0.019753
3,14,18,1,2,0.022877
3,20,0,3,0,0.019175
3,0,2,3,0,0.086678
3,0,2,0,2,0.060964
2,0,1,0,2,0.052495
3,2,0,2,2,0.025552
0,3,2,0,2,0.019158
2,0,2,1,2,0.019766
3,0,20,2,0,0.023760
2,2,2,1,0,0.021327
3,1,16,3,3,0.022692
3,7,6,2,1,0.026963
2,17,3,2,1,0.028697
2,1,2,1,1,0.019876
3,4,20,3,3,0.022625
2,17,2,1,3,0.018789
0,0,3,2,3,0.018757
0,3,2,1,3,0.019626
0,3,3,3,3,0.018006
2,12,2,1,3,0.019748
3,12,20,1,3,0.019361
3,5,13,1,3,0.032650
2,6,3,3,3,0.026134
3,6,20,1,3,0.042076
0,0,2,1,3,0.018280
2,18,3,1,3,0.018540
3,3,20,1,3,0.019429
2,8,1,0,3,0.021377
2,6,1,2,3,0.020602
2,12,1,0,3,0.018356
3,12,20,1,3,0.020708
3,20,0,0,0,0.019332
3,0,0,1,0,0.021396
2,9,3,1,0,0.016448
2,9,3,1,0,0.025357
2,13,1,0,0,0.022327
3,4,1,1,3,0.021135
2,9,3,1,3,0.018432
3,16,1,1,3,0.018258
3,16,1,1,1,0.032292
2,9,3,3,1,0.024220
2,4,3,1,1,0.018998
3,4,20,1,3,0.018315
3,19,17,1,3,0.017771
3,0,11,1,1,0.020185
2,0,1,0,1,0.023484
2,19,1,2,1,0.020428
2,0,3,0,1,0.016815
3,19,17,1,3,0.017187
2,11,1,2,3,0.021283
2,9,1,0,3,0.018399
3,2,5,0,3,0.016990
2,2,3,1,3,0.017694
3,3,1,1,1,0.016551
3,2,11,1,1,0.015173
3,12,20,1,3,0.019553
2,10,1,0,3,0.015592
2,12,3,1,3,0.014410
3,12,20,1,3,0.018367
0,1,3,1,3,0.014789
3,3,20,0,1,0.013822
2,10,1,0,1,0.020631
2,3,1,0,1,0.018884
3,0,20,0,3,0.018591
2,18,1,0,3,0.016001
3,0,20,0,3,0.015299
3,20,0,0,2,0.020619
2,17,1,0,2,0.016468
2,13,1,0,2,0.017889
3,1,16,0,3,0.017373
2,12,1,0,3,0.016322
2,16,1,0,3,0.015842
2,1,1,0,3,0.015492
2,8,1,0,3,0.017935
2,15,1,0,3,0.015584
2,14,3,0,3,0.014620
2,14,3,0,3,0.018081
2,7,1,0,3,0.015503
2,7,1,0,3,0.016422
2,7,1,2,3,0.017349
0,2,1,0,3,0.016472
2,10,3,0,3,0.014455
2,10,1,2,3,0.016877
2,11,1,0,3,0.018601
2,2,1,2,3,0.017599
3,2,0,0,2,0.015389
3,0,20,0,2,0.013529
3,0,20,2,3,0.016471
3,0,20,2,3,0.015538
0,3,1,0,3,0.014882
3,3,20,2,1,0.016934
2,3,3,0,1,0.016301
3,14,18,2,2,0.016301
2,14,3,0,2,0.015390
2,4,3,0,2,0.014219
3,4,20,2,3,0.014178
3,4,20,0,3,0.018134
3,4,20,2,3,0.019216
3,4,20,0,3,0.015218
2,10,1,2,3,0.015519
2,1,1,0,3,0.016483
3,4,1,2,1,0.015378
0,1,3,0,1,0.013018
0,1,1,2,1,0.012967
3,16,1,0,3,0.012981
2,14,3,3,3,0.014138
3,14,18,0,2,0.013670
3,14,18,0,2,0.015613
2,10,3,3,2,0.015221
2,14,1,0,2,0.015630
0,1,3,3,2,0.014656
3,16,1,0,3,0.013380
2,8,1,0,3,0.013133
2,8,1,0,3,0.014239
3,3,20,3,1,0.017974
3,2,5,0,3,0.014228
0,1,1,0,3,0.012041
3,19,17,1,3,0.011234
3,19,17,0,3,0.015459
2,3,2,3,3,0.014687
3,2,5,0,3,0.013978
3,19,17,1,3,0.012745
3,19,20,3,3,0.013236
3,12,20,1,3,0.011658
3,12,20,1,3,0.013806
3,0,20,0,2,0.014126
3,0,20,1,0,0.012770
0,3,1,0,0,0.015456
2,15,1,1,0,0.013235
3,0,20,3,2,0.015191
3,0,20,1,0,0.014079
2,0,1,3,0,0.013755
2,7,1,1,0,0.013057
0,3,1,3,0,0.013379
0,3,1,1,0,0.011916
2,13,1,0,0,0.011197
2,17,2,3,0,0.012620
2,3,1,0,0,0.013432
2,17,2,3,0,0.013674
2,17,1,0,0,0.012154
2,17,1,2,0,0.014472
3,3,20,2,3,0.011002
2,20,1,2,3,0.011691
3,0,20,2,0,0.011912
2,0,1,0,0,0.014212
3,3,20,3,3,0.013966
2,18,1,0,3,0.010950
3,11,2,0,2,0.010129
3,11,2,3,2,0.015797
2,4,3,3,2,0.010956
3,11,2,2,2,0.011226
2,10,3,3,2,0.012088
2,8,1,0,2,0.014407
2,7,2,3,2,0.012678
2,7,1,0,2,0.012420
3,16,1,3,3,0.010546
3,1,16,3,3,0.012312
2,10,1,0,3,0.012865
2,10,3,3,3,0.011649
2,12,1,0,3,0.013264
2,6,2,3,3,0.013470
2,13,1,0,3,0.012510
2,10,2,3,3,0.013247
2,0,1,0,3,0.013143
3,0,20,3,3,0.013421
3,20,0,0,0,0.011867
3,4,20,3,3,0.011193
3,4,20,0,3,0.013705
2,19,3,3,3,0.010474
3,1,7,3,0,0.010017
3,1,7,2,2,0.024950
2,7,3,3,2,0.011246
2,11,1,0,2,0.012613
3,1,16,3,3,0.012226
2,3,3,3,3,0.009559
2,2,2,3,3,0.010915
3,13,11,1,1,0.009898
3,13,11,1,2,0.012265
3,11,13,0,0,0.011077
2,17,1,1,0,0.009571
3,3,20,2,3,0.009080
2,20,1,2,3,0.009455
2,0,3,3,3,0.009033
3,20,0,0,2,0.012106
0,1,3,3,2,0.009443
2,2,1,0,2,0.010444
2,15,2,3,2,0.012851
2,19,1,0,2,0.012638
3,2,5,3,0,0.012314
3,0,5,2,1,0.009655
3,20,0,3,0,0.010947
3,2,5,0,0,0.010905
3,4,20,3,3,0.011150
3,4,20,0,3,0.011341
3,4,20,3,3,0.012961
2,0,1,1,3,0.009464
3,0,20,3,0,0.012477
2,0,1,0,0,0.010222
0,0,2,3,0,0.012216
0,3,1,1,0,0.009467
0,3,1,2,0,0.009837
2,15,1,2,0,0.009893
3,1,7,0,0,0.011224
3,1,7,0,0,0.016956
2,11,1,2,0,0.013701
0,3,1,0,0,0.010379
2,15,1,2,0,0.012033
2,3,1,0,0,0.011923
3,0,5,2,3,0.011403
3,0,20,0,2,0.009059
3,0,20,2,0,0.010194
3,0,20,2,0,0.010377
3,1,7,2,0,0.009255
2,12,1,0,0,0.009589
2,10,1,2,0,0.011751
2,13,1,0,0,0.011575
3,3,20,0,2,0.011610
2,2,1,0,2,0.010778
2,17,1,2,2,0.010853
2,1,1,0,2,0.010474
2,16,1,0,2,0.011070
3,16,1,0,3,0.010455
3,16,1,2,3,0.011002
2,0,1,0,3,0.012164
2,15,1,2,3,0.010850
2,19,1,0,3,0.010730
2,7,1,0,3,0.010497
2,14,1,0,3,0.009791
3,2,0,2,2,0.013023
3,2,0,0,2,0.013283
2,4,1,2,2,0.007949
3,4,20,0,3,0.010714
2,9,1,0,3,0.009515
3,2,0,2,2,0.010768
3,2,0,2,2,0.011429
2,20,1,0,2,0.012958
0,1,1,2,2,0.010447
3,3,1,3,3,0.008614
2,3,1,3,3,0.009376
2,10,1,0,3,0.010332
2,1,1,0,3,0.010641
2,20,1,0,3,0.009890
2,6,1,3,3,0.008845
2,5,1,3,3,0.008801
2,5,1,3,3,0.011960
0,3,1,3,3,0.008996
2,5,1,0,3,0.008111
2,5,1,0,3,0.007858
2,14,1,0,3,0.011089
0,3,1,0,3,0.009394
2,15,1,0,3,0.010313
2,2,1,0,3,0.010187
2,11,1,0,3,0.010185
2,11,1,0,3,0.008789
2,10,1,0,3,0.010704
2,20,1,0,3,0.009730
2,17,1,0,3,0.009239
2,10,1,0,3,0.008267
0,2,1,0,3,0.009154
3,13,11,0,3,0.008051
3,13,11,0,3,0.010199
3,11,2,0,2,0.008524
2,14,1,0,2,0.008368
2,14,1,0,2,0.010161
3,11,2,0,2,0.009620
3,2,11,0,1,0.008438
2,18,1,0,1,0.008322
2,12,1,0,1,0.007583
3,12,20,0,3,0.007511
3,12,20,0,3,0.009334
3,12,20,0,3,0.007830
2,20,1,0,3,0.009413
2,12,1,0,3,0.007854
3,12,20,3,3,0.009749
3,0,20,0,2,0.008691
2,0,1,0,2,0.010151
2,0,1,0,2,0.010163
3,0,20,3,3,0.011046
3,0,20,0,3,0.008792
3,0,20,0,0,0.008605
3,0,20,0,0,0.009234
3,20,0,0,2,0.010884
3,0,20,0,0,0.007847
3,0,20,0,2,0.009303
3,20,0,0,2,0.008686
2,0,1,0,2,0.009038
3,0,20,0,3,0.008123
2,20,1,0,3,0.009448
3,12,20,0,3,0.009033
2,12,1,0,3,0.008722
2,8,1,3,3,0.009662
2,8,1,0,3,0.007605
2,8,1,0,3,0.009519
2,3,1,0,3,0.007741
2,11,1,0,3,0.008829
2,15,1,3,3,0.009289
2,2,1,0,3,0.009584
2,10,1,3,3,0.009630
2,1,1,0,3,0.009440
2,6,1,3,3,0.009450
2,0,1,0,3,0.008623
2,17,1,3,3,0.009336
3,4,20,0,3,0.009275
2,18,1,3,3,0.008877
2,19,1,0,3,0.009097
3,0,20,3,3,0.009055
3,0,20,0,3,0.008333
0,2,1,3,3,0.007818
2,12,1,0,3,0.007592
3,12,20,0,3,0.007803
3,12,20,0,3,0.007272
2,14,1,0,3,0.007402
0,1,1,0,3,0.007208
3,0,20,0,0,0.007071
3,0,20,0,0,0.007904
2,13,1,0,0,0.008993
2,12,1,2,0,0.009411
2,12,1,0,0,0.008569
2,16,1,2,0,0.009049
2,5,1,0,0,0.008416
2,15,1,2,0,0.007800
2,0,1,0,0,0.008894
2,10,2,3,0,0.008316
2,0,1,0,0,0.008676
2,0,2,0,0,0.009289
3,20,0,0,0,0.009737
3,20,0,0,0,0.006993
3,0,20,0,0,0.007807
3,0,20,0,0,0.007717
2,15,2,0,0,0.006745
1,0.300000
1,0.500000
0,0.100000
0,0.100000
0,0.100000
0,0.100000
0,0.100000
0,0.100000
0,0.100000
0,0.100000
0,0.100000
0,0.100000
0,0.100000
0,0.100000
0,0.100000
1,0.300000
0,0.200000
1,0.300000
1,0.300000
0,0.100000
0,0.100000
0,0.100000
0,0.100000
0,0.100000
0,0.100000
0,0.100000
1,0.200000
1,0.200000
1,0.200000
1,0.200000
1,0.200000
1,0.200000
1,0.200000
1,0.300000
1,0.200000
1,0.200000
1,0.200000
1,0.300000
1,0.200000
1,0.200000
1,0.200000
1,0.300000
1,0.200000
1,0.200000
0,0.100000
0,0.100000
0,0.100000
0,0.100000
1,0.100000
1,0.100000
1,0.200000
0,0.200000
1,0.200000
0,0.100000
0,0.100000
1,0.100000
1,0.100000
0,0.100000
0,0.100000
0,0.100000
0,0.100000
0,0.100000
0,0.100000
0,0.100000
0,0.100000
0,0.100000
0,0.100000
0,0.100000
1,0.100000
0,0.100000
0,0.100000
0,0.200000
0,0.100000
0,0.100000
0,0.200000
1,0.200000
0,0.100000
1,0.200000
0,0.200000
1,0.200000
1,0.100000
1,0.200000
1,0.200000
1,0.100000
1,0.200000
1,0.200000
1,0.200000
1,0.200000
1,0.200000
1,0.100000
0,0.200000
1,0.200000
1,0.200000
1,0.200000
1,0.200000
1,0.100000
0,0.200000
1,0.100000
1,0.100000
0,0.200000
1,0.100000
0,0.200000
0,0.100000
1,0.100000
1,0.100000
0,0.200000
1,0.100000
0,0.200000
1,0.100000
0,0.200000
1,0.100000
0,0.200000
1,0.100000
0,0.300000
1,0.100000
0,0.300000
1,0.300000
0,0.300000
1,0.300000
0,0.100000
0,0.100000
1,0.200000
0,0.300000
1,0.100000
0,0.300000
1,0.100000
0,0.300000
1,0.100000
0,0.300000
0,0.300000
0,0.100000
1,0.200000
0,0.300000
0,0.100000
0,0.200000
0,0.300000
0,0.300000
1,0.100000
1,0.100000
0,0.200000
1,0.100000
0,0.300000
1,0.100000
0,0.300000
0,0.200000
1,0.100000
0,0.100000
1,0.300000
0,0.100000
1,0.100000
0,0.100000
1,0.100000
0,0.100000
1,0.300000
0,0.100000
1,0.300000
0,0.100000
1,0.100000
0,0.100000
0,0.100000
0,0.100000
1,0.100000
0,0.100000
1,0.200000
0,0.100000
1,0.200000
0,0.100000
0,0.100000
0,0.100000
0,0.100000
1,0.100000
0,0.100000
0,0.100000
1,0.400000
1,0.400000
0,0.200000
0,0.100000
1,0.100000
0,0.200000
1,0.100000
0,0.100000
0,0.200000
0,0.200000
1,0.100000
0,0.100000
1,0.100000
0,0.200000
1,0.100000
0,0.100000
1,0.100000
1,0.100000
1,0.100000
0,0.300000
1,0.100000
1,0.100000
1,0.200000
1,0.200000
1,0.400000
1,0.100000
1,0.400000
1,0.200000
1,0.400000
1,0.200000
1,0.200000
1,0.200000
1,0.400000
1,0.200000
1,0.200000
1,0.200000
1,0.200000
0,0.300000
1,0.200000
1,0.200000
1,0.200000
1,0.200000
1,0.400000
1,0.100000
0,0.100000
1,0.200000
1,0.100000
1,0.400000
1,0.300000
1,0.200000
1,0.200000
1,0.200000
1,0.200000
1,0.300000
1,0.200000
1,0.200000
1,0.200000
1,0.300000
0,0.300000
1,0.400000
0,0.300000
1,0.400000
0,0.300000
1,0.300000
0,0.300000
1,0.400000
0,0.300000
1,0.400000
0,0.300000
1,0.400000
0,0.300000
1,0.400000
0,0.100000
0,0.100000
0,0.300000
1,0.400000
1,0.100000
0,0.300000
0,0.100000
1,0.100000
1,0.400000
1,0.100000
1,0.400000
0,0.100000
1,0.100000
1,0.100000
1,0.400000
1,0.100000
0,0.100000
1,0.100000
0,0.100000
0,0.100000
1,0.100000
1,0.400000
1,0.100000
0,0.100000
1,0.100000
1,0.400000
1,0.100000
0,0.100000
1,0.100000
1,0.300000
0,0.200000
1,0.300000
1,0.300000
0,0.300000
1,0.300000
0,0.300000
1,0.300000
1,0.100000
1,0.100000
0,0.300000
1,0.300000
1,0.100000
1,0.300000
1,0.300000
0,0.300000
1,0.300000
1,0.100000
1,0.300000
1,0.100000
1,0.100000
1,0.300000
1,0.100000
1,0.300000
1,0.100000
1,0.300000
1,0.300000
1,0.300000
1,0.100000
1,0.300000
1,0.100000
1,0.400000
0,0.300000
1,0.400000
0,0.300000
1,0.400000
1,0.100000
1,0.100000
1,0.100000
1,0.100000
1,0.400000
0,0.300000
1,0.400000
1,0.400000
0,0.300000
0,0.200000
1,0.100000
0,0.200000
1,0.400000
0,0.300000
1,0.400000
0,0.200000
0,0.200000
1,0.400000
0,0.200000
1,0.400000
0,0.300000
1,0.400000
0,0.300000
1,0.400000
0,0.300000
1,0.400000
0,0.200000
1,0.400000
0,0.200000
0,0.200000
1,0.100000
0,0.200000
1,0.400000
0,0.300000
0,0.200000
0,0.300000
1,0.300000
1,0.300000
1,0.400000
1,0.300000
1,0.100000
1,0.100000
0,0.200000
1,0.400000
0,0.200000
1,0.400000
0,0.300000
1,0.400000
0,0.300000
1,0.100000
0,0.300000
1,0.400000
0,0.300000
1,0.400000
0,0.300000
1,0.300000
0,0.300000
1,0.400000
0,0.300000
1,0.300000
1,0.100000
0,0.200000
1,0.400000
1,0.400000
0,0.200000
1,0.400000
0,0.200000
1,0.400000
0,0.200000
1,0.400000
0,0.200000
1,0.200000
0,0.200000
1,0.400000
0,0.200000
1,0.400000
0,0.300000
1,0.400000
0,0.200000
1,0.400000
0,0.300000
1,0.400000
0,0.200000
1,0.400000
0,0.200000
1,0.400000
0,0.300000
1,0.400000
0,0.200000
1,0.400000
0,0.200000
1,0.400000
1,0.400000
1,0.100000
1,0.200000
1,0.400000
1,0.100000
1,0.200000
1,0.200000
0,0.300000
1,0.400000
0,0.300000
1,0.200000
1,0.200000
1,0.200000
1,0.200000
1,0.100000
1,0.100000
0,0.300000
1,0.400000
0,0.300000
1,0.400000
0,0.300000
1,0.100000
0,0.300000
1,0.400000
0,0.300000
1,0.400000
0,0.300000
1,0.100000
1,0.100000
1,0.100000
1,0.100000
1,0.100000
1,0.100000
1,0.100000
1,0.400000
1,0.100000
1,0.100000
1,0.100000
1,0.400000
1,0.400000
1,0.100000
0,0.400000
1,0.400000
1,0.100000
1,0.400000
0,0.400000
1,0.400000
1,0.100000
1,0.100000
1,0.400000
1,0.100000
1,0.400000
1,0.100000
1,0.400000
1,0.100000
1,0.400000
1,0.100000
1,0.400000
0,0.400000
1,0.400000
1,0.400000
1,0.100000
1,0.400000
0,0.400000
1,0.400000
0,0.400000
1,0.400000
0,0.400000
1,0.400000
0,0.400000
1,0.400000
0,0.400000
1,0.400000
0,0.400000
1,0.100000
0,0.400000
1,0.400000
1,0.100000
1,0.100000
1,0.100000
1,0.100000
1,0.400000
0,0.100000
1,0.400000
0,0.200000
1,0.400000
0,0.200000
1,0.400000
0,0.200000
1,0.400000
0,0.300000
1,0.400000
0,0.100000
0,0.100000
0,0.100000
0,0.100000
0,0.100000
0,0.100000
1,2.334406
0,1.349124
0,0.884180
0,0.839367
0,1.374479
0,1.107279
0,1.368552
1,2.469491
0,1.368552
0,1.203677
0,1.495464
0,1.259296
0,4.424519
1,1.749124
1,4.032850
1,1.749124
1,1.801934
1,1.746221
1,1.485881
1,1.435378
1,2.555725
1,1.435378
1,1.745464
1,1.349124
0,1.239257
1,1.557165
0,1.236627
1,1.557165
1,1.357279
1,1.294778
0,1.906811
1,2.960577
1,2.960577
0,1.052775
1,2.960577
0,1.343203
0,1.343203
1,1.661976
1,2.363241
1,2.463241
1,2.463241
1,1.609296
1,2.361249
1,2.463241
1,2.463241
1,2.463241
0,1.448922
0,1.448922
1,1.549197
1,1.268597
1,1.289714
1,1.148922
1,1.289714
0,1.854225
0,1.854225
0,1.854225
1,2.526809
1,2.526809
0,1.103677
0,1.900894
1,1.572401
1,1.310875
0,1.264974
0,1.900894
1,1.387154
1,3.020251
1,1.637498
1,1.520897
1,1.572401
0,1.223392
1,1.641463
1,1.345464
0,1.804225
1,1.572401
0,1.350199
1,1.352775
0,1.350199
1,1.486627
1,1.520897
1,1.409895
0,1.820897
0,1.820897
1,1.539895
1,1.520897
1,1.136462
0,1.538984
1,1.271655
0,1.171655
1,1.723512
0,1.171655
1,1.723512
1,1.445335
1,2.361249
0,1.699383
1,1.773512
1,2.676809
0,1.272714
0,1.324479
1,1.136462
1,1.723512
1,1.715813
1,1.723512
1,1.773512
1,1.773512
1,1.715813
1,1.723512
0,1.324479
0,1.949383
0,1.324479
1,1.239257
0,1.217191
1,1.723512
1,1.715813
0,1.509237
0,1.661526
1,1.142609
1,1.503677
0,1.661526
1,1.503677
0,1.661526
0,1.300199
1,1.516535
0,1.544778
1,1.716535
1,1.500894
0,1.217191
0,2.757145
1,1.516535
1,1.394778
1,1.394778
1,1.394778
1,2.910872
0,1.669216
1,1.943124
1,1.394778
1,1.607173
0,1.669216
1,1.920897
0,1.461526
1,1.681071
0,1.093571
1,1.407984
0,1.607984
0,1.707984
1,1.310209
1,1.410209
0,1.931071
1,2.020897
0,1.669216
1,1.702378
0,1.544778
1,1.920897
0,1.544778
1,1.920897
0,1.544778
1,1.920897
0,1.544778
1,1.920897
1,1.543124
1,1.444778
1,1.543124
1,1.920897
0,1.293571
1,1.500199
0,1.808769
0,1.704225
1,1.251294
0,1.704225
0,1.785378
0,1.704225
0,1.720897
0,1.704225
1,1.349124
0,1.473872
1,1.636627
0,1.545464
1,1.394695
0,1.274479
1,1.500894
0,1.274479
1,1.394695
1,1.605798
1,1.142609
0,1.171655
0,1.544778
0,1.171655
1,1.271655
1,1.920897
1,1.271655
0,1.604225
1,1.773512
1,1.564855
1,1.251294
0,2.605725
1,1.210209
1,1.210209
1,1.210209
1,1.642609
1,1.251294
1,1.642609
1,1.723512
0,1.604225
1,1.126268
0,1.186627
0,1.186627
1,1.642609
1,1.251294
0,1.435378
0,1.435378
1,1.535881
1,1.142609
1,1.271655
1,1.444778
1,1.271655
1,1.239257
0,1.616917
0,1.521655
0,1.171655
0,1.171655
0,2.073512
1,1.642609
0,1.186627
0,2.073512
0,1.469216
0,1.274479
0,2.073512
1,1.642609
1,1.681071
1,1.873512
0,1.931071
1,1.642609
0,1.931071
0,1.144778
0,1.931071
1,2.020897
1,1.681071
0,1.699383
0,1.744695
0,1.237498
0,1.744695
1,2.020897
1,1.520897
1,2.020897
1,1.520897
1,1.495464
1,1.495464
1,1.495464
1,1.520897
1,2.020897
1,1.495464
1,1.520897
1,1.495464
1,1.520897
1,2.020897
1,1.520897
1,1.495464
0,1.616917
1,1.681071
0,1.831071
1,2.020897
1,1.142609
1,2.020897
1,1.520897
0,1.670897
1,1.486627
0,1.544778
0,1.144778
1,1.244778
0,1.144778
0,1.521655
0,1.136627
1,1.201356
0,1.186627
0,1.465813
0,1.285378
1,1.500894
0,1.720897
1,2.020897
1,1.500894
1,1.585378
1,1.500894
1,1.585378
1,1.142609
0,1.186627
1,1.142609
0,1.136627
1,1.620897
1,1.221655
0,1.171655
0,1.521655
1,1.486627
0,1.521655
1,2.926809
0,1.923512
1,1.773512
0,1.616917
1,1.500894
0,1.144778
1,1.620897
1,1.866917
0,1.800894
1,1.565813
1,1.620897
1,1.565813
1,1.620897
1,1.516535
0,1.544778
1,1.565813
0,1.954225
1,1.565813
1,1.565813
1,1.310209
0,1.435378
1,1.650894
0,1.754225
0,1.460209
1,1.565813
1,1.565813
0,1.465813
0,1.435378
1,1.565813
1,1.244778
1,1.693900
1,1.531071
1,1.493900
0,1.435378
1,1.344695
1,1.693900
0,1.393900
1,1.693900
1,1.531071
1,1.693900
1,1.531071
1,1.693900
1,1.531071
0,1.604225
0,1.544778
1,1.444778
1,1.466535
0,1.393900
1,1.391209
0,1.544695
0,1.285378
0,1.544695
0,1.350199
1,1.310209
1,1.466535
0,1.518546
1,1.445335
0,1.438635
1,1.310209
0,1.438635
1,1.244778
1,1.899383
0,1.954225
0,1.144778
0,1.350199
0,1.144778
0,1.350199
1,1.192479
0,1.954225
1,1.500199
1,1.244778
0,1.144778
0,1.544778
1,1.591463
1,1.500894
1,1.591463
0,1.293571
0,1.438635
0,1.465813
0,1.465813
0,1.393900
1,1.543900
0,1.293571
0,1.616917
0,1.293571
0,0.943571
0,1.293571
0,1.616917
1,1.650894
0,1.700894
0,1.443900
1,1.766917
1,1.141463
1,1.591463
1,1.141463
1,1.585378
1,1.352378
1,1.585378
1,1.352378
1,1.585378
0,1.785378
1,1.591463
1,1.581071
1,1.591463
1,1.581071
1,1.591463
0,1.545464
1,1.495464
1,1.352378
1,1.344778
1,1.752378
0,1.545464
1,1.345464
1,1.591463
1,1.344695
1,1.352378
1,1.866917
1,1.210209
0,1.274479
1,1.210209
0,1.699383
0,1.574479
0,1.699383
0,1.699383
0,1.900894
0,1.699383
0,1.900894
0,1.699383
0,1.900894
0,1.274479
0,1.900894
0,1.274479
0,1.574479
0,1.274479
0,1.574479
0,1.274479
0,1.574479
0,1.438635
1,1.538635
0,1.465813
1,1.515813
1,1.515813
1,1.515813
0,1.574479
1,1.866917
0,1.931071
1,1.873512
0,1.923512
1,1.873512
0,1.699383
1,1.866917
0,2.173512
1,1.866917
0,1.800894
1,1.904225
0,1.931071
1,1.881071
0,1.800894
1,1.650894
0,1.699383
1,1.650894
0,1.616917
1,1.649383
0,1.600894
1,1.581071
0,1.600894
1,1.723512
0,1.274479
0,1.931071
0,1.600894
0,1.144778
0,1.931071
0,1.274479
0,1.900894
0,1.600894
0,1.931071
0,1.600894
0,1.931071
0,1.600894
0,1.931071
0,1.144778
0,1.931071
1,1.745464
0,1.931071
1,1.881071
0,1.831071
1,1.585378
1,1.873512
0,1.923512
1,1.395335
0,1.600894
0,1.600894
1,1.500894
1,1.904225
1,1.110209
1,1.904225
1,1.110209
1,1.904225
1,1.344695
1,1.904225
1,1.110209
1,1.904225
0,1.831071
1,1.804225
0,1.754225
1,1.650894
0,1.700894
1,1.904225
0,0
1,3
0,1
1,4
0,3
0,7
1,0
0,1
1,5
1,4
0,8
1,0
1,0
1,0
0,7
0,0
0,2
0,0
0,0
0,5
0,1
0,0
1,3
0,6
1,4
0,6
0,5
0,6
1,3
0,7
1,0
0,6
0,7
1,7
0,8
1,1
0,8
1,4
1,2
1,3
0,5
1,7
1,1
1,3
1,3
1,2
1,2
0,2
0,2
1,7
1,7
1,0
1,3
1,0
0,4
0,4
1,6
1,6
1,3
1,0
1,0
1,2
1,6
0,8
1,6
0,8
1,2
0,8
1,6
1,2
1,2
1,1
1,2
1,2
0,2
0,0
1,2
1,5
1,2
0,0
1,2
1,2
1,5
1,1
1,5
1,1
0,0
0,0
1,1
0,0
1,1
0,0
0,1
1,0
1,3
0,3
0,8
0,4
0,1
0,8
0,1
1,3
0,4
1,2
1,4
1,2
1,3
0,4
1,4
0,3
1,4
0,8
0,3
0,8
0,0
0,4
1,5
0,4
1,2
0,3
1,1
1,2
1,3
1,7
0,8
1,7
1,3
1,3
1,2
1,3
1,3
1,4
1,3
1,4
1,1
1,2
0,8
1,0
1,8
0,2
1,4
1,1
1,8
0,8
1,2
1,1
1,2
0,0
1,1
1,5
1,1
1,5
0,8
1,8
0,4
1,7
1,2
1,1
1,2
1,2
1,0
1,6
1,0
1,6
1,0
1,6
1,0
1,8
1,1
1,3
1,3
1,3
1,2
1,5
1,7
1,0
1,7
0,0
1,0
1,5
1,0
1,2
0,8
1,5
1,1
1,4
1,2
1,3
1,3
1,3
1,2
1,4
0,4
1,4
0,0
0,0
0,3
1,8
0,3
1,4
1,2
1,7
1,2
1,7
0,8
1,7
0,4
1,7
1,2
1,2
0,8
1,2
1,7
0,4
1,1
1,5
1,0
1,2
1,7
1,0
1,7
1,6
0,2
1,1
1,1
1,1
1,1
1,2
0,3
1,6
1,1
0,3
1,6
1,1
1,1
1,1
1,0
1,1
1,4
1,1
1,4
1,1
1,5
1,1
1,6
1,3
0,2
1,1
0,2
1,4
1,0
1,2
0,4
1,6
1,0
0,0
1,3
1,2
1,3
1,5
0,5
1,8
0,5
1,3
1,4
0,4
1,5
0,5
1,5
0,5
1,5
0,6
0,0
0,4
0,0
0,6
1,8
1,8
0,5
0,0
1,0
1,8
0,4
1,6
0,5
1,8
1,2
0,3
1,3
1,0
1,8
1,1
1,4
1,2
1,2
1,8
1,2
1,8
1,1
1,8
1,0
0,0
0,6
1,8
1,2
0,0
0,7
1,7
1,1
0,3
1,4
1,2
1,0
0,0
1,4
0,5
0,0
1,2
1,1
1,2
1,2
0,5
1,8
1,1
0,2
0,3
1,1
1,2
0,3
1,8
0,4
1,7
0,5
1,8
1,0
1,8
0,3
1,3
1,1
1,3
1,3
1,1
1,6
1,0
1,3
0,3
1,6
0,3
1,6
0,3
0,4
1,0
1,1
1,6
0,4
1,6
1,0
1,5
1,0
1,4
1,1
1,8
0,2
1,8
1,0
1,8
1,0
1,8
1,0
1,8
0,7
0,7
0,3
0,3
1,0
1,8
1,0
1,8
0,5
0,3
1,2
1,1
1,2
1,8
0,5
1,7
0,2
1,6
0,8
1,7
1,0
1,8
1,2
1,8
1,0
1,6
0,7
0,1
1,2
0,0
1,2
0,3
0,3
0,3
0,3
1,4
0,8
0,3
1,6
0,5
1,5
0,2
0,0
0,3
1,2
1,1
0,3
1,6
0,8
1,8
1,0
1,8
0,4
1,5
0,5
1,4
1,1
1,2
1,3
1,3
1,3
1,3
1,3
0,4
1,1
0,8
1,1
1,1
1,3
1,0
1,7
1,0
1,4
0,5
1,8
1,1
0,0
0,5
1,6
1,1
0,0
1,4
1,3
1,4
1,3
1,4
1,1
1,1
1,1
1,8
1,1
0,4
1,6
1,0
1,6
1,0
1,8
0,5
1,7
0,4
1,8
0,8
1,6
0,3
1,6
1,0
1,3
1,1
1,3
1,3
1,3
1,3
1,4
1,4
0,5
1,7
0,5
1,6
1,0
1,6
1,0
1,7
0,5
0,0
1,1
1,6
1,6
1,6
1,6
1,6
4.287733,1920.000000
4.533456,1920.000000
4.489144,1920.000000
4.378622,1920.000000
4.553310,1920.000000
4.488292,1920.000000
4.314705,1920.000000
4.622880,1920.000000
4.389843,1920.000000
4.424146,1920.000000
4.428481,1920.000000
4.473582,1920.000000
4.303136,1920.000000
4.491744,1920.000000
4.466650,1920.000000
4.283169,1920.000000
4.429542,1920.000000
4.465279,1920.000000
4.484277,1920.000000
4.269613,1920.000000
4.390033,1920.000000
4.446776,1920.000000
4.372723,1920.000000
4.523911,1920.000000
4.292163,1920.000000
4.412919,1920.000000
4.566012,1920.000000
4.316301,1920.000000
4.522145,1920.000000
4.467564,1920.000000
4.537562,1920.000000
4.415972,1920.000000
4.511694,1920.000000
4.509338,1920.000000
4.494325,1920.000000
4.338957,1920.000000
4.687664,1920.000000
4.437612,1920.000000
4.490658,1920.000000
4.323244,1920.000000
4.319122,1920.000000
4.480018,1920.000000
4.477463,1920.000000
4.403725,1920.000000
4.380981,1920.000000
4.401554,1920.000000
4.333966,1920.000000
4.389814,1920.000000
4.276676,1920.000000
4.498333,1920.000000
4.388994,1920.000000
4.240259,1920.000000
4.154919,1920.000000
4.470200,1920.000000
4.367830,1920.000000
4.359867,1920.000000
4.293508,1920.000000
4.319850,1920.000000
4.287084,1920.000000
4.286908,1920.000000
4.455162,1920.000000
4.362724,1920.000000
4.483866,1920.000000
4.408642,1920.000000
4.388380,1920.000000
4.460738,1920.000000
4.495718,1920.000000
4.388350,1920.000000
4.607792,1920.000000
4.455200,1920.000000
4.466172,1920.000000
4.459183,1920.000000
4.496064,1920.000000
4.323677,1920.000000
4.300127,1920.000000
4.433217,1920.000000
4.341731,1920.000000
4.259910,1920.000000
4.465899,1920.000000
4.236069,1920.000000
4.373242,1920.000000
4.335052,1920.000000
4.244422,1920.000000
4.413321,1920.000000
4.290101,1920.000000
4.409646,1920.000000
4.415816,1920.000000
4.406437,1920.000000
4.227764,1920.000000
4.429782,1920.000000
4.242295,1920.000000
4.432472,1920.000000
4.298037,1920.000000
4.404735,1920.000000
4.261074,1920.000000
4.364274,1920.000000
4.407412,1920.000000
4.289583,1920.000000
4.369104,1920.000000
4.353149,1920.000000
4.329411,1920.000000
4.339328,1920.000000
4.323387,1920.000000
4.306672,1920.000000
4.351271,1920.000000
4.355141,1920.000000
4.374913,1920.000000
4.319061,1920.000000
4.333362,1920.000000
4.371033,1920.000000
4.420024,1920.000000
4.356710,1920.000000
4.392983,1920.000000
4.429118,1920.000000
4.440951,1920.000000
4.346479,1920.000000
4.542160,1920.000000
4.308908,1920.000000
4.247365,1920.000000
4.307942,1920.000000
4.293381,1920.000000
4.287750,1920.000000
4.313424,1920.000000
4.380569,1920.000000
4.348845,1920.000000
4.339191,1920.000000
4.372262,1920.000000
4.233406,1920.000000
4.439252,1920.000000
4.224168,1920.000000
4.391087,1920.000000
4.361245,1920.000000
4.215502,1920.000000
4.339251,1920.000000
4.363871,1920.000000
4.362964,1920.000000
4.351818,1920.000000
4.493120,1920.000000
4.164397,1920.000000
4.387911,1920.000000
4.372458,1920.000000
4.378432,1920.000000
4.170195,1920.000000
4.243830,1920.000000
4.217349,1920.000000
4.200245,1920.000000
4.356806,1920.000000
4.269004,1920.000000
4.245108,1920.000000
4.256442,1920.000000
4.245995,1920.000000
4.259216,1920.000000
4.286050,1920.000000
4.277134,1920.000000
4.325224,1920.000000
4.222744,1920.000000
4.267208,1920.000000
4.261486,1920.000000
4.315330,1920.000000
4.219108,1920.000000
4.273375,1920.000000
4.174782,1920.000000
4.296222,1920.000000
4.097804,1920.000000
4.240671,1920.000000
4.212460,1920.000000
4.250970,1920.000000
4.279771,1920.000000
4.159206,1920.000000
4.158564,1920.000000
4.248929,1920.000000
4.248609,1920.000000
4.286080,1920.000000
4.275148,1920.000000
4.145590,1920.000000
4.312295,1920.000000
4.150885,1920.000000
4.344072,1920.000000
4.186118,1920.000000
4.194091,1920.000000
4.201562,1920.000000
4.199339,1920.000000
4.089045,1920.000000
4.092271,1920.000000
4.109583,1920.000000
4.226935,1920.000000
4.138395,1920.000000
4.091682,1920.000000
4.191606,1920.000000
4.217201,1920.000000
4.144289,1920.000000
4.204459,1920.000000
4.227792,1920.000000
4.137393,1920.000000
4.258788,1920.000000
4.230442,1920.000000
4.387856,1920.000000
4.317809,1920.000000
4.361916,1920.000000
4.170335,1920.000000
4.148185,1920.000000
4.337322,1920.000000
4.157840,1920.000000
4.276465,1920.000000
4.352291,1920.000000
4.278529,1920.000000
4.366788,1920.000000
4.213513,1920.000000
4.225431,1920.000000
4.308242,1920.000000
4.292282,1920.000000
4.200074,1920.000000
4.290970,1920.000000
4.145998,1920.000000
4.246488,1920.000000
4.333202,1920.000000
4.263436,1920.000000
4.364286,1920.000000
4.315738,1920.000000
4.277162,1920.000000
4.175781,1920.000000
4.389894,1920.000000
4.234412,1920.000000
4.356622,1920.000000
4.290340,1920.000000
4.368030,1920.000000
4.287276,1920.000000
4.367498,1920.000000
4.401876,1920.000000
4.093197,1920.000000
4.271413,1920.000000
4.311339,1920.000000
4.317888,1920.000000
4.326438,1920.000000
4.225399,1920.000000
4.333359,1920.000000
4.384212,1920.000000
4.396076,1920.000000
4.488728,1920.000000
4.202742,1920.000000
4.378469,1920.000000
4.303631,1920.000000
4.378119,1920.000000
4.384590,1920.000000
4.240840,1920.000000
4.385622,1920.000000
4.512674,1920.000000
4.215951,1920.000000
4.350996,1920.000000
4.262628,1920.000000
4.266050,1920.000000
4.396232,1920.000000
4.247260,1920.000000
4.307569,1920.000000
4.353178,1920.000000
4.227331,1920.000000
4.282717,1920.000000
4.285196,1920.000000
4.317007,1920.000000
4.349036,1920.000000
4.179650,1920.000000
4.368004,1920.000000
4.349221,1920.000000
4.506139,1920.000000
4.361589,1920.000000
4.240041,1920.000000
4.171141,1920.000000
4.316245,1920.000000
4.206676,1920.000000
4.385892,1920.000000
4.465525,1920.000000
4.296782,1920.000000
4.296193,1920.000000
4.283942,1920.000000
4.357979,1920.000000
4.308867,1920.000000
4.405892,1920.000000
4.361608,1920.000000
4.448347,1920.000000
4.437677,1920.000000
4.537456,1920.000000
4.375331,1920.000000
4.319959,1920.000000
4.373858,1920.000000
4.259402,1920.000000
4.399559,1920.000000
4.293843,1920.000000
4.333405,1920.000000
4.235123,1920.000000
4.140441,1920.000000
4.340056,1920.000000
4.430144,1920.000000
4.372803,1920.000000
4.369374,1920.000000
4.295466,1920.000000
4.266519,1920.000000
4.429635,1920.000000
4.374327,1920.000000
4.317718,1920.000000
4.354921,1920.000000
4.313157,1920.000000
4.544492,1920.000000
4.370112,1920.000000
4.326294,1920.000000
4.396867,1920.000000
4.382745,1920.000000
4.278376,1920.000000
4.391964,1920.000000
4.212311,1920.000000
4.297661,1920.000000
4.269546,1920.000000
4.444868,1920.000000
4.440952,1920.000000
4.347547,1920.000000
4.285239,1920.000000
4.251818,1920.000000
4.446823,1920.000000
4.375372,1920.000000
4.298036,1920.000000
4.406528,1920.000000
4.390486,1920.000000
4.314078,1920.000000
4.368187,1920.000000
4.358557,1920.000000
4.426988,1920.000000
4.240763,1920.000000
4.227051,1920.000000
4.408176,1920.000000
4.350532,1920.000000
4.337129,1920.000000
4.334082,1920.000000
4.270516,1920.000000
4.386323,1920.000000
4.346091,1920.000000
4.390559,1920.000000
4.346109,1920.000000
4.260060,1920.000000
4.335884,1920.000000
4.388106,1920.000000
4.380130,1920.000000
4.322999,1920.000000
4.481680,1920.000000
4.395399,1920.000000
4.540740,1920.000000
4.345159,1920.000000
4.461301,1920.000000
4.396427,1920.000000
4.494288,1920.000000
4.358103,1920.000000
4.427790,1920.000000
4.301488,1920.000000
4.451604,1920.000000
4.359145,1920.000000
4.340576,1920.000000
4.343578,1920.000000
4.327668,1920.000000
4.475275,1920.000000
4.476493,1920.000000
4.340817,1920.000000
4.385051,1920.000000
4.388338,1920.000000
4.419140,1920.000000
4.513594,1920.000000
4.362596,1920.000000
4.429763,1920.000000
4.498351,1920.000000
4.351831,1920.000000
4.373547,1920.000000
4.268514,1920.000000
4.417374,1920.000000
4.463259,1920.000000
4.371626,1920.000000
4.439759,1920.000000
4.353859,1920.000000
4.558645,1920.000000
4.386866,1920.000000
4.395963,1920.000000
4.346403,1920.000000
4.351920,1920.000000
4.495258,1920.000000
4.434185,1920.000000
4.510576,1920.000000
4.496336,1920.000000
4.363773,1920.000000
4.446956,1920.000000
4.427885,1920.000000
4.528692,1920.000000
4.425786,1920.000000
4.361777,1920.000000
4.403261,1920.000000
4.412393,1920.000000
4.454687,1920.000000
4.252565,1920.000000
4.452034,1920.000000
4.319233,1920.000000
4.337592,1920.000000
4.334337,1920.000000
4.400810,1920.000000
4.456082,1920.000000
4.392000,1920.000000
4.366058,1920.000000
4.564159,1920.000000
4.393676,1920.000000
4.539340,1920.000000
4.535456,1920.000000
4.413294,1920.000000
4.374405,1920.000000
4.434447,1920.000000
4.422909,1920.000000
4.454947,1920.000000
4.447838,1920.000000
4.407781,1920.000000
4.542818,1920.000000
4.312829,1920.000000
4.439864,1920.000000
4.202824,1920.000000
4.311062,1920.000000
4.581494,1920.000000
4.463789,1920.000000
4.374713,1920.000000
4.523751,1920.000000
4.485068,1920.000000
4.412651,1920.000000
4.455919,1920.000000
4.481144,1920.000000
4.632448,1920.000000
4.469322,1920.000000
4.397023,1920.000000
4.415016,1920.000000
4.553572,1920.000000
4.402198,1920.000000
4.536265,1920.000000
4.503500,1920.000000
4.420191,1920.000000
4.508807,1920.000000
4.416438,1920.000000
4.300859,1920.000000
4.483350,1920.000000
4.385751,1920.000000
4.363353,1920.000000
4.471467,1920.000000
4.313008,1920.000000
4.321128,1920.000000
4.547310,1920.000000
4.385928,1920.000000
4.365801,1920.000000
4.491651,1920.000000
4.383622,1920.000000
4.562613,1920.000000
4.319041,1920.000000
4.465234,1920.000000
4.371054,1920.000000
4.527355,1920.000000
4.401057,1920.000000
4.378184,1920.000000
4.534460,1920.000000
4.414684,1920.000000
4.156880,1920.000000
4.362116,1920.000000
4.376316,1920.000000
4.217223,1920.000000
4.498800,1920.000000
4.404176,1920.000000
4.418365,1920.000000
4.410557,1920.000000
4.375167,1920.000000
4.485917,1920.000000
4.393857,1920.000000
4.354649,1920.000000
4.438918,1920.000000
4.523102,1920.000000
4.560195,1920.000000
4.482515,1920.000000
4.523593,1920.000000
4.391805,1920.000000
4.527370,1920.000000
4.377504,1920.000000
4.582678,1920.000000
4.514776,1920.000000
4.495416,1920.000000
4.370761,1920.000000
4.479666,1920.000000
4.437828,1920.000000
4.315405,1920.000000
4.296476,1920.000000
4.357657,1920.000000
4.317751,1920.000000
4.337344,1920.000000
4.444268,1920.000000
4.378570,1920.000000
4.500535,1920.000000
4.377954,1920.000000
4.322460,1920.000000
4.294547,1920.000000
4.298415,1920.000000
4.269308,1920.000000
4.327028,1920.000000
4.276005,1920.000000
4.485831,1920.000000
4.224709,1920.000000
4.398325,1920.000000
4.385494,1920.000000
4.241391,1920.000000
4.511217,1920.000000
4.360312,1920.000000
4.417394,1920.000000
4.401989,1920.000000
4.380820,1920.000000
4.311060,1920.000000
4.553055,1920.000000
4.327567,1920.000000
4.670764,1920.000000
4.501440,1920.000000
4.339296,1920.000000
4.556775,1920.000000
4.514792,1920.000000
4.416934,1920.000000
4.506464,1920.000000
4.355987,1920.000000
4.312287,1920.000000
4.323497,1920.000000
4.212645,1920.000000
4.280086,1920.000000
4.345699,1920.000000
4.393403,1920.000000
4.370044,1920.000000
4.161651,1920.000000
4.371668,1920.000000
4.223672,1920.000000
4.272704,1920.000000
4.501775,1920.000000
4.353295,1920.000000
4.388906,1920.000000
4.341638,1920.000000
4.373436,1920.000000
4.317050,1920.000000
4.425543,1920.000000
4.176100,1920.000000
4.532799,1920.000000
4.310369,1920.000000
4.378851,1920.000000
4.306070,1920.000000
4.424323,1920.000000
4.247303,1920.000000
4.337656,1920.000000
4.440637,1920.000000
4.286966,1920.000000
4.359991,1920.000000
4.288972,1920.000000
4.202301,1920.000000
4.399761,1920.000000
4.234823,1920.000000
4.423847,1920.000000
4.319730,1920.000000
4.297015,1920.000000
4.401127,1920.000000
4.331779,1920.000000
4.432032,1920.000000
4.574805,1920.000000
4.315431,1920.000000
4.385639,1920.000000
4.402340,1920.000000
4.215947,1920.000000
4.331489,1920.000000
4.236551,1920.000000
4.260800,1920.000000
4.274500,1920.000000
4.303202,1920.000000
4.303615,1920.000000
4.271799,1920.000000
4.421721,1920.000000
4.414276,1920.000000
4.556236,1920.000000
4.360128,1920.000000
4.415743,1920.000000
4.242890,1920.000000
4.306604,1920.000000
4.247506,1920.000000
4.387791,1920.000000
4.337040,1920.000000
4.241704,1920.000000
4.190759,1920.000000
4.346777,1920.000000
4.240844,1920.000000
4.225710,1920.000000
4.298846,1920.000000
4.172269,1920.000000
4.268893,1920.000000
4.235090,1920.000000
4.233436,1920.000000
4.261330,1920.000000
4.227021,1920.000000
4.209350,1920.000000
4.297119,1920.000000
4.219751,1920.000000
4.382520,1920.000000
4.234420,1920.000000
4.276007,1920.000000
4.325086,1920.000000
4.245049,1920.000000
4.228222,1920.000000
4.135674,1920.000000
4.131497,1920.000000
4.366525,1920.000000
4.238066,1920.000000
4.286037,1920.000000
4.219878,1920.000000
4.040098,1920.000000
4.099516,1920.000000
4.232719,1920.000000
4.200187,1920.000000
4.244835,1920.000000
4.083047,1920.000000
4.138340,1920.000000
4.268596,1920.000000
4.224237,1920.000000
4.277787,1920.000000
4.179482,1920.000000
4.235273,1920.000000
4.198046,1920.000000
4.235651,1920.000000
4.305187,1920.000000
4.207903,1920.000000
4.189996,1920.000000
4.199494,1920.000000
4.140070,1920.000000
4.288508,1920.000000
4.202165,1920.000000
4.062184,1920.000000
4.113763,1920.000000
4.169256,1920.000000
4.222818,1920.000000
4.282308,1920.000000
4.126358,1920.000000
4.234365,1920.000000
4.266016,1920.000000
4.205706,1920.000000
4.321998,1920.000000
4.399920,1920.000000
4.290697,1920.000000
4.249902,1920.000000
4.290964,1920.000000
4.341731,1920.000000
4.341679,1920.000000
4.106795,1920.000000
4.184684,1920.000000
4.239561,1920.000000
4.203223,1920.000000
4.259811,1920.000000
4.188149,1920.000000
4.377838,1920.000000
4.239382,1920.000000
4.254101,1920.000000
4.330140,1920.000000
4.260613,1920.000000
4.240688,1920.000000
4.246216,1920.000000
4.330791,1920.000000
4.407586,1920.000000
4.202519,1920.000000
4.261787,1920.000000
4.276311,1920.000000
4.264561,1920.000000
4.243836,1920.000000
4.319345,1920.000000
4.361460,1920.000000
4.233242,1920.000000
4.373918,1920.000000
4.330122,1920.000000
4.264195,1920.000000
4.295065,1920.000000
4.329153,1920.000000
4.258409,1920.000000
4.187366,1920.000000
4.311480,1920.000000
4.246227,1920.000000
4.110872,1920.000000
4.400416,1920.000000
4.411591,1920.000000
4.522022,1920.000000
4.255672,1920.000000
4.463613,1920.000000
4.350863,1920.000000
4.383783,1920.000000
4.281851,1920.000000
4.218612,1920.000000
4.296720,1920.000000
4.274478,1920.000000
4.284333,1920.000000
4.366608,1920.000000
4.435641,1920.000000
4.283977,1920.000000
4.353899,1920.000000
4.313687,1920.000000
4.327285,1920.000000
4.370482,1920.000000
4.309534,1920.000000
4.291826,1920.000000
4.453386,1920.000000
4.222640,1920.000000
4.355274,1920.000000
4.194538,1920.000000
4.316911,1920.000000
4.310836,1920.000000
4.279765,1920.000000
4.348508,1920.000000
4.258213,1920.000000
4.240260,1920.000000
4.233386,1920.000000
4.280150,1920.000000
4.436420,1920.000000
4.358246,1920.000000
4.329355,1920.000000
4.350794,1920.000000
4.117957,1920.000000
4.340091,1920.000000
4.433911,1920.000000
4.411712,1920.000000
4.357782,1920.000000
4.456616,1920.000000
4.265718,1920.000000
4.555505,1920.000000
4.432692,1920.000000
4.395428,1920.000000
4.474230,1920.000000
4.300962,1920.000000
4.343680,1920.000000
4.374311,1920.000000
4.166766,1920.000000
4.355610,1920.000000
4.166928,1920.000000
4.278776,1920.000000
4.522205,1920.000000
4.224920,1920.000000
4.502669,1920.000000
4.342628,1920.000000
4.371068,1920.000000
4.314073,1920.000000
4.291182,1920.000000
4.262164,1920.000000
4.346066,1920.000000
4.330885,1920.000000
4.443009,1920.000000
4.377150,1920.000000
4.427008,1920.000000
4.333773,1920.000000
4.463637,1920.000000
4.345764,1920.000000
4.421589,1920.000000
4.336573,1920.000000
4.306661,1920.000000
4.427169,1920.000000
4.375293,1920.000000
4.413995,1920.000000
4.339162,1920.000000
4.448682,1920.000000
4.213946,1920.000000
4.412719,1920.000000
4.358658,1920.000000
4.235080,1920.000000
4.201234,1920.000000
4.298199,1920.000000
4.407946,1920.000000
4.429962,1920.000000
4.305484,1920.000000
4.402053,1920.000000
4.259346,1920.000000
4.400666,1920.000000
4.325415,1920.000000
4.370948,1920.000000
4.359690,1920.000000
4.458308,1920.000000
4.183897,1920.000000
4.316339,1920.000000
4.383166,1920.000000
4.313164,1920.000000
4.442438,1920.000000
4.397014,1920.000000
4.448484,1920.000000
4.426227,1920.000000
4.454240,1920.000000
4.360305,1920.000000
4.679191,1920.000000
4.403630,1920.000000
4.706641,1920.000000
4.341665,1920.000000
4.450498,1920.000000
4.422508,1920.000000
4.540062,1920.000000
4.274266,1920.000000
4.509752,1920.000000
4.466098,1920.000000
4.529864,1920.000000
4.375288,1920.000000
4.412662,1920.000000
4.309311,1920.000000
4.257318,1920.000000
4.387269,1920.000000
4.281886,1920.000000
4.572747,1920.000000
4.351227,1920.000000
4.269968,1920.000000
4.402674,1920.000000
4.407821,1920.000000
4.375878,1920.000000
4.497776,1920.000000
4.264936,1920.000000
4.453358,1920.000000
4.287984,1920.000000
4.462997,1920.000000
4.456977,1920.000000
4.467488,1920.000000
4.264266,1920.000000
4.568207,1920.000000
4.354639,1920.000000
4.470269,1920.000000
4.557386,1920.000000
4.461151,1920.000000
4.411837,1920.000000
4.434552,1920.000000
4.428448,1920.000000
4.476745,1920.000000
4.518040,1920.000000
4.435920,1920.000000
4.397905,1920.000000
4.453541,1920.000000
4.593371,1920.000000
4.394319,1920.000000
4.538941,1920.000000
4.365595,1920.000000
4.377750,1920.000000
4.389479,1920.000000
4.426955,1920.000000
4.456146,1920.000000
4.519401,1920.000000
4.273509,1920.000000
4.363969,1920.000000
4.412837,1920.000000
4.441256,1920.000000
4.462758,1920.000000
4.347702,1920.000000
4.342204,1920.000000
4.590058,1920.000000
4.458215,1920.000000
4.592538,1920.000000
4.520607,1920.000000
4.392624,1920.000000
4.570258,1920.000000
4.398547,1920.000000
4.475239,1920.000000
4.279116,1920.000000
4.378659,1920.000000
4.331359,1920.000000
4.378237,1920.000000
4.486021,1920.000000
4.354250,1920.000000
4.458822,1920.000000
4.385139,1920.000000
4.463814,1920.000000
4.415066,1920.000000
4.491445,1920.000000
4.344601,1920.000000
4.547586,1920.000000
4.431639,1920.000000
4.449034,1920.000000
4.504351,1920.000000
4.561587,1920.000000
4.491236,1920.000000
4.614804,1920.000000
4.463295,1920.000000
4.598732,1920.000000
4.331206,1920.000000
4.581632,1920.000000
4.495962,1920.000000
4.506969,1920.000000
4.327698,1920.000000
4.369268,1920.000000
4.303283,1920.000000
4.338707,1920.000000
4.328852,1920.000000
4.386036,1920.000000
4.344919,1920.000000
4.424803,1920.000000
4.376955,1920.000000
4.560860,1920.000000
4.441173,1920.000000
4.472292,1920.000000
4.471595,1920.000000
4.312252,1920.000000
4.442322,1920.000000
4.390999,1920.000000
4.428103,1920.000000
4.431514,1920.000000
4.444600,1920.000000
4.415752,1920.000000
4.407054,1920.000000
4.525246,1920.000000
4.432171,1920.000000
4.367842,1920.000000
4.493841,1920.000000
4.523986,1920.000000
4.252342,1920.000000
4.430210,1920.000000
4.474066,1920.000000
4.328620,1920.000000
4.483792,1920.000000
4.385436,1920.000000
4.543331,1920.000000
4.550406,1920.000000
4.414401,1920.000000
4.513717,1920.000000
4.523493,1920.000000
4.411316,1920.000000
4.348722,1920.000000
4.557881,1920.000000
4.457625,1920.000000
4.506960,1920.000000
4.277575,1920.000000
4.541064,1920.000000
4.315292,1920.000000
4.465770,1920.000000
4.390845,1920.000000
4.441083,1920.000000
4.414701,1920.000000
4.478538,1920.000000
4.335291,1920.000000
4.385506,1920.000000
4.406486,1920.000000
4.425936,1920.000000
4.469687,1920.000000
4.285752,1920.000000
4.484513,1920.000000
4.306975,1920.000000
4.442685,1920.000000
4.210312,1920.000000
4.529725,1920.000000
4.371574,1920.000000
4.420351,1920.000000
4.327177,1920.000000
4.409159,1920.000000
4.309247,1920.000000
4.357358,1920.000000
4.399579,1920.000000
4.401358,1920.000000
4.427299,1920.000000
4.467451,1920.000000
4.276009,1920.000000
4.446942,1920.000000
4.433270,1920.000000
4.410880,1920.000000
4.573926,1920.000000
4.487569,1920.000000
4.444447,1920.000000
4.471165,1920.000000
4.405428,1920.000000
4.451157,1920.000000
4.357616,1920.000000
4.361190,1920.000000
4.328929,1920.000000
4.215548,1920.000000
4.289686,1920.000000
4.387737,1920.000000
4.439095,1920.000000
4.369356,1920.000000
4.304289,1920.000000
4.389790,1920.000000
4.370085,1920.000000
4.297693,1920.000000
4.338745,1920.000000
4.397651,1920.000000
4.412393,1920.000000
4.497435,1920.000000
4.273261,1920.000000
4.472366,1920.000000
4.340173,1920.000000
4.393820,1920.000000
4.558369,1920.000000
4.367906,1920.000000
4.172663,1920.000000
4.373540,1920.000000
4.275487,1920.000000
4.449004,1920.000000
4.258348,1920.000000
4.396391,1920.000000
4.424344,1920.000000
4.334863,1920.000000
4.233846,1920.000000
4.232662,1920.000000
4.400171,1920.000000
4.341784,1920.000000
4.451993,1920.000000
4.273986,1920.000000
4.347572,1920.000000
4.319900,1920.000000
4.370127,1920.000000
4.444035,1920.000000
4.490961,1920.000000
4.252925,1920.000000
4.420313,1920.000000
4.504201,1920.000000
4.383212,1920.000000
4.260673,1920.000000
4.444261,1920.000000
4.116063,1920.000000
4.408092,1920.000000
4.323675,1920.000000
4.256421,1920.000000
4.320526,1920.000000
4.435013,1920.000000
4.275611,1920.000000
4.218090,1920.000000
4.239213,1920.000000
4.249425,1920.000000
4.438142,1920.000000
4.477189,1920.000000
4.406223,1920.000000
4.319975,1920.000000
4.355394,1920.000000
4.184108,1920.000000
4.378225,1920.000000
4.230606,1920.000000
4.342429,1920.000000
4.278701,1920.000000
4.250886,1920.000000
4.188782,1920.000000
4.157711,1920.000000
4.388411,1920.000000
4.264783,1920.000000
4.280906,1920.000000
4.289802,1920.000000
4.124622,1920.000000
4.276188,1920.000000
4.165246,1920.000000
4.171980,1920.000000
4.345406,1920.000000
4.123923,1920.000000
4.325393,1920.000000
4.332462,1920.000000
4.385573,1920.000000
4.318935,1920.000000
4.340612,1920.000000
4.215405,1920.000000
4.334430,1920.000000
4.122222,1920.000000
4.284718,1920.000000
4.125151,1920.000000
4.224175,1920.000000
4.335952,1920.000000
4.231794,1920.000000
4.270641,1920.000000
4.199297,1920.000000
4.077220,1920.000000
4.289141,1920.000000
4.209053,1920.000000
4.161816,1920.000000
4.230912,1920.000000
4.164909,1920.000000
4.277038,1920.000000
4.176248,1920.000000
4.313480,1920.000000
4.184149,1920.000000
4.246001,1920.000000
4.136773,1920.000000
4.149775,1920.000000
4.174145,1920.000000
4.155351,1920.000000
4.184443,1920.000000
4.184489,1920.000000
4.184243,1920.000000
4.151877,1920.000000
4.230591,1920.000000
4.209409,1920.000000
4.148965,1920.000000
4.218084,1920.000000
4.125136,1920.000000
4.272719,1920.000000
4.277805,1920.000000
4.189026,1920.000000
4.417568,1920.000000
4.090368,1920.000000
4.219147,1920.000000
4.284152,1920.000000
4.200256,1920.000000
4.210814,1920.000000
4.270238,1920.000000
4.291461,1920.000000
4.387821,1920.000000
4.223834,1920.000000
4.232804,1920.000000
4.263900,1920.000000
4.182558,1920.000000
4.442848,1920.000000
4.272326,1920.000000
4.308674,1920.000000
4.302139,1920.000000
4.229259,1920.000000
4.204610,1920.000000
4.292420,1920.000000
4.286541,1920.000000
4.506980,1920.000000
4.270241,1920.000000
4.125118,1920.000000
4.285375,1920.000000
4.257477,1920.000000
4.296471,1920.000000
4.238110,1920.000000
4.300191,1920.000000
4.192586,1920.000000
4.185131,1920.000000
4.354808,1920.000000
4.317329,1920.000000
4.351402,1920.000000
4.303319,1920.000000
4.362696,1920.000000
4.338937,1920.000000
4.273983,1920.000000
4.166414,1920.000000
4.220902,1920.000000
4.418164,1920.000000
4.320957,1920.000000
4.258709,1920.000000
4.282281,1920.000000
4.362445,1920.000000
4.365130,1920.000000
4.425428,1920.000000
4.422728,1920.000000
4.305319,1920.000000
4.227153,1920.000000
4.335704,1920.000000
4.198543,1920.000000
4.344621,1920.000000
4.388393,1920.000000
4.377206,1920.000000
4.316775,1920.000000
4.356761,1920.000000
4.343132,1920.000000
4.301801,1920.000000
4.308991,1920.000000
4.412155,1920.000000
4.352239,1920.000000
4.209521,1920.000000
4.269054,1920.000000
4.115390,1920.000000
4.365259,1920.000000
4.339672,1920.000000
4.357109,1920.000000
4.329122,1920.000000
4.265147,1920.000000
4.286191,1920.000000
4.264928,1920.000000
4.243317,1920.000000
4.425712,1920.000000
4.308813,1920.000000
4.203701,1920.000000
4.349191,1920.000000
4.276515,1920.000000
4.469450,1920.000000
4.451110,1920.000000
4.408550,1920.000000
4.331028,1920.000000
4.486645,1920.000000
4.269458,1920.000000
4.402262,1920.000000
4.341409,1920.000000
4.292829,1920.000000
4.472846,1920.000000
4.448469,1920.000000
4.281751,1920.000000
4.307595,1920.000000
4.215178,1920.000000
4.463767,1920.000000
4.241056,1920.000000
4.352534,1920.000000
4.392023,1920.000000
4.236173,1920.000000
4.399474,1920.000000
4.294828,1920.000000
4.268702,1920.000000
4.362081,1920.000000
4.329481,1920.000000
4.526376,1920.000000
4.337339,1920.000000
4.267802,1920.000000
4.494893,1920.000000
4.382562,1920.000000
4.463674,1920.000000
4.316302,1920.000000
4.279697,1920.000000
4.443950,1920.000000
4.507234,1920.000000
4.409364,1920.000000
4.289091,1920.000000
4.255639,1920.000000
4.359582,1920.000000
4.285800,1920.000000
4.317804,1920.000000
4.401676,1920.000000
4.315711,1920.000000
4.480265,1920.000000
4.374089,1920.000000
4.227282,1920.000000
4.216386,1920.000000
4.345465,1920.000000
4.284172,1920.000000
4.530624,1920.000000
4.341984,1920.000000
4.435682,1920.000000
4.247193,1920.000000
4.340292,1920.000000
4.260292,1920.000000
4.370270,1920.000000
4.201906,1920.000000
4.445641,1920.000000
4.221815,1920.000000
4.370833,1920.000000
4.457718,1920.000000
4.239802,1920.000000
4.313827,1920.000000
4.323642,1920.000000
4.489909,1920.000000
4.348462,1920.000000
4.373851,1920.000000
4.370741,1920.000000
4.364893,1920.000000
4.373102,1920.000000
4.622565,1920.000000
4.405049,1920.000000
4.372293,1920.000000
4.301379,1920.000000
4.594984,1920.000000
4.412051,1920.000000
4.381225,1920.000000
4.361262,1920.000000
4.467683,1920.000000
4.322131,1920.000000
4.402156,1920.000000
4.364858,1920.000000
4.191006,1920.000000
4.434323,1920.000000
4.430379,1920.000000
4.359344,1920.000000
4.346128,1920.000000
4.373609,1920.000000
4.517261,1920.000000
4.421244,1920.000000
4.361920,1920.000000
4.423646,1920.000000
4.462995,1920.000000
4.427190,1920.000000
4.314815,1920.000000
4.348234,1920.000000
4.352961,1920.000000
4.318234,1920.000000
4.265555,1920.000000
4.513016,1920.000000
4.316366,1920.000000
4.455478,1920.000000
4.408513,1920.000000
4.334909,1920.000000
4.482931,1920.000000
4.398474,1920.000000
4.295830,1920.000000
4.416007,1920.000000
4.439826,1920.000000
4.413929,1920.000000
4.509220,1920.000000
4.426504,1920.000000
4.545348,1920.000000
4.384294,1920.000000
4.423211,1920.000000
4.434636,1920.000000
4.491495,1920.000000
4.533695,1920.000000
4.446612,1920.000000
4.339590,1920.000000
4.518572,1920.000000
4.383464,1920.000000
4.498244,1920.000000
4.497711,1920.000000
4.307018,1920.000000
4.396598,1920.000000
4.284841,1920.000000
4.427141,1920.000000
4.495871,1920.000000
4.411069,1920.000000
4.405913,1920.000000
4.532396,1920.000000
4.306137,1920.000000
4.378536,1920.000000
4.501512,1920.000000
4.430678,1920.000000
4.300429,1920.000000
4.388225,1920.000000
4.298639,1920.000000
4.505215,1920.000000
4.355599,1920.000000
4.415544,1920.000000
4.351257,1920.000000
4.357552,1920.000000
4.436473,1920.000000
4.584960,1920.000000
4.464865,1920.000000
4.511611,1920.000000
4.366441,1920.000000
4.578229,1920.000000
4.318627,1920.000000
4.389276,1920.000000
4.697303,1920.000000
4.567817,1920.000000
4.586182,1920.000000
4.414243,1920.000000
4.583244,1920.000000
4.373188,1920.000000
4.603185,1920.000000
4.498843,1920.000000
4.490100,1920.000000
4.402654,1920.000000
4.507909,1920.000000
4.316168,1920.000000
4.421246,1920.000000
4.328571,1920.000000
4.530062,1920.000000
4.279991,1920.000000
4.432872,1920.000000
4.366585,1920.000000
4.458831,1920.000000
4.437821,1920.000000
4.502028,1920.000000
4.495764,1920.000000
4.342815,1920.000000
4.501491,1920.000000
4.236146,1920.000000
4.402865,1920.000000
4.330669,1920.000000
4.474333,1920.000000
4.347473,1920.000000
4.494307,1920.000000
4.471958,1920.000000
4.486636,1920.000000
4.380388,1920.000000
4.421829,1920.000000
4.424488,1920.000000
4.297157,1920.000000
4.465698,1920.000000
4.538878,1920.000000
4.212319,1920.000000
4.556352,1920.000000
4.303723,1920.000000
4.367270,1920.000000
4.488647,1920.000000
4.382085,1920.000000
4.504540,1920.000000
4.449966,1920.000000
4.529198,1920.000000
4.368755,1920.000000
4.493640,1920.000000
4.357474,1920.000000
4.342329,1920.000000
4.395043,1920.000000
4.404102,1920.000000
4.474011,1920.000000
4.581977,1920.000000
4.379435,1920.000000
4.335566,1920.000000
4.449463,1920.000000
4.383920,1920.000000
4.423951,1920.000000
4.418480,1920.000000
4.295676,1920.000000
4.442571,1920.000000
4.512803,1920.000000
4.367445,1920.000000
4.476503,1920.000000
4.358981,1920.000000
4.371959,1920.000000
4.285803,1920.000000
4.309189,1920.000000
4.281572,1920.000000
4.385984,1920.000000
4.294503,1920.000000
4.389440,1920.000000
4.224609,1920.000000
4.315652,1920.000000
4.360770,1920.000000
4.521404,1920.000000
4.464990,1920.000000
4.397969,1920.000000
4.368435,1920.000000
4.456103,1920.000000
4.390638,1920.000000
4.399526,1920.000000
4.664375,1920.000000
4.612556,1920.000000
4.520818,1920.000000
4.447854,1920.000000
4.459265,1920.000000
4.366921,1920.000000
4.396234,1920.000000
4.345249,1920.000000
4.492478,1920.000000
4.325262,1920.000000
4.428797,1920.000000
4.247185,1920.000000
4.403088,1920.000000
4.400117,1920.000000
4.163004,1920.000000
4.291188,1920.000000
4.420064,1920.000000
4.304843,1920.000000
4.386346,1920.000000
4.451615,1920.000000
4.337680,1920.000000
4.477561,1920.000000
4.326399,1920.000000
4.522498,1920.000000
4.331913,1920.000000
4.314844,1920.000000
4.401853,1920.000000
4.479346,1920.000000
4.188553,1920.000000
4.329483,1920.000000
4.278532,1920.000000
4.422927,1920.000000
4.319321,1920.000000
4.413986,1920.000000
4.311715,1920.000000
4.348844,1920.000000
4.339324,1920.000000
4.238103,1920.000000
4.375689,1920.000000
4.398431,1920.000000
4.226729,1920.000000
4.405062,1920.000000
4.425547,1920.000000
4.430577,1920.000000
4.412990,1920.000000
4.272632,1920.000000
4.367065,1920.000000
4.357981,1920.000000
4.559565,1920.000000
4.461833,1920.000000
4.465193,1920.000000
4.460613,1920.000000
4.399206,1920.000000
4.251613,1920.000000
4.230937,1920.000000
4.239383,1920.000000
4.231741,1920.000000
4.348026,1920.000000
4.360555,1920.000000
4.246373,1920.000000
4.431803,1920.000000
4.313388,1920.000000
4.233558,1920.000000
4.380517,1920.000000
4.346327,1920.000000
4.377672,1920.000000
4.322406,1920.000000
4.258053,1920.000000
4.395989,1920.000000
4.351321,1920.000000
4.359282,1920.000000
4.324332,1920.000000
4.369252,1920.000000
4.337949,1920.000000
4.289244,1920.000000
4.246254,1920.000000
4.311653,1920.000000
4.161418,1920.000000
4.339011,1920.000000
4.206504,1920.000000
4.364236,1920.000000
4.298473,1920.000000
4.178239,1920.000000
4.164945,1920.000000
4.255626,1920.000000
4.289323,1920.000000
4.445250,1920.000000
4.219811,1920.000000
4.322079,1920.000000
4.348850,1920.000000
4.323191,1920.000000
4.270067,1920.000000
4.274329,1920.000000
4.184319,1920.000000
4.286033,1920.000000
4.192478,1920.000000
4.254056,1920.000000
4.273211,1920.000000
4.250111,1920.000000
4.187386,1920.000000
4.201704,1920.000000
4.168981,1920.000000
4.381865,1920.000000
4.136203,1920.000000
4.217479,1920.000000
4.326651,1920.000000
4.138024,1920.000000
4.145810,1920.000000
4.246429,1920.000000
4.251902,1920.000000
4.230748,1920.000000
4.353250,1920.000000
4.298726,1920.000000
4.186557,1920.000000
4.128376,1920.000000
4.149360,1920.000000
4.121694,1920.000000
4.163764,1920.000000
4.143391,1920.000000
4.040958,1920.000000
4.265193,1920.000000
4.127799,1920.000000
4.198526,1920.000000
4.292742,1920.000000
4.287421,1920.000000
4.283057,1920.000000
4.327204,1920.000000
4.268851,1920.000000
4.241337,1920.000000
4.357012,1920.000000
4.316165,1920.000000
4.206021,1920.000000
4.168540,1920.000000
4.317403,1920.000000
4.243115,1920.000000
4.258223,1920.000000
4.366527,1920.000000
4.194045,1920.000000
4.236031,1920.000000
4.189123,1920.000000
4.164772,1920.000000
4.484832,1920.000000
4.204115,1920.000000
4.241138,1920.000000
4.327460,1920.000000
4.360005,1920.000000
4.287194,1920.000000
4.269421,1920.000000
4.336453,1920.000000
4.222787,1920.000000
4.354767,1920.000000
4.168809,1920.000000
4.397267,1920.000000
4.351088,1920.000000
4.310008,1920.000000
4.343361,1920.000000
4.219113,1920.000000
4.351116,1920.000000
4.167265,1920.000000
4.191484,1920.000000
4.387970,1920.000000
4.239255,1920.000000
4.381839,1920.000000
4.246646,1920.000000
4.224609,1920.000000
4.271615,1920.000000
4.217424,1920.000000
4.209250,1920.000000
4.426620,1920.000000
4.268263,1920.000000
4.283396,1920.000000
4.199206,1920.000000
4.354156,1920.000000
4.318949,1920.000000
4.349668,1920.000000
4.305589,1920.000000
4.397587,1920.000000
4.446500,1920.000000
4.373072,1920.000000
4.275240,1920.000000
4.438864,1920.000000
4.355571,1920.000000
4.296690,1920.000000
4.197882,1920.000000
4.344511,1920.000000
4.324053,1920.000000
4.483151,1920.000000
4.255488,1920.000000
4.482447,1920.000000
4.319631,1920.000000
4.254932,1920.000000
4.367428,1920.000000
4.237000,1920.000000
4.347278,1920.000000
4.275638,1920.000000
4.326195,1920.000000
4.275809,1920.000000
4.307421,1920.000000
4.211902,1920.000000
4.305709,1920.000000
4.130718,1920.000000
4.369180,1920.000000
4.415087,1920.000000
4.263310,1920.000000
4.426864,1920.000000
4.171673,1920.000000
4.462357,1920.000000
4.468919,1920.000000
4.466614,1920.000000
4.261838,1920.000000
4.415316,1920.000000
4.411974,1920.000000
4.486201,1920.000000
4.372619,1920.000000
4.378473,1920.000000
4.306986,1920.000000
4.363640,1920.000000
4.261090,1920.000000
4.352825,1920.000000
4.253382,1920.000000
4.321455,1920.000000
4.221960,1920.000000
4.287959,1920.000000
4.488855,1920.000000
4.267176,1920.000000
4.412456,1920.000000
4.224641,1920.000000
4.353926,1920.000000
4.283752,1920.000000
4.295096,1920.000000
4.455257,1920.000000
4.438182,1920.000000
4.309427,1920.000000
4.504448,1920.000000
4.341566,1920.000000
4.354603,1920.000000
4.278493,1920.000000
4.349752,1920.000000
4.409898,1920.000000
4.356548,1920.000000
4.358195,1920.000000
4.357793,1920.000000
4.361422,1920.000000
4.437522,1920.000000
4.347086,1920.000000
4.335646,1920.000000
4.402852,1920.000000
4.248970,1920.000000
4.301899,1920.000000
4.382150,1920.000000
4.233016,1920.000000
4.223113,1920.000000
4.371584,1920.000000
4.208965,1920.000000
4.384633,1920.000000
4.293531,1920.000000
4.341749,1920.000000
4.301752,1920.000000
4.431574,1920.000000
4.295724,1920.000000
4.294652,1920.000000
4.343851,1920.000000
4.422543,1920.000000
4.187156,1920.000000
4.322986,1920.000000
4.349680,1920.000000
4.270734,1920.000000
4.434960,1920.000000
4.501925,1920.000000
4.447028,1920.000000
4.446665,1920.000000
4.308007,1920.000000
4.429192,1920.000000
4.395123,1920.000000
4.450397,1920.000000
4.546049,1920.000000
4.458377,1920.000000
4.623013,1920.000000
4.280607,1920.000000
4.557747,1920.000000
4.136386,1920.000000
4.325558,1920.000000
4.353559,1920.000000
4.383220,1920.000000
4.281828,1920.000000
4.468066,1920.000000
4.353227,1920.000000
4.287950,1920.000000
4.312484,1920.000000
4.324225,1920.000000
4.440066,1920.000000
4.327748,1920.000000
4.225922,1920.000000
4.385468,1920.000000
4.479388,1920.000000
4.341752,1920.000000
4.455875,1920.000000
4.270365,1920.000000
4.455059,1920.000000
4.333191,1920.000000
4.360213,1920.000000
4.389953,1920.000000
4.399224,1920.000000
4.393554,1920.000000
4.432860,1920.000000
4.352948,1920.000000
4.566254,1920.000000
4.477525,1920.000000
4.472781,1920.000000
4.494727,1920.000000
4.420182,1920.000000
4.469003,1920.000000
4.501196,1920.000000
4.451887,1920.000000
4.453080,1920.000000
4.500036,1920.000000
4.463812,1920.000000
4.387944,1920.000000
4.415992,1920.000000
4.381008,1920.000000
4.299345,1920.000000
4.421194,1920.000000
4.423719,1920.000000
4.425354,1920.000000
4.362963,1920.000000
4.517443,1920.000000
4.316595,1920.000000
4.488395,1920.000000
4.382700,1920.000000
4.406687,1920.000000
4.271203,1920.000000
4.383024,1920.000000
4.297080,1920.000000
4.420777,1920.000000
4.481893,1920.000000
4.466780,1920.000000
4.457330,1920.000000
4.354633,1920.000000
4.518230,1920.000000
4.383325,1920.000000
4.407723,1920.000000
4.545414,1920.000000
4.386761,1920.000000
4.391712,1920.000000
4.490386,1920.000000
4.309780,1920.000000
4.293992,1920.000000
4.263709,1920.000000
4.348869,1920.000000
4.413419,1920.000000
4.442553,1920.000000
4.491607,1920.000000
4.502935,1920.000000
4.411132,1920.000000
4.390371,1920.000000
4.387491,1920.000000
4.460378,1920.000000
4.584774,1920.000000
4.483450,1920.000000
4.506808,1920.000000
4.342672,1920.000000
4.636789,1920.000000
4.533892,1920.000000
4.524592,1920.000000
4.411333,1920.000000
4.533441,1920.000000
4.440376,1920.000000
4.414410,1920.000000
4.362201,1920.000000
4.388629,1920.000000
4.286828,1920.000000
4.395617,1920.000000
4.452636,1920.000000
78.785960,1920.000000
56.316445,1920.000000
70.620326,1920.000000
99.131746,1920.000000
97.759213,1920.000000
91.792596,1920.000000
50.390420,1920.000000
106.775921,1920.000000
121.093108,1920.000000
201.987132,1920.000000
43.564306,1920.000000
76.658189,1920.000000
72.317254,1920.000000
71.032305,1920.000000
139.624234,1920.000000
184.903153,1920.000000
98.746210,1920.000000
111.393081,1920.000000
33.279660,1920.000000
52.726032,1920.000000
61.102708,1920.000000
