2,20,0,2,4474040,1.282104
3,3,2,0,1,0.673202
3,11,2,1,0,0.302988
2,14,2,1,0,0.252291
3,1,20,1,0,0.212819
0,2,2,1,0,0.172895
3,6,20,1,0,0.189993
2,19,2,1,0,0.173519
3,18,14,1,3,0.148192
2,0,2,1,3,0.135480
3,8,11,1,1,0.148471
3,2,20,1,3,0.125433
0,3,2,1,3,0.136474
3,2,3,1,3,0.146789
3,2,3,1,3,0.123891
2,20,3,1,3,0.151777
3,8,11,1,1,0.124446
3,2,3,1,1,0.135145
3,3,2,1,1,0.173713
2,14,3,1,1,0.142824
2,14,3,1,1,0.099914
0,1,3,1,1,0.097897
3,2,3,1,1,0.088916
3,10,10,0,0,0.085440
2,11,1,1,0,0.096451
3,2,3,1,0,0.108005
2,5,1,1,0,0.085104
0,3,1,1,0,0.087080
3,19,19,0,1,0.080653
0,1,3,0,1,0.072791
3,11,20,0,3,0.077365
2,11,1,0,3,0.068916
2,20,1,0,3,0.099151
2,13,1,0,3,0.084515
3,8,11,0,1,0.089272
2,17,1,0,1,0.063106
3,8,11,0,1,0.063552
2,0,1,0,1,0.075612
2,8,1,0,1,0.059423
3,20,2,0,3,0.060338
2,12,1,0,3,0.058224
0,1,1,0,3,0.059803
2,16,1,2,3,0.053449
2,5,3,2,3,0.055411
2,15,1,2,3,0.053855
2,14,3,2,3,0.052759
2,14,3,2,3,0.057222
3,20,8,2,0,0.064419
3,6,7,2,1,0.052475
2,20,1,2,1,0.068456
0,1,3,2,1,0.062856
3,3,20,2,0,0.057815
3,4,4,2,0,0.052895
3,18,14,2,3,0.041472
3,14,18,2,3,0.042640
3,1,3,2,1,0.050087
2,20,1,2,1,0.043676
2,3,3,2,1,0.054334
3,2,3,2,3,0.055224
2,2,1,2,3,0.047197
2,19,1,2,3,0.043019
2,6,3,2,3,0.039541
3,8,11,2,2,0.046784
3,1,12,2,3,0.037000
0,1,3,2,3,0.041496
3,2,20,2,0,0.050833
3,20,2,2,0,0.040372
3,20,3,2,3,0.039162
2,7,3,2,3,0.038032
0,1,1,2,3,0.035547
2,0,3,2,3,0.037151
3,1,3,2,2,0.034475
2,17,1,1,2,0.033879
0,1,3,2,2,0.033134
2,20,1,1,2,0.044722
2,19,3,2,2,0.040432
2,10,1,1,2,0.040524
3,10,10,1,1,0.039459
2,14,1,1,1,0.032989
2,1,1,1,1,0.030891
2,1,1,1,1,0.037995
2,13,3,2,1,0.043398
3,3,20,1,2,0.038875
3,11,8,1,3,0.029036
2,20,1,1,3,0.034228
2,11,3,2,3,0.033738
2,15,1,1,3,0.034919
3,7,1,1,3,0.031047
2,9,1,1,3,0.037024
3,19,19,1,2,0.027671
2,3,3,2,2,0.031365
3,18,14,3,3,0.035203
3,18,14,2,2,0.032332
3,2,3,1,2,0.031371
3,2,3,1,2,0.033503
3,2,3,1,2,0.037926
2,2,3,1,2,0.027693
2,16,3,3,2,0.030593
2,3,3,2,2,0.027896
2,10,3,3,2,0.030508
2,12,3,2,2,0.031352
3,8,20,3,3,0.023796
3,8,11,2,2,0.029538
3,3,20,3,3,0.026158
3,13,1,3,1,0.021618
3,1,3,2,1,0.026816
2,1,3,3,1,0.028119
0,1,3,2,1,0.026600
3,3,20,3,3,0.030315
2,1,3,2,3,0.024934
2,1,3,3,3,0.026617
2,4,3,3,3,0.024890
2,13,3,2,3,0.025932
3,18,14,3,0,0.028690
2,11,3,2,0,0.024728
0,3,3,3,0,0.020290
3,13,1,2,3,0.019050
0,1,3,2,3,0.026537
2,16,2,1,3,0.026632
2,8,3,2,3,0.024127
3,6,8,3,1,0.027355
3,20,2,3,1,0.021045
3,7,6,2,0,0.021557
2,20,2,1,0,0.025056
2,20,3,2,0,0.026316
3,2,20,3,3,0.021610
3,12,1,3,1,0.021745
2,0,2,3,1,0.022879
2,11,3,3,1,0.021983
0,1,3,2,1,0.021883
2,5,3,3,1,0.020468
3,1,3,1,2,0.019716
3,3,20,1,3,0.021103
2,3,3,3,3,0.022180
3,13,11,1,0,0.017910
3,13,1,1,3,0.024881
2,6,2,3,3,0.020653
2,17,2,1,3,0.020802
2,13,2,3,3,0.020334
2,15,2,1,3,0.025010
2,19,2,3,3,0.022199
2,10,2,1,3,0.022855
2,13,2,3,3,0.021493
2,19,2,1,3,0.022769
3,19,19,3,0,0.018082
2,14,3,3,0,0.019441
2,8,2,1,0,0.017672
2,12,2,3,0,0.018907
2,10,2,1,0,0.017629
2,15,2,3,0,0.018662
0,1,3,3,0,0.018481
0,3,2,3,0,0.015386
2,0,2,1,0,0.023770
2,19,3,2,0,0.018682
3,3,20,1,3,0.020535
2,2,3,2,3,0.019529
2,2,2,1,3,0.019333
2,20,3,2,3,0.019489
2,20,2,1,3,0.021178
2,19,3,2,3,0.022856
2,20,2,1,3,0.020500
3,1,3,2,2,0.019034
2,0,2,1,2,0.018461
2,0,2,1,2,0.016123
3,13,11,1,0,0.019184
2,1,2,1,0,0.017472
2,1,2,1,0,0.018587
2,19,3,2,0,0.020416
0,3,2,1,0,0.019961
2,13,1,1,0,0.015756
2,17,1,1,0,0.015593
0,3,1,1,0,0.016103
2,17,2,0,0,0.013674
2,13,3,2,0,0.020006
2,10,2,0,0,0.018596
2,19,3,2,0,0.016248
2,16,2,0,0,0.019049
3,1,3,2,1,0.016440
2,1,2,0,1,0.016648
2,19,3,2,1,0.019265
2,19,2,0,1,0.017655
3,18,18,0,0,0.013464
3,18,18,0,2,0.019598
3,18,18,0,0,0.015368
3,18,18,0,1,0.013379
2,7,2,0,1,0.013080
2,19,2,0,1,0.012255
2,15,2,0,1,0.016669
2,13,3,2,1,0.016200
2,20,2,0,1,0.017416
2,20,3,2,1,0.017668
2,20,2,0,1,0.015330
2,2,3,2,1,0.016635
2,16,2,0,1,0.017070
2,19,3,2,1,0.016234
0,3,2,0,1,0.016681
2,11,3,1,1,0.012107
2,14,3,1,1,0.012888
2,14,3,1,1,0.013283
3,13,11,1,0,0.014952
3,13,11,1,0,0.013032
2,4,3,1,0,0.012098
2,11,3,2,0,0.014463
2,1,1,2,0,0.016529
2,19,3,2,0,0.015012
2,10,1,2,0,0.016602
2,19,3,2,0,0.015210
3,20,2,2,1,0.014873
3,20,2,1,3,0.011959
2,6,1,2,3,0.013583
0,2,3,1,3,0.011576
3,18,18,2,0,0.010491
3,13,11,2,0,0.010453
2,0,3,2,0,0.012815
3,1,3,2,2,0.013236
0,1,3,2,2,0.012078
2,16,1,2,2,0.014540
2,19,3,2,2,0.013411
2,15,1,2,2,0.014002
2,2,3,2,2,0.012581
2,0,1,2,2,0.013388
2,0,3,2,2,0.011960
2,0,3,2,2,0.012590
3,20,2,2,1,0.010603
2,10,3,2,1,0.010185
2,10,1,2,1,0.013069
2,19,3,2,1,0.013721
2,2,1,2,1,0.014345
2,20,3,2,1,0.011592
2,20,1,2,1,0.011795
2,13,3,2,1,0.013868
2,5,1,2,1,0.013285
2,5,3,2,1,0.012279
2,16,3,2,1,0.010653
3,3,3,1,3,0.025227
2,16,1,2,3,0.020943
3,1,3,2,1,0.012638
2,1,1,2,1,0.012710
2,11,3,2,1,0.011567
2,10,1,2,1,0.012859
2,19,3,2,1,0.012032
2,1,1,2,1,0.012853
0,1,3,2,1,0.011463
2,9,1,2,1,0.012209
2,9,3,1,1,0.010458
2,1,3,2,1,0.011322
2,1,3,1,1,0.012336
2,8,1,2,1,0.009574
2,16,2,3,1,0.009900
2,16,2,3,1,0.008631
3,6,7,2,1,0.008326
3,6,7,3,3,0.013335
3,6,7,2,1,0.012768
3,6,7,3,3,0.009277
3,18,18,3,2,0.008468
3,1,3,3,1,0.008349
3,11,3,1,1,0.018538
2,4,1,2,1,0.019734
3,11,3,3,1,0.014411
3,1,3,2,0,0.013400
3,1,3,3,0,0.010024
2,16,1,2,0,0.012139
2,17,2,3,0,0.011333
2,20,1,2,0,0.010034
2,8,2,3,0,0.011775
2,7,1,2,0,0.010698
3,1,3,3,1,0.009256
3,1,3,3,1,0.009941
3,19,19,1,0,0.007846
3,19,19,3,1,0.010120
3,1,3,1,0,0.007919
2,2,2,3,0,0.011103
2,10,1,2,0,0.011503
2,19,3,2,0,0.011455
2,5,1,2,0,0.011564
0,3,2,3,0,0.010245
2,16,1,2,0,0.008910
2,19,3,2,0,0.009874
2,4,1,2,0,0.011202
2,13,3,2,0,0.010860
2,15,1,2,0,0.010882
2,11,3,2,0,0.010018
2,1,1,2,0,0.010722
2,15,3,2,0,0.009808
2,11,1,2,0,0.009037
3,13,11,2,0,0.009508
2,19,3,2,0,0.009415
2,10,1,2,0,0.010884
2,19,3,2,0,0.010477
2,4,1,2,0,0.010476
2,19,3,2,0,0.010130
2,20,1,2,0,0.010261
2,20,3,2,0,0.010838
2,20,1,2,0,0.009380
2,19,3,2,0,0.009604
2,15,1,2,0,0.010212
2,6,3,2,0,0.009326
2,6,1,2,0,0.009005
2,13,3,2,0,0.010291
2,17,1,2,0,0.010205
2,17,3,2,0,0.011012
3,18,18,3,0,0.007726
3,1,3,3,0,0.007781
2,1,3,3,0,0.008939
3,18,18,2,1,0.008374
2,14,1,2,1,0.007929
2,14,3,2,1,0.009179
2,0,2,1,1,0.007574
2,0,3,2,1,0.007571
0,3,2,1,1,0.008166
0,1,3,1,1,0.007857
0,3,1,2,1,0.008717
3,13,11,2,0,0.007454
3,1,3,0,0,0.007761
2,19,3,2,0,0.009332
2,18,2,0,0,0.009933
0,1,3,2,0,0.009734
2,10,2,0,0,0.009454
2,19,3,2,0,0.009430
2,4,2,0,0,0.009686
2,11,3,2,0,0.009409
2,16,2,0,0,0.009428
2,2,3,2,0,0.009196
3,2,20,0,0,0.009553
3,2,20,2,0,0.008030
3,20,2,0,1,0.009287
3,20,2,3,1,0.008854
3,2,20,3,0,0.008066
3,1,3,0,0,0.007935
3,1,3,2,1,0.009496
3,1,3,0,0,0.008135
3,2,20,2,0,0.007859
3,20,2,0,1,0.008766
2,10,3,2,1,0.007773
2,8,2,0,1,0.007121
3,1,3,3,2,0.007826
3,2,20,0,0,0.009267
3,2,20,2,0,0.008806
2,2,2,0,0,0.007484
2,8,3,2,0,0.008469
2,11,2,0,0,0.008222
2,19,3,2,0,0.006809
2,19,2,0,0,0.009404
2,19,3,2,0,0.010567
2,15,2,0,0,0.009369
2,11,3,2,0,0.009121
2,3,2,0,0,0.009182
3,1,3,2,2,0.008235
3,1,3,0,2,0.010144
2,19,3,2,2,0.009655
2,16,2,0,2,0.009245
3,1,3,2,2,0.008482
3,1,3,0,2,0.009243
2,19,3,2,2,0.008992
2,18,2,0,2,0.009154
2,19,3,2,2,0.008928
2,10,2,0,2,0.009080
0,1,3,2,2,0.008824
2,1,2,0,2,0.008724
2,4,3,2,2,0.008629
2,4,2,0,2,0.008337
2,19,3,2,2,0.009097
2,6,2,0,2,0.008856
2,5,3,2,2,0.008086
3,6,7,0,3,0.008184
3,6,7,0,3,0.007283
3,6,7,0,3,0.008013
3,6,7,0,1,0.007134
3,6,7,2,3,0.008057
2,5,2,0,3,0.008462
2,19,3,2,3,0.008785
2,4,2,0,3,0.008768
2,11,3,2,3,0.008512
2,4,2,0,3,0.008545
2,14,3,2,3,0.006997
2,14,2,0,3,0.009238
3,18,18,0,0,0.006705
2,4,2,0,0,0.006816
0,3,2,0,0,0.007523
2,14,3,2,0,0.007688
2,14,1,1,0,0.008365
2,19,3,2,0,0.008598
2,20,1,1,0,0.008791
2,20,3,2,0,0.008703
2,20,1,1,0,0.007684
3,1,3,2,2,0.008393
3,1,3,1,2,0.008457
2,19,3,2,2,0.008826
2,0,1,1,2,0.008680
2,15,3,2,2,0.006823
2,13,1,1,2,0.007848
2,0,3,3,2,0.006709
3,20,2,2,1,0.006804
2,16,3,3,1,0.006953
0,2,3,3,1,0.006146
2,20,3,2,1,0.005913
2,10,1,1,1,0.008013
2,13,3,2,1,0.006478
3,6,7,1,1,0.009012
3,6,7,2,3,0.007224
3,13,11,1,0,0.007745
3,6,7,2,3,0.007830
2,2,1,1,3,0.007587
2,19,3,2,3,0.007363
2,18,1,1,3,0.008622
2,19,3,2,3,0.008413
2,15,1,1,3,0.008404
2,19,3,2,3,0.008156
3,2,20,1,0,0.008345
3,2,20,2,0,0.008344
3,20,2,1,1,0.006994
3,1,3,2,2,0.006029
3,1,3,1,2,0.007904
2,11,3,2,2,0.007529
2,3,1,1,2,0.008280
3,1,3,2,2,0.007834
3,1,3,1,2,0.007833
3,1,3,2,2,0.007401
3,1,3,1,2,0.006994
2,19,3,2,2,0.007467
2,16,1,1,2,0.008187
2,19,3,2,2,0.007836
2,18,1,1,2,0.008032
0,1,3,2,2,0.007858
2,4,1,1,2,0.007709
2,19,3,2,2,0.007746
2,5,1,1,2,0.007885
2,2,3,2,2,0.006920
2,7,1,1,2,0.007667
2,16,1,1,2,0.005810
2,17,1,1,2,0.006019
2,5,3,2,2,0.005781
3,20,2,1,1,0.006595
2,2,3,2,1,0.006552
2,15,1,1,1,0.006580
2,13,3,2,1,0.007713
2,6,1,1,1,0.007650
2,4,3,2,1,0.007394
2,6,1,1,1,0.006940
2,6,3,2,1,0.005547
2,6,3,2,1,0.005629
2,4,1,1,1,0.007029
2,19,3,2,1,0.007617
2,10,1,1,1,0.007677
2,19,3,2,1,0.007398
2,20,1,1,1,0.007625
2,11,3,2,1,0.007498
2,16,1,1,1,0.007559
2,19,3,2,1,0.007284
2,1,1,1,1,0.007501
2,19,3,2,1,0.007117
3,1,3,1,0,0.007450
3,1,3,2,2,0.006169
2,14,1,1,2,0.006664
3,19,19,1,0,0.005134
2,11,3,2,0,0.005799
2,19,2,1,0,0.007647
2,19,1,1,0,0.005888
2,7,1,1,0,0.007831
2,19,3,2,0,0.005942
2,18,2,1,0,0.007434
2,19,3,2,0,0.007257
2,6,2,1,0,0.007349
2,13,3,2,0,0.006509
3,1,3,1,2,0.007183
3,1,3,2,2,0.006354
2,3,2,1,2,0.006597
2,19,3,2,2,0.006557
2,3,2,1,2,0.007306
2,3,3,2,2,0.006785
2,20,2,1,2,0.007163
2,11,3,2,2,0.007109
2,17,2,1,2,0.007141
0,1,3,2,2,0.006284
2,4,2,1,2,0.006983
2,19,3,2,2,0.006935
2,15,2,1,2,0.007072
2,15,3,2,2,0.006901
2,3,2,1,2,0.006217
2,12,1,1,2,0.005552
3,1,3,2,0,0.006213
3,1,3,1,0,0.006718
3,1,3,2,2,0.006962
2,1,2,1,2,0.005983
2,19,3,2,2,0.006335
2,15,2,1,2,0.007379
2,14,3,2,2,0.006668
2,14,1,1,2,0.006926
2,11,3,2,2,0.005907
2,11,2,1,2,0.006538
2,8,2,1,2,0.006144
3,18,18,2,2,0.005378
2,1,3,2,2,0.005581
3,1,3,1,0,0.005864
3,1,3,1,0,0.007050
3,1,3,2,0,0.005800
2,9,2,1,0,0.006066
2,9,1,1,0,0.006056
0,3,2,1,0,0.004884
2,2,3,2,0,0.006657
1,0.300000
1,1.000000
1,0.400000
1,0.400000
1,0.300000
1,0.400000
1,0.200000
1,0.400000
1,0.200000
1,0.200000
1,0.200000
1,0.200000
1,0.200000
1,0.200000
1,0.200000
1,0.200000
1,0.400000
1,0.200000
1,0.200000
1,0.200000
1,0.200000
1,0.200000
1,0.200000
1,0.200000
1,0.300000
1,0.200000
1,0.200000
1,0.300000
1,0.200000
1,0.200000
1,0.200000
1,0.200000
1,0.100000
1,0.200000
1,0.100000
1,0.200000
1,0.200000
1,0.100000
1,0.100000
1,0.100000
1,0.100000
1,0.100000
1,0.200000
1,0.500000
1,0.200000
1,0.500000
1,0.500000
1,0.100000
1,0.500000
1,0.100000
1,0.500000
1,0.100000
1,0.200000
1,0.200000
1,0.100000
1,0.500000
1,0.100000
1,0.500000
1,0.100000
1,0.200000
1,0.100000
1,0.500000
1,0.100000
1,0.200000
1,0.500000
1,0.100000
1,0.200000
1,0.200000
1,0.500000
1,0.100000
1,0.200000
1,0.500000
1,0.200000
1,0.500000
1,0.100000
1,0.500000
1,0.100000
1,0.400000
1,0.200000
1,0.200000
1,0.200000
1,0.500000
1,0.100000
1,0.400000
1,0.100000
1,0.500000
1,0.100000
1,0.400000
1,0.100000
1,0.400000
1,0.500000
0,0.200000
1,0.500000
1,0.200000
1,0.400000
0,0.300000
1,0.400000
0,0.200000
1,0.200000
0,0.200000
1,0.500000
0,0.100000
1,0.500000
0,0.100000
0,0.100000
1,0.500000
0,0.100000
1,0.500000
0,0.100000
1,0.500000
0,0.100000
0,0.100000
1,0.500000
0,0.100000
1,0.200000
0,0.100000
1,0.200000
1,0.500000
0,0.300000
1,0.500000
0,0.100000
0,0.100000
1,0.200000
0,0.200000
1,0.500000
0,0.100000
0,0.100000
1,0.400000
0,0.100000
1,0.200000
0,0.100000
1,0.400000
1,0.200000
0,0.100000
1,0.400000
0,0.300000
1,0.400000
0,0.200000
1,0.400000
0,0.300000
1,0.400000
0,0.300000
1,0.400000
0,0.300000
0,0.100000
0,0.100000
0,0.100000
1,0.400000
0,0.100000
1,0.400000
0,0.100000
1,0.400000
0,0.200000
1,0.500000
0,0.200000
1,0.500000
0,0.200000
1,0.500000
0,0.200000
1,0.500000
0,0.200000
1,0.500000
0,0.200000
0,0.200000
0,0.200000
0,0.100000
0,0.200000
1,0.500000
0,0.200000
1,0.100000
1,0.200000
1,0.200000
0,0.200000
1,0.500000
0,0.200000
1,0.500000
0,0.200000
1,0.500000
0,0.200000
1,0.500000
0,0.200000
0,0.200000
0,0.200000
0,0.200000
0,0.200000
0,0.200000
0,0.200000
0,0.200000
1,0.500000
0,0.200000
1,0.500000
0,0.200000
1,0.500000
0,0.200000
1,0.500000
0,0.200000
1,0.400000
1,0.400000
1,0.400000
1,0.400000
1,0.400000
1,0.400000
1,0.500000
0,0.300000
1,0.500000
0,0.300000
1,0.500000
0,0.300000
1,0.400000
0,0.300000
1,0.400000
1,0.500000
1,0.500000
1,0.500000
0,0.300000
1,0.500000
0,0.300000
1,0.500000
0,0.300000
1,0.500000
0,0.300000
1,0.500000
1,0.500000
0,0.300000
1,0.500000
0,0.300000
1,0.500000
0,0.300000
1,0.500000
0,0.300000
1,0.500000
0,0.300000
1,0.500000
1,0.500000
1,0.100000
0,0.300000
1,0.500000
0,0.300000
1,0.500000
0,0.300000
1,0.500000
0,0.300000
1,0.500000
0,0.300000
1,0.400000
1,0.500000
1,0.400000
0,0.300000
1,0.300000
1,0.300000
0,0.300000
1,0.300000
0,0.300000
1,0.300000
1,0.300000
1,0.300000
0,0.100000
0,0.300000
1,0.300000
0,0.300000
1,0.300000
0,0.300000
1,0.300000
0,0.300000
1,0.300000
0,0.300000
1,0.300000
1,0.300000
0,0.200000
1,0.300000
0,0.200000
1,0.300000
0,0.300000
1,0.500000
0,0.300000
1,0.300000
0,0.300000
1,0.500000
0,0.300000
1,0.500000
0,0.300000
1,0.500000
0,0.300000
1,0.500000
0,0.300000
1,0.500000
1,0.500000
0,0.300000
1,0.500000
0,0.300000
1,0.500000
0,0.300000
1,0.500000
0,0.300000
1,0.500000
0,0.300000
1,0.500000
0,0.300000
1,0.500000
0,0.300000
1,0.500000
0,0.200000
0,0.200000
0,0.200000
0,0.300000
0,0.300000
1,0.500000
0,0.200000
1,0.500000
0,0.200000
1,0.400000
0,0.300000
1,0.500000
0,0.200000
1,0.500000
0,0.200000
1,0.500000
0,0.200000
1,0.500000
0,0.200000
1,0.500000
0,0.200000
1,0.500000
0,0.200000
1,0.500000
0,0.200000
0,0.200000
0,0.200000
0,0.200000
1,0.500000
0,0.200000
1,0.500000
0,0.200000
1,0.500000
0,0.200000
0,0.200000
0,0.200000
1,0.500000
0,0.200000
1,0.500000
0,0.200000
1,0.500000
0,0.200000
1,0.500000
0,0.200000
1,0.500000
0,0.200000
1,0.500000
0,0.200000
1,0.500000
0,0.200000
1,0.500000
0,0.200000
1,0.500000
0,0.200000
1,0.500000
0,0.200000
1,0.500000
0,0.200000
1,0.500000
0,0.200000
1,0.500000
0,0.200000
1,0.500000
0,0.200000
0,0.200000
0,0.200000
0,0.200000
1,0.500000
0,0.200000
1,0.500000
0,0.200000
1,0.500000
0,0.200000
1,0.500000
0,0.200000
0,0.200000
0,0.200000
0,0.200000
1,0.500000
1,0.100000
1,0.500000
1,0.100000
1,0.500000
1,0.100000
1,0.500000
1,0.100000
1,0.500000
1,0.100000
1,0.500000
1,0.100000
0,0.200000
1,0.500000
0,0.200000
0,0.200000
1,0.500000
1,0.100000
1,0.500000
1,0.100000
1,0.500000
1,0.100000
1,0.500000
1,0.100000
1,0.500000
1,0.100000
1,0.500000
1,0.100000
1,0.500000
1,0.100000
1,0.500000
1,0.100000
1,0.500000
1,0.100000
1,0.500000
1,0.100000
1,0.500000
1,0.100000
1,0.500000
1,0.100000
1,0.500000
1,0.100000
1,0.500000
1,0.100000
1,0.500000
1,0.100000
1,0.500000
1,0.100000
1,0.500000
1,0.100000
1,0.100000
1,0.100000
1,0.500000
1,0.100000
1,0.500000
1,0.100000
1,0.500000
1,0.100000
1,0.500000
1,0.100000
1,0.500000
1,0.500000
1,0.100000
1,0.500000
1,0.100000
1,0.500000
1,0.100000
1,0.500000
1,0.100000
1,0.500000
1,0.100000
1,0.500000
1,0.100000
1,0.500000
1,0.100000
1,0.100000
1,0.500000
0,0.200000
1,0.100000
1,0.100000
1,0.500000
0,0.200000
1,0.500000
0,0.200000
1,0.500000
0,0.200000
1,0.500000
0,0.200000
1,0.500000
0,0.200000
1,0.500000
0,0.200000
1,0.500000
0,0.200000
1,0.500000
0,0.200000
1,0.500000
0,0.200000
1,0.500000
0,0.200000
1,0.100000
1,0.200000
0,0.200000
1,0.200000
0,0.200000
1,0.200000
0,0.200000
1,0.500000
1,0.100000
1,0.200000
0,0.200000
0,0.200000
1,0.200000
1,0.200000
0,0.200000
0,0.200000
1,0.200000
0,0.200000
1,0.100000
0,0.200000
1,0.500000
1,3.398538
0,1.126512
0,1.538831
1,1.441390
1,3.035416
0,3.913231
1,2.739526
0,3.913231
1,1.511298
1,2.348983
0,1.215428
1,2.348983
0,1.234285
0,1.234285
1,1.434285
1,1.088640
1,1.415428
1,1.088640
1,1.476512
1,1.520173
0,1.188640
0,1.188640
0,1.188640
0,4.170811
1,1.842599
1,1.099105
0,4.313231
1,1.842599
0,4.313231
1,2.411594
1,2.411594
1,1.842599
0,1.312574
1,1.842599
0,1.315428
1,1.415428
1,1.415428
0,1.832207
0,1.782207
0,2.377856
1,1.088640
0,1.782207
0,1.832207
1,1.842599
0,1.832207
1,1.842599
1,1.842599
0,1.832207
1,1.842599
0,1.981981
0,1.430713
0,1.908883
0,1.480713
0,1.511298
1,1.309177
1,1.664860
0,2.516978
0,1.364572
1,1.084285
0,1.878953
0,1.262574
0,1.414572
0,1.262574
0,1.572298
1,1.462574
0,2.516978
1,2.327668
0,1.878953
1,1.809462
1,1.881912
1,1.591701
1,1.591701
0,1.279478
1,1.412574
0,1.981981
1,1.526109
0,1.981981
0,3.683293
0,1.279478
0,4.166249
1,1.558371
1,1.526109
0,1.981981
1,1.526109
1,1.386666
1,1.686700
0,4.166249
1,1.668862
0,1.811298
0,4.166249
1,1.462574
0,1.811298
1,1.686700
0,1.279478
1,1.429478
1,1.079478
1,1.608371
1,1.529397
1,1.212574
1,1.881912
1,1.462574
0,1.849212
1,1.462574
1,1.881912
1,1.608371
0,1.314860
0,2.131912
0,1.290790
0,2.131912
0,1.441701
1,1.342608
0,1.829397
0,1.290790
1,1.386666
0,1.441701
0,1.779397
0,1.779397
0,1.290790
1,1.242608
0,1.290790
1,1.451703
0,2.375336
0,1.414572
1,1.479397
0,1.290790
1,2.448983
1,1.242608
0,1.290790
0,1.590790
0,1.441701
1,1.479397
0,1.441701
1,1.931912
1,1.479397
0,1.290790
1,1.479397
1,1.741701
0,2.131912
1,1.741701
0,2.131912
1,1.741701
0,2.131912
1,1.741701
0,2.131912
0,3.733609
0,2.131912
1,1.741701
1,1.741701
0,2.131912
1,1.741701
1,1.741701
1,1.741701
0,2.131912
1,1.741701
0,2.131912
0,1.340790
0,1.590790
1,1.741701
1,2.125336
1,1.741701
0,1.690790
1,1.741701
0,1.590790
0,1.590790
0,1.590790
0,1.364860
1,2.225336
0,1.314860
1,2.125336
0,5.752915
0,1.340790
0,1.340790
1,2.225336
0,1.290790
1,2.125336
0,1.314860
1,2.125336
0,1.314860
1,2.125336
0,1.290790
1,2.125336
0,5.752915
1,6.261372
0,5.752915
1,6.306790
1,2.225336
1,2.225336
1,2.125336
0,1.290790
1,2.125336
0,1.290790
1,2.225336
0,1.290790
1,2.125336
0,1.290790
1,2.125336
1,2.225336
1,2.225336
0,1.340790
0,1.340790
1,1.440790
1,2.225336
0,1.290790
1,2.125336
0,1.341701
1,2.125336
0,1.341701
1,2.125336
0,2.177856
0,1.841701
0,5.752915
0,6.152915
0,1.540790
0,1.341701
0,1.841701
1,1.741701
0,1.764860
1,1.741701
0,1.764860
1,1.741701
0,1.764860
1,1.741701
1,1.741701
1,2.225336
0,1.364860
1,6.261372
1,1.741701
0,1.764860
1,1.741701
0,1.764860
1,1.741701
0,1.764860
1,1.741701
1,6.261372
1,1.092162
0,1.764860
0,1.364860
1,1.396009
1,1.741701
0,1.764860
1,1.741701
0,1.764860
0,1.341701
0,1.764860
0,1.464860
0,1.341701
1,6.261372
1,1.342599
1,6.261372
1,6.261372
1,1.342599
1,1.705744
0,1.592599
1,1.505744
1,6.261372
0,1.464860
1,1.489916
1,1.396009
1,1.489916
1,1.396009
0,1.346009
0,1.796009
0,1.355744
0,1.796009
0,1.355744
0,1.605744
1,1.514860
0,1.464860
0,4.133609
1,4.213231
0,1.796009
0,1.355744
0,2.616978
0,1.355744
0,2.616978
0,1.355744
1,1.396009
0,1.355744
0,2.616978
1,1.741701
1,1.396009
0,1.355744
0,2.616978
0,1.355744
0,2.616978
1,1.440790
0,1.340790
0,2.616978
0,1.340790
0,2.616978
0,1.340790
0,2.616978
0,2.177856
0,2.616978
0,1.340790
0,2.616978
0,1.340790
1,1.342599
0,1.340790
0,1.690790
0,1.340790
0,6.152915
1,1.546009
1,6.306790
1,6.306790
0,1.796009
0,1.340790
0,4.133609
0,1.340790
0,1.796009
0,1.340790
0,1.796009
0,1.340790
0,1.796009
0,2.177856
0,2.616978
0,2.177856
1,1.396009
0,2.177856
1,1.396009
0,2.177856
1,1.396009
0,2.177856
0,2.616978
1,2.566978
0,2.375336
1,2.325336
0,2.266978
1,1.396009
0,1.364860
1,1.396009
1,2.466978
0,2.375336
0,1.341701
1,2.225336
0,1.341701
0,2.616978
1,2.466978
0,4.133609
1,1.741701
0,4.133609
0,3.913231
1,2.225336
1,1.741701
0,2.616978
1,1.741701
0,2.616978
1,1.741701
0,1.841701
1,1.741701
0,2.616978
1,1.741701
0,1.841701
1,1.741701
0,2.616978
1,1.741701
0,2.616978
1,1.741701
0,2.616978
1,1.741701
0,1.605744
1,1.741701
0,2.616978
0,1.355744
0,1.605744
1,1.505744
0,1.455744
1,1.392599
0,1.355744
0,1.690790
1,1.741701
1,1.342599
1,1.741701
0,2.616978
1,1.741701
1,1.342599
0,6.152915
1,2.225336
1,2.225336
1,1.741701
1,1.342599
1,1.741701
1,1.342599
1,1.741701
1,1.342599
1,1.741701
0,1.841701
1,1.741701
1,1.342599
1,1.741701
1,1.342599
0,1.340790
1,2.325336
0,1.340790
1,1.342599
1,1.741701
1,1.342599
1,1.741701
1,1.342599
1,1.705744
0,1.690790
0,1.355744
0,2.616978
1,1.741701
0,2.616978
1,1.741701
0,2.616978
1,1.741701
0,2.616978
1,2.466978
0,2.375336
1,1.741701
0,1.841701
1,1.741701
0,1.796009
1,1.741701
0,1.841701
1,1.741701
0,1.841701
1,1.741701
0,1.796009
1,1.741701
0,1.796009
1,1.741701
0,1.796009
1,1.741701
0,1.796009
1,1.741701
1,2.125336
1,2.225336
1,2.125336
1,1.741701
1,2.125336
0,2.266978
0,1.796009
1,1.741701
0,1.796009
1,1.741701
0,1.796009
1,1.741701
0,1.355744
0,1.796009
1,1.741701
0,1.796009
1,1.741701
0,1.796009
1,1.741701
0,1.796009
1,1.741701
0,1.796009
1,1.741701
0,1.796009
1,1.741701
0,1.841701
0,4.133609
0,1.346009
0,1.841701
1,6.261372
0,1.841701
1,2.566978
0,1.841701
0,1.346009
0,1.841701
1,2.566978
0,1.841701
1,1.741701
0,2.616978
1,2.566978
0,2.616978
0,1.346009
0,2.616978
0,1.346009
0,2.616978
0,1.346009
0,2.616978
0,1.346009
0,2.616978
0,1.346009
0,2.616978
0,1.441701
0,1.346009
1,1.396009
0,1.441701
1,6.261372
1,2.566978
0,2.616978
1,2.566978
0,2.616978
1,6.261372
1,6.261372
0,2.616978
1,6.261372
0,5.752915
1,1.546009
0,1.596009
1,1.746009
0,2.616978
1,2.225336
1,2.425336
1,2.566978
0,0
1,4
0,3
0,3
0,0
1,2
0,1
1,2
0,1
1,4
1,2
0,1
1,6
1,1
1,5
0,1
1,6
1,0
1,5
0,7
1,3
1,5
1,0
1,0
1,6
0,1
1,2
1,5
0,1
1,4
0,1
1,4
0,1
1,8
1,1
1,3
1,5
1,2
1,4
1,4
1,2
1,2
1,2
1,4
1,4
1,3
0,1
0,1
1,8
0,1
1,8
0,2
1,1
1,3
0,1
1,8
0,2
1,8
0,2
1,3
0,2
1,3
1,3
1,3
1,4
0,3
1,4
1,4
1,4
1,2
1,3
1,8
1,2
1,8
0,2
1,5
0,2
1,1
1,3
1,1
0,3
1,8
0,1
1,5
0,1
1,5
1,3
1,5
1,3
1,5
1,8
0,3
1,7
0,3
1,3
1,0
1,3
1,1
1,5
0,3
1,4
0,2
1,7
0,3
1,4
1,8
0,3
1,8
1,0
1,1
0,0
1,0
1,8
0,2
0,1
1,0
1,5
1,5
1,0
1,5
1,2
0,2
1,3
0,2
1,0
0,2
1,2
1,7
1,0
1,5
1,2
1,2
0,2
1,2
1,6
0,2
1,3
1,1
1,8
1,1
1,5
0,4
1,8
0,2
0,3
1,3
1,2
1,3
1,0
1,6
1,5
0,3
1,1
1,3
1,0
1,5
1,0
1,0
0,2
1,7
0,2
1,8
0,4
1,5
0,3
1,1
0,2
1,7
0,3
0,2
0,3
1,2
1,1
1,5
0,3
1,7
1,0
1,7
0,4
1,7
0,2
1,2
0,0
1,2
1,2
1,2
1,3
1,1
1,8
0,2
1,0
0,1
1,8
0,7
1,7
0,4
0,1
0,5
1,3
1,7
1,0
1,0
1,7
0,4
1,7
0,4
1,7
0,7
1,0
1,0
1,1
1,1
0,7
1,7
0,7
1,7
0,7
1,7
1,1
1,8
1,1
0,4
1,6
1,1
1,1
0,2
1,7
1,0
1,0
0,2
1,8
0,8
1,4
1,3
0,2
0,7
1,6
0,2
1,7
0,4
1,7
0,4
1,7
1,3
0,7
1,1
0,0
1,1
0,2
1,3
1,1
1,7
1,1
1,6
1,6
1,6
0,3
0,7
1,6
1,0
1,6
1,0
1,6
0,2
0,0
1,1
1,3
1,1
0,3
1,3
0,3
1,8
0,5
1,7
0,8
1,3
0,5
1,7
0,7
1,8
1,1
1,7
0,4
0,2
1,0
0,1
1,7
0,5
1,8
0,7
1,8
0,2
1,0
0,1
1,8
1,1
1,3
0,4
1,8
1,1
0,3
0,4
0,4
1,1
0,5
0,5
1,4
0,4
1,5
0,5
1,7
0,5
1,1
1,2
1,8
0,4
1,8
0,5
1,8
0,7
1,7
0,8
1,8
0,4
1,5
1,0
1,1
1,1
1,2
1,1
1,2
1,1
1,0
1,1
0,3
1,5
1,0
1,5
1,1
1,5
0,3
1,1
0,2
1,8
1,0
1,7
1,0
1,5
1,0
1,7
1,0
1,6
0,3
1,8
0,4
1,8
0,5
1,5
0,5
1,5
0,7
1,8
0,4
1,6
0,8
1,0
1,3
0,8
1,3
0,8
1,8
0,7
1,7
1,0
1,7
0,5
1,7
0,1
0,3
1,7
0,8
1,8
0,2
1,0
0,1
1,8
0,3
1,8
1,1
0,2
0,3
0,4
0,1
0,2
0,2
1,0
0,2
1,8
1,0
1,3
1,0
1,3
1,0
1,8
0,4
1,8
1,0
1,8
0,8
1,7
1,1
1,7
0,4
1,7
1,0
1,8
0,4
1,8
0,4
1,8
0,8
1,8
0,4
1,8
0,7
1,8
0,8
1,8
0,4
1,3
1,2
1,6
0,5
1,4
1,0
1,8
0,5
1,5
1,0
0,1
1,3
0,7
1,8
0,5
1,8
0,5
1,8
0,8
1,8
0,5
1,8
0,4
1,7
1,2
1,2
1,7
0,2
1,3
1,0
1,8
0,4
1,8
0,4
1,8
0,5
1,7
1,0
1,8
0,7
1,8
0,5
1,8
0,7
1,8
0,7
1,8
1,0
0,2
0,3
0,5
1,8
0,2
0,1
0,2
1,8
1,1
1,7
0,5
0,1
1,2
0,4
1,6
1,1
0,7
0,7
1,6
0,7
1,5
0,3
1,6
4.497682,1920.000000
4.322554,1920.000000
4.329407,1920.000000
4.439317,1920.000000
4.580001,1920.000000
4.536498,1920.000000
4.326791,1920.000000
4.411293,1920.000000
4.461441,1920.000000
4.513694,1920.000000
4.548348,1920.000000
4.345875,1920.000000
4.565636,1920.000000
4.497790,1920.000000
4.465705,1920.000000
4.491750,1920.000000
4.216197,1920.000000
4.432273,1920.000000
4.446546,1920.000000
4.574694,1920.000000
4.533630,1920.000000
4.591382,1920.000000
4.579295,1920.000000
4.346536,1920.000000
4.504353,1920.000000
4.562942,1920.000000
4.614417,1920.000000
4.429089,1920.000000
4.440470,1920.000000
4.487827,1920.000000
4.417877,1920.000000
4.413783,1920.000000
4.485567,1920.000000
4.698443,1920.000000
4.392422,1920.000000
4.428619,1920.000000
4.589364,1920.000000
4.238557,1920.000000
4.277071,1920.000000
4.421900,1920.000000
4.506556,1920.000000
4.578280,1920.000000
4.426646,1920.000000
4.426613,1920.000000
4.224813,1920.000000
4.451315,1920.000000
4.416958,1920.000000
4.513183,1920.000000
4.559166,1920.000000
4.361875,1920.000000
4.443150,1920.000000
4.579466,1920.000000
4.594853,1920.000000
4.464820,1920.000000
4.733616,1920.000000
4.588595,1920.000000
4.476331,1920.000000
4.778135,1920.000000
4.304375,1920.000000
4.476215,1920.000000
4.589424,1920.000000
4.562985,1920.000000
4.482018,1920.000000
4.828072,1920.000000
4.641682,1920.000000
4.441909,1920.000000
4.697068,1920.000000
4.685899,1920.000000
4.538426,1920.000000
4.630288,1920.000000
4.590043,1920.000000
4.575329,1920.000000
4.662935,1920.000000
4.731267,1920.000000
4.638400,1920.000000
4.684725,1920.000000
4.456721,1920.000000
4.488779,1920.000000
4.691698,1920.000000
4.377556,1920.000000
4.498893,1920.000000
4.595593,1920.000000
4.618993,1920.000000
4.439936,1920.000000
4.710012,1920.000000
4.462194,1920.000000
4.478975,1920.000000
4.573375,1920.000000
4.535162,1920.000000
4.612672,1920.000000
4.639653,1920.000000
4.497806,1920.000000
4.541619,1920.000000
4.472701,1920.000000
4.425553,1920.000000
4.553500,1920.000000
4.615784,1920.000000
4.347823,1920.000000
4.510500,1920.000000
4.399355,1920.000000
4.253027,1920.000000
4.542327,1920.000000
4.334493,1920.000000
4.315999,1920.000000
4.476111,1920.000000
4.427332,1920.000000
4.323962,1920.000000
4.427590,1920.000000
4.510335,1920.000000
4.458735,1920.000000
4.425079,1920.000000
4.582875,1920.000000
4.431028,1920.000000
4.241220,1920.000000
4.463466,1920.000000
4.474376,1920.000000
4.686243,1920.000000
4.510857,1920.000000
4.358641,1920.000000
4.408960,1920.000000
4.458485,1920.000000
4.409118,1920.000000
4.442753,1920.000000
4.470453,1920.000000
4.539393,1920.000000
4.618314,1920.000000
4.609388,1920.000000
4.357669,1920.000000
4.353613,1920.000000
4.447176,1920.000000
4.381621,1920.000000
4.532583,1920.000000
4.405901,1920.000000
4.310276,1920.000000
4.371759,1920.000000
4.584511,1920.000000
4.562610,1920.000000
4.594826,1920.000000
4.510360,1920.000000
4.276903,1920.000000
4.440376,1920.000000
4.555279,1920.000000
4.238695,1920.000000
4.413632,1920.000000
4.335451,1920.000000
4.531726,1920.000000
4.288727,1920.000000
4.437237,1920.000000
4.435256,1920.000000
4.142468,1920.000000
4.314879,1920.000000
4.504714,1920.000000
4.402685,1920.000000
4.429783,1920.000000
4.451646,1920.000000
4.313955,1920.000000
4.244496,1920.000000
4.416581,1920.000000
4.484456,1920.000000
4.388062,1920.000000
4.256614,1920.000000
4.329205,1920.000000
4.413173,1920.000000
4.110623,1920.000000
4.262149,1920.000000
4.367977,1920.000000
4.584094,1920.000000
4.392737,1920.000000
4.324384,1920.000000
4.253185,1920.000000
4.264178,1920.000000
4.316829,1920.000000
4.206585,1920.000000
4.304588,1920.000000
4.408245,1920.000000
4.180736,1920.000000
4.302181,1920.000000
4.279170,1920.000000
4.270869,1920.000000
4.365830,1920.000000
4.609617,1920.000000
4.119996,1920.000000
4.180294,1920.000000
4.324303,1920.000000
4.004685,1920.000000
4.311060,1920.000000
4.023185,1920.000000
4.372650,1920.000000
4.393617,1920.000000
4.352108,1920.000000
4.245681,1920.000000
4.224716,1920.000000
4.225195,1920.000000
4.315025,1920.000000
4.442103,1920.000000
4.252672,1920.000000
4.252503,1920.000000
4.182081,1920.000000
4.282000,1920.000000
4.378389,1920.000000
4.222676,1920.000000
4.520904,1920.000000
4.302034,1920.000000
4.242421,1920.000000
4.281924,1920.000000
4.081992,1920.000000
4.371620,1920.000000
4.308529,1920.000000
4.404250,1920.000000
4.328339,1920.000000
4.382335,1920.000000
4.315287,1920.000000
4.230385,1920.000000
4.347356,1920.000000
4.376918,1920.000000
4.585937,1920.000000
4.275700,1920.000000
4.280434,1920.000000
4.320002,1920.000000
4.248100,1920.000000
4.324702,1920.000000
4.156437,1920.000000
4.377578,1920.000000
4.261357,1920.000000
4.226666,1920.000000
4.225485,1920.000000
4.071171,1920.000000
4.364629,1920.000000
4.188414,1920.000000
4.198121,1920.000000
4.367586,1920.000000
4.135406,1920.000000
4.288686,1920.000000
4.236081,1920.000000
4.237326,1920.000000
4.375949,1920.000000
4.596458,1920.000000
4.346497,1920.000000
4.375391,1920.000000
4.321231,1920.000000
4.416467,1920.000000
4.291522,1920.000000
4.469458,1920.000000
4.391833,1920.000000
4.228396,1920.000000
4.218421,1920.000000
4.240462,1920.000000
4.133219,1920.000000
4.210416,1920.000000
4.129052,1920.000000
4.462070,1920.000000
4.163038,1920.000000
4.432800,1920.000000
4.255068,1920.000000
4.218694,1920.000000
4.279862,1920.000000
4.244327,1920.000000
4.151860,1920.000000
4.453151,1920.000000
4.199918,1920.000000
4.338024,1920.000000
4.240723,1920.000000
4.346634,1920.000000
4.343048,1920.000000
4.585951,1920.000000
4.224221,1920.000000
4.391304,1920.000000
4.318883,1920.000000
4.131877,1920.000000
4.401811,1920.000000
4.201295,1920.000000
4.309039,1920.000000
4.136407,1920.000000
4.241213,1920.000000
4.282945,1920.000000
4.218287,1920.000000
4.369830,1920.000000
4.353962,1920.000000
4.349289,1920.000000
4.114565,1920.000000
4.138055,1920.000000
4.076631,1920.000000
4.172990,1920.000000
4.070444,1920.000000
4.329285,1920.000000
4.239763,1920.000000
4.188344,1920.000000
3.931247,1920.000000
4.028443,1920.000000
3.946600,1920.000000
4.016327,1920.000000
4.004094,1920.000000
4.101319,1920.000000
4.135950,1920.000000
4.189011,1920.000000
4.070397,1920.000000
4.059477,1920.000000
4.075307,1920.000000
4.175547,1920.000000
4.050733,1920.000000
4.191624,1920.000000
4.225467,1920.000000
4.198469,1920.000000
4.142601,1920.000000
4.129314,1920.000000
4.265639,1920.000000
4.226626,1920.000000
4.146114,1920.000000
4.207715,1920.000000
4.181652,1920.000000
4.001161,1920.000000
4.149822,1920.000000
4.074025,1920.000000
4.124290,1920.000000
4.250911,1920.000000
4.189502,1920.000000
4.035291,1920.000000
4.136952,1920.000000
4.181860,1920.000000
4.013793,1920.000000
4.224641,1920.000000
4.180475,1920.000000
4.044597,1920.000000
4.162071,1920.000000
4.322492,1920.000000
4.177684,1920.000000
4.221243,1920.000000
4.287286,1920.000000
4.147158,1920.000000
4.206548,1920.000000
4.296568,1920.000000
3.999634,1920.000000
4.075311,1920.000000
4.106325,1920.000000
4.343364,1920.000000
4.306008,1920.000000
4.256383,1920.000000
4.158568,1920.000000
4.059448,1920.000000
4.058793,1920.000000
4.136964,1920.000000
4.157569,1920.000000
4.253941,1920.000000
4.289361,1920.000000
4.200548,1920.000000
4.271372,1920.000000
4.395383,1920.000000
4.219581,1920.000000
4.303391,1920.000000
4.073358,1920.000000
4.312123,1920.000000
4.298640,1920.000000
4.022238,1920.000000
4.124568,1920.000000
4.021187,1920.000000
4.340048,1920.000000
4.186667,1920.000000
4.235326,1920.000000
4.226085,1920.000000
4.024332,1920.000000
4.224885,1920.000000
4.383386,1920.000000
4.106504,1920.000000
4.315503,1920.000000
4.211513,1920.000000
4.365216,1920.000000
4.214309,1920.000000
4.352091,1920.000000
4.287215,1920.000000
4.327002,1920.000000
4.244371,1920.000000
4.287120,1920.000000
4.416587,1920.000000
4.147007,1920.000000
4.229136,1920.000000
4.168155,1920.000000
4.278708,1920.000000
4.381755,1920.000000
4.369932,1920.000000
4.237073,1920.000000
4.109484,1920.000000
4.251675,1920.000000
4.172493,1920.000000
4.264411,1920.000000
4.487487,1920.000000
4.185056,1920.000000
4.410872,1920.000000
4.259837,1920.000000
4.439779,1920.000000
4.375387,1920.000000
4.341028,1920.000000
4.297086,1920.000000
4.441781,1920.000000
4.546933,1920.000000
4.247295,1920.000000
4.427018,1920.000000
4.355186,1920.000000
4.564305,1920.000000
4.345334,1920.000000
4.675164,1920.000000
4.546697,1920.000000
4.514472,1920.000000
4.597983,1920.000000
4.613308,1920.000000
4.556053,1920.000000
4.558499,1920.000000
4.427460,1920.000000
4.526960,1920.000000
4.614425,1920.000000
4.500905,1920.000000
4.371595,1920.000000
4.665160,1920.000000
4.355492,1920.000000
4.393853,1920.000000
4.370586,1920.000000
4.350070,1920.000000
4.508253,1920.000000
4.113536,1920.000000
4.474259,1920.000000
4.499340,1920.000000
4.533225,1920.000000
4.216479,1920.000000
4.502260,1920.000000
4.571472,1920.000000
4.430134,1920.000000
4.534666,1920.000000
4.247583,1920.000000
4.533949,1920.000000
4.309833,1920.000000
4.441271,1920.000000
4.261622,1920.000000
4.478206,1920.000000
4.637909,1920.000000
4.449167,1920.000000
4.432224,1920.000000
4.621429,1920.000000
4.264966,1920.000000
4.306802,1920.000000
4.466012,1920.000000
4.597012,1920.000000
4.235050,1920.000000
4.629887,1920.000000
4.392315,1920.000000
4.198313,1920.000000
4.370204,1920.000000
4.372129,1920.000000
4.470956,1920.000000
4.400820,1920.000000
4.315498,1920.000000
4.565042,1920.000000
4.463677,1920.000000
4.473863,1920.000000
4.492304,1920.000000
4.654683,1920.000000
4.481207,1920.000000
4.431371,1920.000000
4.567172,1920.000000
4.236765,1920.000000
4.611129,1920.000000
4.451070,1920.000000
4.599516,1920.000000
4.583049,1920.000000
4.487091,1920.000000
4.469270,1920.000000
4.457621,1920.000000
4.416444,1920.000000
4.529965,1920.000000
4.545467,1920.000000
4.452955,1920.000000
4.300157,1920.000000
4.349258,1920.000000
4.572998,1920.000000
4.394352,1920.000000
4.506837,1920.000000
4.581752,1920.000000
4.418800,1920.000000
4.483795,1920.000000
4.555589,1920.000000
4.347163,1920.000000
4.428966,1920.000000
4.546411,1920.000000
4.554333,1920.000000
4.480767,1920.000000
4.412382,1920.000000
4.396188,1920.000000
4.254936,1920.000000
4.415454,1920.000000
4.342396,1920.000000
4.406927,1920.000000
4.490622,1920.000000
4.512018,1920.000000
4.566368,1920.000000
4.489699,1920.000000
4.581690,1920.000000
4.625574,1920.000000
4.654092,1920.000000
4.565981,1920.000000
4.540154,1920.000000
4.717775,1920.000000
4.313427,1920.000000
4.532947,1920.000000
4.352380,1920.000000
4.653740,1920.000000
4.651523,1920.000000
4.683890,1920.000000
4.681478,1920.000000
4.545222,1920.000000
4.692777,1920.000000
4.561760,1920.000000
4.703334,1920.000000
4.720123,1920.000000
4.693255,1920.000000
4.621293,1920.000000
4.479386,1920.000000
4.634230,1920.000000
4.731785,1920.000000
4.765578,1920.000000
4.595079,1920.000000
4.460852,1920.000000
4.443333,1920.000000
4.443195,1920.000000
4.564954,1920.000000
4.588118,1920.000000
4.675489,1920.000000
4.546150,1920.000000
4.497623,1920.000000
4.476622,1920.000000
4.500698,1920.000000
4.533403,1920.000000
4.602160,1920.000000
4.594724,1920.000000
4.572319,1920.000000
4.498107,1920.000000
4.557294,1920.000000
4.416282,1920.000000
4.621414,1920.000000
4.557452,1920.000000
4.603307,1920.000000
4.548338,1920.000000
4.357558,1920.000000
4.618424,1920.000000
4.141413,1920.000000
4.486121,1920.000000
4.307352,1920.000000
4.417826,1920.000000
4.442582,1920.000000
4.540398,1920.000000
4.398855,1920.000000
4.305181,1920.000000
4.597781,1920.000000
4.577667,1920.000000
4.425125,1920.000000
4.559590,1920.000000
4.411131,1920.000000
4.362583,1920.000000
4.594986,1920.000000
4.442911,1920.000000
4.559423,1920.000000
4.618229,1920.000000
4.259809,1920.000000
4.427875,1920.000000
4.527655,1920.000000
4.251801,1920.000000
4.366540,1920.000000
4.394416,1920.000000
4.595121,1920.000000
4.491283,1920.000000
4.512660,1920.000000
4.413475,1920.000000
4.437471,1920.000000
4.565743,1920.000000
4.506357,1920.000000
4.571144,1920.000000
4.344642,1920.000000
4.369496,1920.000000
4.350006,1920.000000
4.448971,1920.000000
4.473043,1920.000000
4.531855,1920.000000
4.521585,1920.000000
4.524000,1920.000000
4.389575,1920.000000
4.400113,1920.000000
4.269181,1920.000000
4.527427,1920.000000
4.534033,1920.000000
4.527303,1920.000000
4.439249,1920.000000
4.379113,1920.000000
4.295502,1920.000000
4.228161,1920.000000
4.481790,1920.000000
4.417949,1920.000000
4.347828,1920.000000
4.480205,1920.000000
4.367438,1920.000000
4.400100,1920.000000
4.262259,1920.000000
4.317292,1920.000000
4.435692,1920.000000
4.546825,1920.000000
4.264486,1920.000000
4.198839,1920.000000
4.295492,1920.000000
4.108294,1920.000000
4.331218,1920.000000
4.372764,1920.000000
4.471750,1920.000000
4.466999,1920.000000
4.400052,1920.000000
4.206866,1920.000000
4.179693,1920.000000
4.366749,1920.000000
4.330161,1920.000000
4.306612,1920.000000
4.447297,1920.000000
4.122171,1920.000000
4.446698,1920.000000
4.280137,1920.000000
4.208174,1920.000000
4.294544,1920.000000
4.319808,1920.000000
4.121456,1920.000000
4.233501,1920.000000
4.261926,1920.000000
3.945492,1920.000000
4.267719,1920.000000
4.215105,1920.000000
4.328874,1920.000000
4.280159,1920.000000
4.442477,1920.000000
4.373850,1920.000000
4.138475,1920.000000
4.274787,1920.000000
4.293237,1920.000000
4.222461,1920.000000
4.251425,1920.000000
4.275506,1920.000000
4.325266,1920.000000
4.386891,1920.000000
4.299317,1920.000000
4.231884,1920.000000
4.333320,1920.000000
4.264272,1920.000000
4.219766,1920.000000
4.281821,1920.000000
4.173863,1920.000000
4.272935,1920.000000
4.317703,1920.000000
4.462275,1920.000000
4.307796,1920.000000
4.317644,1920.000000
4.269915,1920.000000
4.193055,1920.000000
4.322507,1920.000000
4.243512,1920.000000
4.443324,1920.000000
4.427736,1920.000000
4.210592,1920.000000
4.297825,1920.000000
4.355609,1920.000000
4.230568,1920.000000
4.289719,1920.000000
4.345720,1920.000000
4.166839,1920.000000
4.261368,1920.000000
4.369090,1920.000000
3.995827,1920.000000
4.327544,1920.000000
4.144955,1920.000000
4.400148,1920.000000
4.432296,1920.000000
4.230743,1920.000000
4.117776,1920.000000
4.309355,1920.000000
4.356547,1920.000000
4.472042,1920.000000
4.606660,1920.000000
4.243095,1920.000000
4.225591,1920.000000
4.292767,1920.000000
4.283034,1920.000000
4.315233,1920.000000
4.389017,1920.000000
4.465993,1920.000000
4.198513,1920.000000
4.165088,1920.000000
4.351773,1920.000000
4.189231,1920.000000
4.278454,1920.000000
4.285005,1920.000000
4.510649,1920.000000
4.266284,1920.000000
4.370018,1920.000000
4.297198,1920.000000
4.201531,1920.000000
4.272438,1920.000000
4.289704,1920.000000
4.242966,1920.000000
4.293432,1920.000000
4.217787,1920.000000
4.201325,1920.000000
4.326475,1920.000000
4.450242,1920.000000
4.359498,1920.000000
4.413758,1920.000000
4.238012,1920.000000
4.237193,1920.000000
4.217484,1920.000000
4.225488,1920.000000
4.428151,1920.000000
4.197886,1920.000000
4.236642,1920.000000
4.268824,1920.000000
4.344388,1920.000000
4.288601,1920.000000
4.251042,1920.000000
4.304725,1920.000000
4.215516,1920.000000
4.277276,1920.000000
4.028491,1920.000000
4.173101,1920.000000
4.094766,1920.000000
4.151211,1920.000000
4.236703,1920.000000
4.178962,1920.000000
4.252718,1920.000000
4.115462,1920.000000
4.139072,1920.000000
4.123585,1920.000000
3.783164,1920.000000
4.022376,1920.000000
4.009769,1920.000000
4.186513,1920.000000
4.124298,1920.000000
4.203333,1920.000000
3.954253,1920.000000
4.220800,1920.000000
4.094110,1920.000000
4.132778,1920.000000
4.183677,1920.000000
4.142330,1920.000000
4.106198,1920.000000
4.072371,1920.000000
4.235653,1920.000000
4.137252,1920.000000
4.204449,1920.000000
4.259109,1920.000000
4.011311,1920.000000
4.096038,1920.000000
4.153985,1920.000000
4.034541,1920.000000
4.118864,1920.000000
4.047513,1920.000000
4.239317,1920.000000
4.171117,1920.000000
4.219350,1920.000000
4.221884,1920.000000
3.987415,1920.000000
4.103635,1920.000000
4.242352,1920.000000
4.210642,1920.000000
4.215159,1920.000000
4.081489,1920.000000
4.291307,1920.000000
4.079375,1920.000000
4.127772,1920.000000
4.381156,1920.000000
4.213693,1920.000000
4.121948,1920.000000
4.314272,1920.000000
4.292046,1920.000000
4.035850,1920.000000
4.113014,1920.000000
4.055212,1920.000000
4.293294,1920.000000
4.170260,1920.000000
4.141477,1920.000000
4.137297,1920.000000
4.174597,1920.000000
4.088511,1920.000000
4.215364,1920.000000
4.227675,1920.000000
4.259023,1920.000000
4.325165,1920.000000
4.180992,1920.000000
4.258020,1920.000000
4.324759,1920.000000
4.171014,1920.000000
4.300699,1920.000000
4.175735,1920.000000
4.158433,1920.000000
4.174371,1920.000000
4.022227,1920.000000
4.155604,1920.000000
4.130874,1920.000000
4.169786,1920.000000
4.181257,1920.000000
4.270711,1920.000000
4.148121,1920.000000
4.154987,1920.000000
4.199099,1920.000000
4.228108,1920.000000
4.242274,1920.000000
4.288713,1920.000000
4.173769,1920.000000
4.319795,1920.000000
4.372152,1920.000000
4.186999,1920.000000
4.355723,1920.000000
4.260802,1920.000000
4.229603,1920.000000
4.348705,1920.000000
4.361126,1920.000000
4.219765,1920.000000
4.151936,1920.000000
4.154637,1920.000000
4.307820,1920.000000
4.251716,1920.000000
4.300436,1920.000000
4.246128,1920.000000
4.232601,1920.000000
4.273530,1920.000000
4.237631,1920.000000
4.268446,1920.000000
4.474693,1920.000000
4.320214,1920.000000
4.316100,1920.000000
4.363550,1920.000000
4.284483,1920.000000
4.375962,1920.000000
4.464578,1920.000000
4.387393,1920.000000
4.236696,1920.000000
4.522445,1920.000000
4.384675,1920.000000
4.325641,1920.000000
4.466824,1920.000000
4.558420,1920.000000
4.555735,1920.000000
4.702687,1920.000000
4.462381,1920.000000
4.479518,1920.000000
4.695535,1920.000000
4.489333,1920.000000
4.616279,1920.000000
4.539904,1920.000000
4.386203,1920.000000
4.481057,1920.000000
4.460800,1920.000000
4.453994,1920.000000
4.426815,1920.000000
4.560145,1920.000000
4.431809,1920.000000
4.355460,1920.000000
4.495239,1920.000000
4.142864,1920.000000
4.503219,1920.000000
4.220625,1920.000000
4.681201,1920.000000
4.398729,1920.000000
4.521437,1920.000000
4.396018,1920.000000
4.403166,1920.000000
4.443989,1920.000000
4.526009,1920.000000
4.436057,1920.000000
4.446060,1920.000000
4.340889,1920.000000
4.429389,1920.000000
4.490771,1920.000000
4.274707,1920.000000
4.508651,1920.000000
4.591718,1920.000000
4.385319,1920.000000
4.368975,1920.000000
4.546444,1920.000000
4.266045,1920.000000
4.239628,1920.000000
4.454559,1920.000000
4.540752,1920.000000
4.285706,1920.000000
4.443592,1920.000000
4.343807,1920.000000
4.214913,1920.000000
4.395960,1920.000000
4.428163,1920.000000
4.464546,1920.000000
4.485364,1920.000000
4.315150,1920.000000
4.492335,1920.000000
4.525694,1920.000000
4.542292,1920.000000
4.453395,1920.000000
4.620049,1920.000000
4.503542,1920.000000
4.474521,1920.000000
4.461206,1920.000000
4.310087,1920.000000
4.489090,1920.000000
4.393607,1920.000000
4.726760,1920.000000
4.533250,1920.000000
4.659802,1920.000000
4.517458,1920.000000
4.381308,1920.000000
4.492197,1920.000000
4.506634,1920.000000
4.443975,1920.000000
4.362780,1920.000000
4.409618,1920.000000
4.461086,1920.000000
4.582477,1920.000000
4.440844,1920.000000
4.472363,1920.000000
4.730634,1920.000000
4.436650,1920.000000
4.535533,1920.000000
4.403600,1920.000000
4.220521,1920.000000
4.326378,1920.000000
4.337919,1920.000000
4.468701,1920.000000
4.480543,1920.000000
4.476967,1920.000000
4.453273,1920.000000
4.392835,1920.000000
4.384063,1920.000000
4.634284,1920.000000
4.567909,1920.000000
4.534755,1920.000000
4.387672,1920.000000
4.504012,1920.000000
4.441688,1920.000000
4.598166,1920.000000
4.604905,1920.000000
4.732688,1920.000000
4.504625,1920.000000
4.615415,1920.000000
4.750173,1920.000000
4.297900,1920.000000
4.528986,1920.000000
4.567744,1920.000000
4.545428,1920.000000
4.756595,1920.000000
4.702951,1920.000000
4.574399,1920.000000
4.570170,1920.000000
4.611743,1920.000000
4.419744,1920.000000
4.540392,1920.000000
4.628723,1920.000000
4.680260,1920.000000
4.534774,1920.000000
4.577911,1920.000000
4.696396,1920.000000
4.743367,1920.000000
4.815985,1920.000000
4.479570,1920.000000
4.636540,1920.000000
4.620430,1920.000000
4.542799,1920.000000
4.636799,1920.000000
4.538955,1920.000000
4.500385,1920.000000
4.496629,1920.000000
4.625846,1920.000000
4.616818,1920.000000
4.432753,1920.000000
4.309115,1920.000000
4.625026,1920.000000
4.531010,1920.000000
4.679237,1920.000000
4.461149,1920.000000
4.508124,1920.000000
4.443672,1920.000000
4.493546,1920.000000
4.553706,1920.000000
4.666004,1920.000000
4.531311,1920.000000
4.444782,1920.000000
4.460594,1920.000000
4.180615,1920.000000
4.481431,1920.000000
4.248130,1920.000000
4.321453,1920.000000
4.542075,1920.000000
4.504640,1920.000000
4.500869,1920.000000
4.407216,1920.000000
4.606036,1920.000000
4.508661,1920.000000
4.529739,1920.000000
4.540985,1920.000000
4.398624,1920.000000
4.268818,1920.000000
4.478840,1920.000000
4.642436,1920.000000
4.487592,1920.000000
4.551636,1920.000000
4.261416,1920.000000
4.553686,1920.000000
4.337468,1920.000000
4.262516,1920.000000
4.456724,1920.000000
4.554709,1920.000000
4.407988,1920.000000
4.442756,1920.000000
4.554924,1920.000000
4.476066,1920.000000
4.361534,1920.000000
4.521834,1920.000000
4.490269,1920.000000
4.497764,1920.000000
4.415416,1920.000000
4.548143,1920.000000
4.444272,1920.000000
4.452359,1920.000000
4.534308,1920.000000
4.476535,1920.000000
4.557716,1920.000000
4.436566,1920.000000
4.410083,1920.000000
4.454081,1920.000000
4.259362,1920.000000
4.431214,1920.000000
4.408741,1920.000000
4.517542,1920.000000
4.427423,1920.000000
4.415641,1920.000000
4.349027,1920.000000
4.359564,1920.000000
4.442412,1920.000000
4.479554,1920.000000
4.432843,1920.000000
4.470866,1920.000000
4.420242,1920.000000
4.495547,1920.000000
4.281792,1920.000000
4.280754,1920.000000
4.415262,1920.000000
4.500904,1920.000000
4.267578,1920.000000
4.236927,1920.000000
4.390952,1920.000000
4.121025,1920.000000
4.391722,1920.000000
4.274389,1920.000000
4.190430,1920.000000
4.363519,1920.000000
4.378841,1920.000000
4.217311,1920.000000
4.224680,1920.000000
4.308847,1920.000000
4.207792,1920.000000
4.364876,1920.000000
4.407744,1920.000000
4.354230,1920.000000
4.327844,1920.000000
4.294231,1920.000000
4.300516,1920.000000
4.284857,1920.000000
4.363188,1920.000000
4.230115,1920.000000
4.139642,1920.000000
4.355009,1920.000000
3.992848,1920.000000
4.273053,1920.000000
4.347094,1920.000000
4.411354,1920.000000
4.421426,1920.000000
4.367475,1920.000000
4.388070,1920.000000
4.247895,1920.000000
4.301510,1920.000000
4.278052,1920.000000
4.199033,1920.000000
4.289688,1920.000000
4.273507,1920.000000
4.179425,1920.000000
4.312596,1920.000000
4.405069,1920.000000
4.272939,1920.000000
4.515096,1920.000000
4.191533,1920.000000
4.237815,1920.000000
4.171651,1920.000000
3.988327,1920.000000
4.283147,1920.000000
4.170690,1920.000000
4.408763,1920.000000
4.411553,1920.000000
4.378148,1920.000000
4.307602,1920.000000
4.226087,1920.000000
4.350433,1920.000000
4.403927,1920.000000
4.356684,1920.000000
4.458046,1920.000000
4.334422,1920.000000
4.398601,1920.000000
4.164529,1920.000000
4.239423,1920.000000
4.327588,1920.000000
4.382228,1920.000000
4.220104,1920.000000
4.183286,1920.000000
4.337621,1920.000000
4.072790,1920.000000
4.268751,1920.000000
4.168580,1920.000000
4.428898,1920.000000
4.385800,1920.000000
4.295693,1920.000000
4.106271,1920.000000
4.284911,1920.000000
4.316827,1920.000000
4.317927,1920.000000
4.524456,1920.000000
4.297218,1920.000000
4.222091,1920.000000
4.107773,1920.000000
4.301151,1920.000000
4.378380,1920.000000
4.357915,1920.000000
4.440596,1920.000000
4.419520,1920.000000
4.238274,1920.000000
4.361976,1920.000000
4.120713,1920.000000
4.285846,1920.000000
4.168283,1920.000000
4.251626,1920.000000
4.130460,1920.000000
4.519994,1920.000000
4.058163,1920.000000
4.159482,1920.000000
4.338230,1920.000000
4.371381,1920.000000
4.331043,1920.000000
4.369598,1920.000000
4.215897,1920.000000
4.191804,1920.000000
4.283747,1920.000000
4.347166,1920.000000
4.487484,1920.000000
4.512629,1920.000000
4.215762,1920.000000
4.238673,1920.000000
4.257877,1920.000000
4.191205,1920.000000
4.404108,1920.000000
4.224338,1920.000000
4.311531,1920.000000
4.173145,1920.000000
4.241746,1920.000000
4.173052,1920.000000
4.117684,1920.000000
4.381165,1920.000000
4.288956,1920.000000
4.405044,1920.000000
4.178521,1920.000000
4.206720,1920.000000
4.155662,1920.000000
4.175547,1920.000000
4.173929,1920.000000
4.145786,1920.000000
4.245470,1920.000000
4.096183,1920.000000
3.962423,1920.000000
4.109833,1920.000000
3.867972,1920.000000
3.997388,1920.000000
3.937577,1920.000000
4.164209,1920.000000
4.183079,1920.000000
4.219096,1920.000000
3.978127,1920.000000
4.032851,1920.000000
4.059943,1920.000000
4.168377,1920.000000
4.294441,1920.000000
3.967638,1920.000000
4.013169,1920.000000
4.300975,1920.000000
4.241412,1920.000000
4.049461,1920.000000
4.182557,1920.000000
4.223504,1920.000000
4.182137,1920.000000
4.058777,1920.000000
4.215890,1920.000000
3.919788,1920.000000
4.091857,1920.000000
3.819658,1920.000000
4.258320,1920.000000
4.190289,1920.000000
4.159722,1920.000000
4.057043,1920.000000
4.133152,1920.000000
4.061928,1920.000000
4.170557,1920.000000
4.118374,1920.000000
4.161584,1920.000000
4.222732,1920.000000
4.116605,1920.000000
4.281085,1920.000000
4.270266,1920.000000
4.218356,1920.000000
4.230271,1920.000000
4.257101,1920.000000
4.256173,1920.000000
4.264722,1920.000000
3.976149,1920.000000
4.180444,1920.000000
4.128021,1920.000000
4.411368,1920.000000
4.180402,1920.000000
4.160601,1920.000000
4.087566,1920.000000
4.149888,1920.000000
4.062877,1920.000000
4.204374,1920.000000
4.228031,1920.000000
4.184840,1920.000000
4.227762,1920.000000
4.239951,1920.000000
4.263777,1920.000000
4.357882,1920.000000
4.290726,1920.000000
4.328314,1920.000000
4.131769,1920.000000
4.149124,1920.000000
4.237719,1920.000000
4.066848,1920.000000
4.076262,1920.000000
4.121579,1920.000000
4.281310,1920.000000
4.221647,1920.000000
4.330219,1920.000000
4.179064,1920.000000
4.162008,1920.000000
4.182020,1920.000000
4.273203,1920.000000
4.270903,1920.000000
4.174295,1920.000000
4.186691,1920.000000
4.189369,1920.000000
4.346547,1920.000000
4.307205,1920.000000
4.473428,1920.000000
4.193843,1920.000000
4.205832,1920.000000
4.305465,1920.000000
4.340128,1920.000000
4.108531,1920.000000
4.319433,1920.000000
4.197423,1920.000000
4.380524,1920.000000
4.207621,1920.000000
4.288572,1920.000000
4.335040,1920.000000
4.276898,1920.000000
4.154336,1920.000000
4.256251,1920.000000
4.271758,1920.000000
4.356538,1920.000000
4.307363,1920.000000
4.300278,1920.000000
4.367201,1920.000000
4.519258,1920.000000
4.335355,1920.000000
4.478335,1920.000000
4.261508,1920.000000
4.306176,1920.000000
4.476386,1920.000000
4.230635,1920.000000
4.363326,1920.000000
4.397597,1920.000000
4.670148,1920.000000
4.380833,1920.000000
4.864800,1920.000000
4.460124,1920.000000
4.416394,1920.000000
4.578907,1920.000000
4.456263,1920.000000
4.525008,1920.000000
4.659497,1920.000000
4.348723,1920.000000
4.607620,1920.000000
4.399292,1920.000000
4.487371,1920.000000
4.326794,1920.000000
4.743007,1920.000000
4.384709,1920.000000
4.443173,1920.000000
4.399209,1920.000000
4.169005,1920.000000
4.427690,1920.000000
4.234219,1920.000000
4.511864,1920.000000
4.540452,1920.000000
4.468662,1920.000000
4.413999,1920.000000
4.280044,1920.000000
4.558266,1920.000000
4.473443,1920.000000
4.432802,1920.000000
4.423605,1920.000000
4.238154,1920.000000
4.445404,1920.000000
4.564823,1920.000000
4.283888,1920.000000
4.651745,1920.000000
4.537386,1920.000000
4.417636,1920.000000
4.406910,1920.000000
4.544029,1920.000000
4.259274,1920.000000
4.407960,1920.000000
4.376132,1920.000000
4.457990,1920.000000
4.242815,1920.000000
4.477205,1920.000000
4.338359,1920.000000
4.278881,1920.000000
4.407568,1920.000000
4.441230,1920.000000
4.356673,1920.000000
4.366558,1920.000000
4.389275,1920.000000
4.438977,1920.000000
4.583474,1920.000000
4.437160,1920.000000
4.454080,1920.000000
4.760903,1920.000000
4.604266,1920.000000
4.478132,1920.000000
4.396592,1920.000000
4.301994,1920.000000
4.602612,1920.000000
4.426476,1920.000000
4.681883,1920.000000
4.600902,1920.000000
4.639319,1920.000000
4.486305,1920.000000
4.362297,1920.000000
4.709613,1920.000000
4.445292,1920.000000
4.537764,1920.000000
4.496055,1920.000000
4.384899,1920.000000
4.412563,1920.000000
4.473518,1920.000000
4.506869,1920.000000
4.382106,1920.000000
4.526624,1920.000000
4.393132,1920.000000
4.533990,1920.000000
4.472925,1920.000000
4.235623,1920.000000
4.353030,1920.000000
4.481826,1920.000000
4.587654,1920.000000
4.445227,1920.000000
4.301687,1920.000000
4.430898,1920.000000
4.539997,1920.000000
4.400534,1920.000000
4.345230,1920.000000
4.489248,1920.000000
4.619181,1920.000000
4.459154,1920.000000
4.389728,1920.000000
4.439016,1920.000000
4.559519,1920.000000
4.528580,1920.000000
4.744732,1920.000000
4.583603,1920.000000
4.595162,1920.000000
4.697647,1920.000000
4.326221,1920.000000
4.534877,1920.000000
4.556139,1920.000000
4.605394,1920.000000
4.637299,1920.000000
4.779252,1920.000000
4.726498,1920.000000
4.529850,1920.000000
4.628776,1920.000000
4.678458,1920.000000
4.487420,1920.000000
4.692056,1920.000000
4.504517,1920.000000
4.596610,1920.000000
4.654714,1920.000000
4.618635,1920.000000
4.730512,1920.000000
4.708125,1920.000000
4.453618,1920.000000
4.524659,1920.000000
4.633581,1920.000000
4.479345,1920.000000
4.491309,1920.000000
4.564852,1920.000000
4.610536,1920.000000
4.741911,1920.000000
4.550809,1920.000000
4.550613,1920.000000
4.344512,1920.000000
4.591045,1920.000000
4.587137,1920.000000
4.492710,1920.000000
4.555361,1920.000000
4.509338,1920.000000
4.608628,1920.000000
4.388021,1920.000000
4.571632,1920.000000
4.498059,1920.000000
4.638180,1920.000000
4.592115,1920.000000
4.341927,1920.000000
4.362028,1920.000000
4.263283,1920.000000
4.384648,1920.000000
4.451205,1920.000000
4.406928,1920.000000
4.430395,1920.000000
4.471932,1920.000000
4.478476,1920.000000
4.370240,1920.000000
4.599567,1920.000000
4.471188,1920.000000
4.487750,1920.000000
4.562712,1920.000000
4.517071,1920.000000
4.376546,1920.000000
4.470654,1920.000000
4.458468,1920.000000
4.424499,1920.000000
4.507986,1920.000000
4.450427,1920.000000
4.447121,1920.000000
4.434046,1920.000000
4.293376,1920.000000
4.440390,1920.000000
4.561771,1920.000000
4.547947,1920.000000
4.443677,1920.000000
4.501250,1920.000000
4.392552,1920.000000
4.524221,1920.000000
4.496139,1920.000000
4.459115,1920.000000
4.527412,1920.000000
4.500777,1920.000000
4.405561,1920.000000
4.458524,1920.000000
4.505694,1920.000000
4.499548,1920.000000
4.465769,1920.000000
4.584940,1920.000000
4.412082,1920.000000
4.487446,1920.000000
4.511497,1920.000000
4.258682,1920.000000
4.457728,1920.000000
4.343922,1920.000000
4.493619,1920.000000
4.431453,1920.000000
4.527908,1920.000000
4.378990,1920.000000
4.299529,1920.000000
4.294149,1920.000000
4.448677,1920.000000
4.389217,1920.000000
4.471710,1920.000000
4.354124,1920.000000
4.460342,1920.000000
4.291587,1920.000000
4.464994,1920.000000
4.509378,1920.000000
4.392818,1920.000000
4.209979,1920.000000
4.317445,1920.000000
4.271638,1920.000000
4.097621,1920.000000
4.448060,1920.000000
4.251608,1920.000000
4.557248,1920.000000
4.367414,1920.000000
4.231279,1920.000000
4.260420,1920.000000
4.367204,1920.000000
4.283627,1920.000000
4.334011,1920.000000
4.367489,1920.000000
4.378671,1920.000000
4.273005,1920.000000
4.247876,1920.000000
4.312382,1920.000000
4.280554,1920.000000
4.434452,1920.000000
4.274773,1920.000000
4.138018,1920.000000
4.123785,1920.000000
4.230787,1920.000000
4.076217,1920.000000
4.248507,1920.000000
4.204879,1920.000000
4.380767,1920.000000
4.353401,1920.000000
4.344936,1920.000000
4.206387,1920.000000
4.211640,1920.000000
4.319039,1920.000000
4.198114,1920.000000
4.234283,1920.000000
4.385259,1920.000000
4.364491,1920.000000
4.291804,1920.000000
4.363185,1920.000000
4.442587,1920.000000
4.403413,1920.000000
4.374994,1920.000000
4.261021,1920.000000
4.295243,1920.000000
4.301875,1920.000000
4.087442,1920.000000
4.348218,1920.000000
4.286362,1920.000000
4.429311,1920.000000
4.224261,1920.000000
4.399595,1920.000000
4.382457,1920.000000
4.191963,1920.000000
4.268101,1920.000000
4.314789,1920.000000
4.318287,1920.000000
4.395036,1920.000000
4.213022,1920.000000
4.242501,1920.000000
4.251016,1920.000000
4.371724,1920.000000
4.366866,1920.000000
4.579524,1920.000000
4.168341,1920.000000
4.122564,1920.000000
4.367974,1920.000000
4.046814,1920.000000
4.299736,1920.000000
4.305242,1920.000000
4.071656,1920.000000
4.441567,1920.000000
4.386846,1920.000000
4.296015,1920.000000
4.193698,1920.000000
4.256775,1920.000000
4.323640,1920.000000
4.490768,1920.000000
4.248571,1920.000000
4.139313,1920.000000
4.330795,1920.000000
4.309356,1920.000000
4.326162,1920.000000
4.400135,1920.000000
4.354009,1920.000000
4.239080,1920.000000
4.279361,1920.000000
4.373382,1920.000000
4.155656,1920.000000
4.176903,1920.000000
4.274224,1920.000000
4.347023,1920.000000
4.333157,1920.000000
4.355754,1920.000000
4.193875,1920.000000
4.208425,1920.000000
4.293859,1920.000000
4.314396,1920.000000
4.244011,1920.000000
4.358499,1920.000000
4.202265,1920.000000
4.217999,1920.000000
4.412701,1920.000000
4.240586,1920.000000
4.303963,1920.000000
4.535647,1920.000000
4.236685,1920.000000
4.242575,1920.000000
4.470380,1920.000000
4.266201,1920.000000
4.447625,1920.000000
4.037541,1920.000000
4.448007,1920.000000
4.181864,1920.000000
4.400942,1920.000000
4.217933,1920.000000
4.164424,1920.000000
4.258721,1920.000000
4.378277,1920.000000
4.293556,1920.000000
4.031513,1920.000000
4.201594,1920.000000
4.098340,1920.000000
4.170949,1920.000000
4.099785,1920.000000
4.056244,1920.000000
4.230198,1920.000000
3.993229,1920.000000
3.993009,1920.000000
4.091944,1920.000000
3.944593,1920.000000
3.905564,1920.000000
3.861590,1920.000000
4.228131,1920.000000
4.123519,1920.000000
4.145554,1920.000000
4.124961,1920.000000
4.208766,1920.000000
4.054301,1920.000000
4.101414,1920.000000
4.191127,1920.000000
4.018709,1920.000000
4.114193,1920.000000
4.209372,1920.000000
4.235530,1920.000000
4.237155,1920.000000
4.158317,1920.000000
4.224950,1920.000000
4.163324,1920.000000
4.196825,1920.000000
4.069708,1920.000000
3.991880,1920.000000
4.098028,1920.000000
4.095786,1920.000000
4.259770,1920.000000
4.239503,1920.000000
4.261077,1920.000000
4.122354,1920.000000
4.061135,1920.000000
4.177666,1920.000000
4.155420,1920.000000
4.139770,1920.000000
4.209640,1920.000000
4.104840,1920.000000
4.284623,1920.000000
4.198633,1920.000000
4.162665,1920.000000
4.178031,1920.000000
4.199523,1920.000000
4.233822,1920.000000
4.057083,1920.000000
4.232290,1920.000000
3.979772,1920.000000
4.160788,1920.000000
4.054403,1920.000000
4.464290,1920.000000
4.255531,1920.000000
4.175921,1920.000000
4.173835,1920.000000
4.129026,1920.000000
4.071095,1920.000000
4.178513,1920.000000
4.170701,1920.000000
4.173028,1920.000000
4.296011,1920.000000
4.193403,1920.000000
4.238871,1920.000000
4.132232,1920.000000
4.266868,1920.000000
4.124040,1920.000000
4.221729,1920.000000
4.348006,1920.000000
4.303162,1920.000000
3.949972,1920.000000
4.037152,1920.000000
4.140304,1920.000000
4.352349,1920.000000
4.305191,1920.000000
4.320614,1920.000000
4.123350,1920.000000
4.105218,1920.000000
4.339321,1920.000000
4.220875,1920.000000
4.189426,1920.000000
4.229571,1920.000000
4.199955,1920.000000
4.237736,1920.000000
4.174460,1920.000000
4.358240,1920.000000
4.435412,1920.000000
4.423522,1920.000000
4.271677,1920.000000
4.239230,1920.000000
4.410614,1920.000000
4.070419,1920.000000
4.203028,1920.000000
4.225431,1920.000000
4.270716,1920.000000
4.184186,1920.000000
4.217219,1920.000000
4.252979,1920.000000
4.335310,1920.000000
4.183920,1920.000000
4.289187,1920.000000
4.141190,1920.000000
4.325820,1920.000000
4.281399,1920.000000
4.292941,1920.000000
4.354743,1920.000000
4.364982,1920.000000
4.516338,1920.000000
4.379612,1920.000000
4.328036,1920.000000
4.372934,1920.000000
4.557773,1920.000000
4.238015,1920.000000
4.474865,1920.000000
4.424167,1920.000000
4.407581,1920.000000
4.483797,1920.000000
4.693288,1920.000000
4.455901,1920.000000
4.521362,1920.000000
4.533538,1920.000000
4.578252,1920.000000
4.454783,1920.000000
4.644884,1920.000000
4.410488,1920.000000
4.541312,1920.000000
4.326104,1920.000000
4.413576,1920.000000
4.424748,1920.000000
4.588233,1920.000000
4.360256,1920.000000
4.377431,1920.000000
4.394146,1920.000000
4.273489,1920.000000
4.335189,1920.000000
4.228543,1920.000000
4.380379,1920.000000
4.442775,1920.000000
4.557183,1920.000000
4.326204,1920.000000
4.407939,1920.000000
4.489198,1920.000000
4.561748,1920.000000
4.516025,1920.000000
4.492042,1920.000000
4.345762,1920.000000
4.451028,1920.000000
4.633814,1920.000000
4.446477,1920.000000
4.551789,1920.000000
4.471572,1920.000000
4.335607,1920.000000
4.416081,1920.000000
4.293948,1920.000000
4.220861,1920.000000
4.420309,1920.000000
4.279045,1920.000000
4.611912,1920.000000
4.270813,1920.000000
113.837668,1920.000000
58.678963,1920.000000
71.240866,1920.000000
92.345547,1920.000000
75.422359,1920.000000
114.020457,1920.000000
55.840804,1920.000000
94.335355,1920.000000
96.389754,1920.000000
198.544391,1920.000000
45.443507,1920.000000
67.600525,1920.000000
94.201621,1920.000000
79.803843,1920.000000
139.612831,1920.000000
181.833291,1920.000000
97.291710,1920.000000
108.168786,1920.000000
37.322685,1920.000000
47.032001,1920.000000
51.033036,1920.000000
