2,20,0,2,4474040,1.266482
3,8,2,0,2,0.657919
3,3,11,1,2,0.322266
2,14,3,1,2,0.316316
3,1,20,1,2,0.248842
3,0,19,1,0,0.289422
2,2,2,1,0,0.216249
2,17,2,1,0,0.189212
3,6,20,1,3,0.182746
2,5,2,1,3,0.165588
2,10,2,1,3,0.128199
3,3,11,1,2,0.155303
2,20,1,1,2,0.164773
2,14,2,1,2,0.139663
2,19,1,1,2,0.123923
2,0,2,1,2,0.115380
2,11,2,1,2,0.106752
2,4,2,1,2,0.093014
2,18,1,1,2,0.090796
0,3,1,1,2,0.084939
0,2,2,1,2,0.075585
3,8,2,1,1,0.090955
2,3,2,1,1,0.091433
3,8,2,1,0,0.082865
3,8,2,1,2,0.167189
3,8,2,1,2,0.149487
2,20,2,1,2,0.087069
0,3,2,1,2,0.092583
2,8,3,1,2,0.079642
2,14,1,0,2,0.082404
3,7,20,1,0,0.078332
2,1,1,0,0,0.069907
2,12,1,0,0,0.066682
0,1,1,0,0,0.066946
2,14,3,1,0,0.083017
3,11,3,2,2,0.071533
2,9,3,1,2,0.071961
3,3,11,1,3,0.066471
3,7,1,0,3,0.069315
3,16,20,1,2,0.067758
2,20,0,2,2,0.069895
3,18,14,1,2,0.062625
3,2,3,1,3,0.059187
3,8,2,1,2,0.069482
2,11,1,0,2,0.083617
2,20,3,3,2,0.073648
3,2,3,0,3,0.070419
3,8,11,1,3,0.061922
3,3,11,1,2,0.067065
3,3,11,1,1,0.060126
3,3,11,1,2,0.065566
0,2,3,1,2,0.051702
2,14,3,0,2,0.050289
2,0,3,3,2,0.052800
2,7,3,0,2,0.057825
2,5,3,3,2,0.053186
2,6,3,0,2,0.049460
3,8,2,3,2,0.052135
2,2,3,0,2,0.059358
2,4,1,2,2,0.056792
3,2,20,0,3,0.049666
3,8,2,3,2,0.050175
3,3,11,3,2,0.048176
0,1,3,0,2,0.045785
2,3,3,3,2,0.045890
2,17,3,1,2,0.045524
3,1,7,1,2,0.050345
2,17,3,3,2,0.063302
2,12,1,0,2,0.044636
0,3,3,3,2,0.049137
0,2,1,0,2,0.042170
2,10,1,2,2,0.042007
3,16,20,1,2,0.045715
0,3,1,2,2,0.042459
0,1,3,1,2,0.038991
0,1,1,2,2,0.036116
3,8,11,2,3,0.040112
2,20,2,0,3,0.051444
2,13,3,3,3,0.050083
3,14,18,0,2,0.045824
2,20,3,2,2,0.043973
2,20,2,0,2,0.046997
2,13,3,3,2,0.048593
0,3,2,0,2,0.042377
2,2,3,2,2,0.030982
2,2,3,3,2,0.038123
3,14,18,0,2,0.033897
3,19,19,0,0,0.030622
3,7,20,2,3,0.034371
2,20,3,2,3,0.031697
3,20,2,0,2,0.038353
2,2,3,2,2,0.031066
2,11,1,0,2,0.039653
0,1,3,2,2,0.030665
3,3,11,0,2,0.032763
3,2,3,0,3,0.032789
2,11,1,0,3,0.032747
3,7,20,0,3,0.038260
2,2,1,0,3,0.030296
2,9,1,0,3,0.026656
2,5,1,0,3,0.025523
2,5,1,0,3,0.038472
2,7,1,0,3,0.030824
2,20,1,0,3,0.032205
2,9,3,3,3,0.033356
2,14,1,0,3,0.035063
2,14,3,3,3,0.033030
2,5,1,0,3,0.029961
3,8,1,0,1,0.026156
2,14,1,0,1,0.031408
2,2,3,3,1,0.029102
2,15,1,0,1,0.031686
2,13,3,3,1,0.029113
2,0,3,3,1,0.030555
0,1,1,0,1,0.024495
2,17,3,3,1,0.023985
2,17,3,3,1,0.034188
3,3,11,3,2,0.025175
2,12,3,3,2,0.023923
3,11,8,3,0,0.024813
2,5,3,3,0,0.025385
2,2,3,3,0,0.022306
2,9,3,3,0,0.028276
2,17,3,3,0,0.022747
2,17,3,3,0,0.025575
2,0,3,3,0,0.023226
2,8,3,3,0,0.023640
3,3,11,3,2,0.021870
2,3,3,3,2,0.024449
2,17,3,3,2,0.020735
3,3,2,3,2,0.020254
2,18,3,3,2,0.027263
2,17,3,3,2,0.024293
2,15,3,3,2,0.023754
2,11,3,3,2,0.023879
2,20,3,3,2,0.022731
2,20,3,3,2,0.028337
2,20,3,3,2,0.023696
2,9,3,3,2,0.026560
2,2,3,3,2,0.023418
2,8,3,3,2,0.021220
0,1,3,3,2,0.020889
3,8,11,1,3,0.019932
3,8,11,3,3,0.020948
2,11,1,0,3,0.022352
2,11,2,1,3,0.021227
2,14,2,1,3,0.019435
2,16,2,0,3,0.019946
2,18,2,0,3,0.018776
2,18,2,0,3,0.018946
2,4,3,3,3,0.022117
2,10,2,0,3,0.022155
3,11,8,3,0,0.020322
2,1,2,0,0,0.019058
2,13,3,3,0,0.019384
2,16,2,0,0,0.022338
2,19,3,3,0,0.020076
2,15,2,0,0,0.021871
3,5,19,3,2,0.019500
2,4,2,0,2,0.018540
2,0,2,0,2,0.019498
3,13,13,0,3,0.019346
2,14,2,0,3,0.018052
0,1,3,3,3,0.017897
3,8,11,0,1,0.023948
3,3,11,1,2,0.017460
2,3,3,3,2,0.021496
3,3,2,0,2,0.021780
2,13,3,3,2,0.018672
2,5,1,0,2,0.023300
2,9,2,1,2,0.016499
2,4,1,0,2,0.019739
2,0,2,1,2,0.016240
2,5,2,1,2,0.017939
0,3,2,1,2,0.015758
2,1,2,0,2,0.014873
2,1,2,0,2,0.020636
2,20,2,0,2,0.019700
2,20,3,3,2,0.019290
2,17,2,0,2,0.016412
3,1,8,3,0,0.015373
2,14,1,0,0,0.017177
2,11,3,3,0,0.017323
3,8,11,0,0,0.018831
2,8,3,3,0,0.018269
2,12,2,0,0,0.016021
2,11,3,3,0,0.017703
3,8,11,0,3,0.017584
2,3,3,3,3,0.015819
2,6,1,0,3,0.018727
2,6,3,3,3,0.019225
0,3,2,0,3,0.014085
2,6,1,0,3,0.014131
3,3,11,0,2,0.016382
2,5,3,3,2,0.015527
2,20,1,0,2,0.015988
2,19,3,3,2,0.017780
2,16,1,0,2,0.018728
3,11,7,3,2,0.016484
2,17,1,0,2,0.015523
3,1,7,0,1,0.013589
2,17,3,3,1,0.016304
2,1,1,0,1,0.014852
2,13,3,3,1,0.016807
2,16,1,0,1,0.018821
2,19,3,3,1,0.017193
3,8,1,0,0,0.018245
2,14,3,3,0,0.014514
2,14,1,0,0,0.016069
2,19,3,3,0,0.017170
3,18,14,0,0,0.017616
2,14,3,3,0,0.014516
2,14,1,0,0,0.012743
3,2,20,0,0,0.011540
2,2,1,0,0,0.015280
3,20,2,0,1,0.015940
2,2,3,3,1,0.019149
2,10,1,0,1,0.012517
2,19,3,3,1,0.015272
2,6,1,0,1,0.017422
2,13,3,3,1,0.015295
2,0,1,0,1,0.016903
0,1,3,3,1,0.014262
3,11,8,0,0,0.015433
3,11,8,0,0,0.012510
0,2,1,0,0,0.014268
2,9,1,0,0,0.012276
0,3,1,0,0,0.013085
3,18,18,1,2,0.011074
2,4,1,1,2,0.011453
2,4,1,1,2,0.016084
2,16,1,1,2,0.013128
3,3,11,3,0,0.014071
2,20,1,1,0,0.012487
3,1,12,3,2,0.013479
2,15,1,1,2,0.012085
2,2,3,3,2,0.014661
2,13,1,1,2,0.014491
2,1,3,3,2,0.011026
2,1,1,1,2,0.014584
2,1,1,1,2,0.012084
2,19,3,3,2,0.011931
2,1,1,1,2,0.014586
3,1,12,3,3,0.013832
3,8,11,1,0,0.013822
3,8,11,3,1,0.013469
3,8,11,1,0,0.014351
2,11,3,3,0,0.012398
2,0,1,1,0,0.013303
2,0,1,1,0,0.013001
2,0,1,1,0,0.012229
3,1,12,1,1,0.010915
2,1,1,1,1,0.011961
3,1,12,1,1,0.012860
2,19,3,3,1,0.011273
2,6,1,1,1,0.014176
2,19,3,3,1,0.013318
2,16,1,1,1,0.014017
2,9,3,3,1,0.013234
3,8,1,1,3,0.013393
2,15,3,3,3,0.010546
2,17,3,3,3,0.011252
2,11,3,3,3,0.012882
3,14,18,1,2,0.014230
2,7,3,3,2,0.011860
2,5,1,1,2,0.011257
2,5,1,1,2,0.011761
2,0,1,1,2,0.010492
2,0,1,1,2,0.010882
2,19,3,3,2,0.012335
3,2,3,1,3,0.013815
3,2,3,1,3,0.012038
3,2,3,3,3,0.011473
2,3,1,1,3,0.013052
2,4,1,1,3,0.010760
2,3,1,1,3,0.010322
2,14,1,1,3,0.014044
2,14,3,3,3,0.012080
0,3,1,1,3,0.011218
2,7,3,2,3,0.009476
2,1,2,2,3,0.013265
2,20,3,3,3,0.011288
3,20,2,2,1,0.012522
2,2,3,3,1,0.012475
2,17,3,2,1,0.013044
2,19,3,3,1,0.010080
2,15,1,2,1,0.013443
2,11,3,2,1,0.009518
2,11,3,3,1,0.011290
3,18,14,2,3,0.010914
2,2,3,3,3,0.011296
2,10,3,2,3,0.012717
2,13,3,3,3,0.012237
2,6,3,2,3,0.012463
2,11,3,3,3,0.011889
2,16,3,2,3,0.012423
2,19,3,3,3,0.011838
2,16,3,2,3,0.012257
2,8,3,3,3,0.010568
3,8,11,2,0,0.011857
2,8,3,3,0,0.010909
2,8,3,2,0,0.011059
2,11,3,3,0,0.011555
2,20,3,2,0,0.012157
2,4,3,3,0,0.010875
3,2,20,2,0,0.011686
3,2,20,2,0,0.008972
3,11,7,2,0,0.009764
3,11,7,2,0,0.009580
3,11,7,2,2,0.012207
2,15,1,2,2,0.008808
2,5,1,2,2,0.009219
0,3,1,2,2,0.009630
2,19,3,2,2,0.009210
2,0,3,2,2,0.009444
2,9,3,3,2,0.011640
2,10,2,2,2,0.011040
2,19,3,3,2,0.009951
2,18,2,2,2,0.011682
2,19,3,3,2,0.010795
2,16,2,2,2,0.011519
2,11,3,3,2,0.010889
2,14,2,2,2,0.011559
3,3,11,3,2,0.009463
2,3,3,3,2,0.010901
2,8,3,3,2,0.009571
2,8,3,2,2,0.009866
3,8,1,2,0,0.010807
2,1,3,2,0,0.010226
2,14,3,2,0,0.011831
2,11,3,3,0,0.009401
3,8,1,2,3,0.010435
2,8,3,2,3,0.010088
3,2,3,2,3,0.010940
3,2,3,2,3,0.011553
2,3,3,2,3,0.008783
2,3,3,3,3,0.009378
3,3,11,2,2,0.009752
0,1,3,3,2,0.009215
2,6,3,2,2,0.010754
2,19,3,3,2,0.010654
2,5,3,2,2,0.010988
2,8,3,3,2,0.009949
2,15,3,2,2,0.010416
2,13,3,3,2,0.010557
3,11,7,2,3,0.010446
3,3,11,2,2,0.009547
2,19,3,3,2,0.008867
2,9,3,2,2,0.010427
2,9,3,2,2,0.010122
3,18,14,2,0,0.008258
2,14,3,2,0,0.008250
0,2,3,2,0,0.008579
2,20,2,2,0,0.007416
2,20,3,3,0,0.010290
3,20,2,2,1,0.008300
2,2,3,3,1,0.009336
2,16,2,2,1,0.009890
2,14,3,3,1,0.009684
2,6,2,2,1,0.009377
2,6,3,3,1,0.009072
2,6,2,2,1,0.007877
2,11,3,3,1,0.010606
2,10,2,2,1,0.009945
2,19,3,3,1,0.009283
2,15,2,2,1,0.009920
2,9,3,3,1,0.009618
2,13,2,2,1,0.009500
2,3,2,2,1,0.007933
3,3,11,2,0,0.008058
2,11,2,2,0,0.008809
2,11,2,2,0,0.007821
3,3,11,2,0,0.007763
2,3,2,2,0,0.008935
0,3,2,2,0,0.007374
2,7,3,3,0,0.008456
3,8,1,3,0,0.008685
2,13,3,3,0,0.010457
2,8,1,0,0,0.009856
3,1,12,3,1,0.007734
2,1,3,3,1,0.007994
2,8,3,3,1,0.008678
3,1,12,0,1,0.010123
2,12,3,3,1,0.008232
3,1,12,3,1,0.009555
2,1,3,3,1,0.009046
2,20,2,0,1,0.009646
2,20,3,3,1,0.009008
2,18,2,0,1,0.009476
2,19,3,3,1,0.008924
2,14,2,0,1,0.009529
2,12,3,3,1,0.007610
2,0,3,3,1,0.007425
2,15,3,3,1,0.006654
2,15,3,3,1,0.006940
2,11,3,3,1,0.007407
2,1,1,0,1,0.009518
2,1,3,3,1,0.008570
2,16,2,0,1,0.009265
2,19,3,3,1,0.008735
2,2,2,0,1,0.009048
2,2,3,3,1,0.007833
2,2,3,3,1,0.008850
3,2,3,3,3,0.006942
2,3,3,3,3,0.007287
3,3,11,3,2,0.006708
3,11,7,3,2,0.006543
2,3,3,3,2,0.008433
2,15,2,0,2,0.008446
2,1,3,3,2,0.008696
2,6,2,0,2,0.008815
3,20,2,3,3,0.008443
3,20,2,0,3,0.008605
0,1,3,3,3,0.007282
2,20,2,0,3,0.008447
2,20,3,3,3,0.007301
3,18,14,0,0,0.008432
3,8,1,3,2,0.006572
3,8,1,3,2,0.008777
2,11,3,3,2,0.008983
3,1,7,0,1,0.008723
3,1,7,3,1,0.010173
3,1,7,0,1,0.009241
3,1,7,3,1,0.008394
2,1,2,0,1,0.008024
2,4,3,3,1,0.006538
2,18,3,3,1,0.006670
3,18,18,3,3,0.008209
2,18,3,3,3,0.006817
3,18,14,3,3,0.008267
3,18,14,3,3,0.007997
2,19,3,3,3,0.008943
2,14,1,0,3,0.008728
2,14,3,3,3,0.007310
2,8,2,0,3,0.008689
3,8,1,3,2,0.007932
3,8,1,3,2,0.006368
2,19,3,3,2,0.008898
2,4,2,0,2,0.008443
2,8,3,3,2,0.006802
3,8,1,0,3,0.007740
2,1,3,3,3,0.007577
3,8,1,0,3,0.008194
2,9,3,3,3,0.007715
2,1,2,0,3,0.007959
2,1,3,3,3,0.006882
2,15,2,0,3,0.008347
2,13,3,3,3,0.008064
2,5,2,0,3,0.008117
2,2,3,3,3,0.006437
2,0,2,0,3,0.006391
3,11,7,3,0,0.006277
2,0,2,0,0,0.007535
2,1,3,3,0,0.007707
3,5,19,0,3,0.008273
2,19,3,3,3,0.007267
2,19,3,3,3,0.006950
2,17,2,0,3,0.006775
2,17,3,3,3,0.007901
2,16,3,3,3,0.006185
2,9,2,0,3,0.006175
3,20,2,0,3,0.006999
3,20,2,0,1,0.007585
3,20,2,3,3,0.007652
2,16,2,0,3,0.008701
3,20,2,3,3,0.009093
3,20,2,3,1,0.006681
3,8,1,3,2,0.006901
3,3,11,0,2,0.007798
2,19,3,3,2,0.008479
3,8,1,0,2,0.009022
3,20,2,1,3,0.007043
3,20,2,0,1,0.006305
3,20,2,3,3,0.007743
2,18,2,0,3,0.007026
2,11,3,3,3,0.007856
2,10,2,0,3,0.008024
2,19,3,3,3,0.007433
2,20,2,0,3,0.007909
2,20,3,3,3,0.007938
2,16,2,0,3,0.008117
2,14,3,3,3,0.007445
3,1,12,0,1,0.007411
3,1,12,3,1,0.007138
2,1,3,3,1,0.006576
2,11,3,3,1,0.007369
2,20,2,0,1,0.007563
2,20,3,3,1,0.007572
3,2,3,0,3,0.007723
3,20,2,3,3,0.006267
0,3,2,0,3,0.006578
2,5,3,3,3,0.006075
3,20,2,3,1,0.007053
2,19,3,3,1,0.007250
2,20,1,0,1,0.008220
2,20,3,3,1,0.007253
2,6,1,0,1,0.007309
2,1,3,3,1,0.007245
2,20,1,0,1,0.007561
2,20,3,3,1,0.007072
1,0.300000
1,0.900000
1,0.300000
1,0.300000
1,0.300000
1,0.500000
1,0.300000
1,0.300000
1,0.300000
1,0.300000
1,0.300000
1,0.300000
1,0.200000
1,0.500000
1,0.200000
1,0.300000
1,0.300000
1,0.300000
1,0.200000
1,0.200000
1,0.300000
1,0.300000
1,0.300000
1,0.300000
1,0.100000
1,0.300000
1,0.100000
1,0.300000
1,0.300000
1,0.200000
1,0.300000
1,0.200000
1,0.200000
1,0.200000
1,0.300000
0,0.100000
1,0.300000
1,0.300000
1,0.400000
1,0.300000
0,0.100000
1,0.300000
1,0.300000
1,0.300000
1,0.600000
0,0.200000
1,0.400000
1,0.300000
1,0.300000
1,0.300000
1,0.300000
1,0.300000
1,0.300000
0,0.200000
1,0.300000
0,0.200000
1,0.200000
0,0.200000
1,0.300000
1,0.100000
1,0.300000
0,0.200000
0,0.200000
1,0.200000
0,0.200000
1,0.200000
1,0.400000
0,0.200000
0,0.100000
0,0.100000
0,0.100000
1,0.100000
1,0.200000
0,0.100000
1,0.200000
1,0.100000
1,0.200000
0,0.200000
1,0.600000
0,0.200000
1,0.200000
0,0.200000
1,0.600000
0,0.200000
1,0.200000
0,0.100000
1,0.100000
1,0.100000
1,0.200000
1,0.200000
1,0.100000
1,0.200000
1,0.100000
1,0.200000
1,0.100000
1,0.100000
1,0.100000
1,0.100000
1,0.100000
1,0.100000
1,0.100000
1,0.100000
1,0.100000
1,0.100000
1,0.600000
1,0.100000
1,0.600000
1,0.100000
1,0.100000
1,0.100000
1,0.600000
1,0.100000
1,0.600000
0,0.100000
1,0.100000
0,0.100000
0,0.100000
0,0.100000
0,0.100000
0,0.100000
0,0.100000
0,0.100000
0,0.100000
0,0.100000
0,0.100000
0,0.100000
0,0.100000
0,0.100000
0,0.100000
0,0.100000
0,0.100000
0,0.100000
1,0.600000
0,0.100000
0,0.100000
0,0.100000
0,0.100000
0,0.100000
1,0.600000
0,0.100000
0,0.100000
0,0.100000
1,0.100000
1,0.500000
0,0.300000
1,0.100000
1,0.100000
0,0.100000
0,0.100000
0,0.100000
1,0.500000
0,0.100000
1,0.500000
0,0.100000
1,0.500000
0,0.100000
1,0.500000
0,0.100000
1,0.500000
0,0.100000
0,0.100000
0,0.100000
0,0.100000
1,0.500000
0,0.300000
1,0.100000
1,0.500000
0,0.300000
1,0.500000
0,0.300000
1,0.100000
0,0.300000
1,0.100000
1,0.100000
1,0.100000
0,0.100000
0,0.100000
0,0.100000
1,0.500000
0,0.100000
1,0.500000
0,0.300000
1,0.500000
0,0.300000
1,0.500000
0,0.100000
1,0.500000
0,0.100000
1,0.500000
0,0.300000
1,0.500000
0,0.100000
1,0.100000
0,0.300000
1,0.500000
0,0.300000
1,0.500000
0,0.300000
1,0.500000
0,0.300000
0,0.300000
1,0.500000
0,0.300000
1,0.500000
0,0.300000
1,0.500000
0,0.300000
1,0.500000
1,0.100000
1,0.500000
0,0.300000
1,0.500000
1,0.100000
1,0.100000
0,0.300000
0,0.300000
1,0.500000
0,0.300000
1,0.500000
0,0.300000
1,0.500000
0,0.300000
1,0.500000
0,0.300000
1,0.100000
0,0.300000
1,0.100000
1,0.100000
1,0.100000
1,0.100000
1,0.100000
1,0.100000
1,0.500000
1,0.100000
1,0.500000
1,0.100000
1,0.500000
1,0.100000
1,0.500000
1,0.100000
1,0.100000
1,0.500000
1,0.100000
1,0.500000
1,0.100000
1,0.500000
1,0.100000
1,0.500000
1,0.100000
1,0.100000
1,0.100000
1,0.100000
1,0.100000
1,0.100000
1,0.500000
1,0.100000
1,0.500000
1,0.100000
1,0.500000
1,0.100000
1,0.500000
1,0.500000
1,0.500000
1,0.100000
1,0.500000
1,0.100000
1,0.100000
1,0.100000
1,0.100000
1,0.500000
1,0.100000
1,0.100000
1,0.500000
1,0.100000
1,0.100000
1,0.100000
1,0.100000
1,0.500000
1,0.100000
0,0.100000
0,0.100000
1,0.500000
0,0.100000
1,0.500000
0,0.100000
1,0.500000
0,0.200000
0,0.100000
1,0.500000
0,0.100000
1,0.500000
0,0.100000
1,0.500000
0,0.100000
1,0.500000
0,0.100000
1,0.500000
0,0.100000
1,0.500000
0,0.200000
1,0.500000
0,0.100000
1,0.500000
0,0.100000
1,0.500000
0,0.100000
0,0.100000
0,0.100000
0,0.100000
0,0.200000
0,0.100000
0,0.100000
0,0.100000
0,0.100000
0,0.100000
1,0.500000
0,0.100000
1,0.500000
0,0.100000
1,0.500000
0,0.100000
1,0.500000
0,0.100000
1,0.500000
1,0.500000
1,0.500000
0,0.100000
0,0.100000
0,0.100000
0,0.100000
1,0.500000
0,0.100000
0,0.100000
0,0.100000
0,0.100000
0,0.100000
1,0.500000
0,0.100000
1,0.500000
0,0.100000
1,0.500000
0,0.100000
1,0.500000
0,0.100000
1,0.500000
0,0.100000
0,0.100000
1,0.500000
0,0.100000
0,0.100000
0,0.100000
0,0.100000
0,0.100000
0,0.100000
1,0.500000
0,0.100000
1,0.500000
0,0.100000
1,0.500000
0,0.100000
1,0.500000
0,0.100000
1,0.500000
0,0.100000
1,0.500000
0,0.100000
1,0.500000
0,0.100000
0,0.100000
0,0.100000
0,0.100000
0,0.100000
0,0.100000
0,0.100000
0,0.100000
1,0.500000
0,0.100000
1,0.500000
0,0.300000
0,0.100000
0,0.100000
1,0.500000
0,0.200000
1,0.500000
0,0.100000
0,0.100000
0,0.200000
1,0.500000
0,0.200000
1,0.500000
0,0.200000
1,0.500000
0,0.100000
0,0.100000
1,0.500000
1,0.500000
0,0.300000
1,0.500000
0,0.200000
1,0.500000
0,0.200000
1,0.500000
0,0.100000
0,0.100000
0,0.100000
0,0.100000
0,0.100000
1,0.500000
0,0.200000
1,0.500000
0,0.200000
1,0.500000
0,0.200000
1,0.500000
0,0.200000
0,0.100000
0,0.200000
0,0.100000
0,0.100000
1,0.500000
0,0.200000
0,0.100000
0,0.200000
0,0.100000
0,0.200000
0,0.100000
0,0.100000
0,0.100000
0,0.100000
0,0.100000
0,0.100000
1,0.500000
0,0.300000
0,0.100000
0,0.200000
0,0.100000
0,0.100000
1,0.500000
0,0.200000
0,0.100000
0,0.200000
0,0.100000
0,0.200000
1,0.500000
0,0.200000
0,0.100000
0,0.200000
1,0.500000
0,0.200000
0,0.100000
0,0.200000
0,0.100000
0,0.200000
1,0.500000
0,0.200000
0,0.100000
0,0.100000
0,0.200000
0,0.100000
0,0.100000
0,0.200000
0,0.200000
0,0.200000
0,0.100000
0,0.200000
1,0.500000
0,0.100000
1,0.500000
0,0.200000
1,0.500000
0,0.200000
1,0.500000
0,0.200000
1,0.500000
0,0.200000
1,0.500000
0,0.200000
1,0.500000
0,0.200000
1,0.500000
0,0.200000
1,0.500000
0,0.200000
0,0.100000
0,0.100000
1,0.500000
0,0.200000
1,0.500000
0,0.200000
0,0.100000
0,0.200000
0,0.100000
0,0.100000
1,0.500000
0,0.300000
1,0.500000
0,0.300000
1,0.500000
0,0.300000
1,0.500000
1,3.509038
0,1.031039
0,1.230157
1,2.694107
1,2.802603
0,1.331589
0,1.188877
1,2.819304
1,2.819304
1,1.530157
1,1.530157
1,1.530157
1,1.369344
0,3.546606
1,1.389485
1,1.439485
0,1.276510
0,1.148293
1,1.389485
0,1.302764
1,1.631620
1,1.060332
0,1.177317
0,1.154565
1,1.031039
1,1.381039
0,1.358279
1,1.575929
0,1.847445
1,1.575929
0,1.847445
1,1.575929
1,1.251364
1,1.389485
1,1.356826
1,1.575929
1,1.031039
1,1.251364
1,1.772123
1,1.492562
0,1.151364
1,1.389485
0,1.138877
1,1.031039
1,1.438877
0,1.352133
1,1.438877
0,1.352133
1,1.230157
0,1.130620
0,1.380157
1,1.230157
1,1.230157
1,1.230157
1,1.502133
1,1.031039
1,1.230157
1,1.031039
0,1.131039
1,1.230157
1,2.438938
0,1.131039
1,1.230157
1,1.885247
0,1.238877
1,1.502133
1,1.885247
0,1.742562
1,1.502133
0,1.742562
0,1.742562
0,1.742562
0,1.742562
1,1.502133
1,1.502133
1,1.502133
1,1.502133
1,1.553132
1,6.252499
1,1.231962
1,1.500744
1,1.703132
1,1.686151
1,1.703132
0,3.573497
0,1.238877
0,1.481962
0,3.573497
1,1.703132
0,1.376510
1,2.257001
0,1.376510
0,1.903132
1,1.230157
1,1.230157
0,1.238877
1,1.655579
0,1.903132
1,1.655579
0,1.408279
1,1.655579
1,1.655579
1,1.655579
1,1.306826
1,1.655579
1,1.306826
1,1.655579
1,1.281962
1,1.655579
1,1.306826
1,1.832975
1,1.306826
1,1.832975
1,1.306826
1,1.832975
0,1.430157
1,1.832975
0,1.430157
1,1.608084
0,1.452932
1,1.552932
1,1.489687
1,1.306826
1,1.230157
1,1.552932
1,1.552932
1,1.306826
1,1.230157
0,1.188877
1,1.306826
1,1.500744
1,1.306826
1,1.451169
1,1.050744
1,1.693488
1,1.102120
1,1.552932
0,2.550892
1,1.552932
1,1.102120
1,1.693488
0,1.402133
0,1.402133
1,1.502133
1,1.102120
0,5.563580
0,5.563580
1,1.306826
0,5.563580
1,1.482975
1,1.552932
0,1.452133
1,1.552932
0,1.452133
1,1.489687
1,1.102120
1,1.489687
1,1.102120
1,1.489687
1,1.482975
1,1.482975
1,1.482975
1,1.230157
1,1.230157
0,1.458279
1,1.230157
1,1.608084
1,1.050744
1,1.608084
1,1.102120
1,1.608084
1,1.306826
1,1.608084
0,1.430157
1,1.608084
0,1.330157
1,1.608084
1,1.102120
1,1.608084
0,1.430157
1,1.693488
0,1.430157
1,1.608084
1,1.102120
1,1.608084
1,1.306826
1,1.608084
1,1.152133
1,1.608084
1,1.306826
1,1.608084
0,1.330157
0,1.330157
0,1.430157
1,1.608084
1,1.306826
1,1.608084
1,1.306826
1,1.608084
0,1.740154
0,1.640615
1,1.486151
0,1.740154
0,1.258150
0,1.740154
0,1.258150
0,1.740154
0,1.258150
1,1.306826
0,1.258150
1,1.306826
0,1.258150
0,1.502932
1,2.400934
0,1.502932
0,2.550892
0,1.258150
0,1.502932
1,1.685396
0,1.502932
1,1.685396
0,1.502932
1,1.685396
0,1.502932
1,1.552932
1,1.102120
1,1.486151
1,1.486151
0,5.692337
1,1.386151
1,1.386151
1,1.102120
1,1.486151
0,1.452120
1,1.685396
0,1.452120
1,1.438877
0,1.452120
0,1.285396
1,1.418301
1,1.230157
1,1.438877
0,1.452120
0,1.258150
0,1.452120
1,1.508279
1,1.102120
1,1.418301
0,2.450934
1,1.418301
1,1.418301
1,1.418301
0,1.368301
0,1.768301
1,1.438877
0,1.760828
1,1.438877
0,1.760828
1,1.438877
0,1.760828
0,1.188877
1,1.230157
1,1.438877
1,1.231962
1,1.438877
1,1.230157
1,1.230157
1,1.230157
1,1.230157
1,1.438877
1,1.038877
0,1.188877
1,1.438877
1,1.230157
1,1.440154
0,1.376510
0,1.719344
1,1.440154
0,1.376510
0,1.376510
0,1.719344
1,2.638892
1,2.250892
1,1.502120
0,1.719344
1,1.502120
0,1.719344
1,1.230157
0,1.376510
0,1.719344
1,2.638892
0,2.450934
1,2.638892
0,2.450934
1,2.638892
0,2.450934
1,2.638892
0,2.450934
1,2.638892
1,1.102120
0,1.376510
0,1.376510
1,2.638892
0,2.450934
1,2.638892
0,2.450934
1,2.400934
0,1.376510
1,1.576510
1,1.208084
1,1.556826
0,2.338892
1,1.569344
0,2.338892
0,1.481487
1,2.638892
0,1.481487
1,1.569344
0,1.481487
1,2.638892
0,1.481487
1,2.638892
0,1.481487
1,1.230157
1,1.468301
1,1.138877
0,1.408084
1,1.440154
1,1.138877
1,1.410828
1,1.556826
1,1.410828
1,1.138877
1,1.138877
0,1.188877
1,1.230157
1,1.569344
0,1.580157
1,2.638892
0,1.481487
1,2.638892
0,1.481487
1,2.638892
1,1.230157
1,2.638892
0,1.481487
1,1.230157
1,1.569344
0,1.740615
1,1.556826
1,1.556826
0,2.338892
0,1.408084
0,2.338892
1,1.388877
1,2.150892
1,1.388877
0,1.740615
1,1.388877
0,1.740615
1,1.388877
1,1.418301
1,1.388877
0,1.740615
1,1.388877
0,1.740615
1,1.388877
0,1.740615
1,1.388877
1,1.386151
0,1.408084
1,1.230157
0,1.186151
1,1.138877
1,1.468301
1,1.388877
0,1.740154
1,1.388877
0,1.740615
1,1.468301
0,1.368301
1,1.388877
0,1.768301
1,1.388877
1,1.418301
0,1.368301
0,1.740615
1,1.388877
0,1.740615
1,1.388877
0,1.740615
1,1.388877
1,1.388877
1,1.388877
0,1.408084
1,1.388877
0,1.740615
1,1.388877
0,1.740615
1,1.388877
0,1.740615
1,1.388877
0,1.408084
1,1.138877
0,1.188877
1,1.230157
0,1.408084
1,2.638892
0,1.740615
1,2.638892
0,1.756826
1,2.638892
0,2.538892
1,1.636455
0,1.756826
1,1.636455
0,1.756826
1,1.636455
0,1.786455
1,1.576510
0,1.740615
1,1.690615
0,1.740615
1,1.690615
0,1.740615
1,1.536455
1,1.536455
1,6.152499
1,1.536455
1,1.569344
0,1.719344
1,2.638892
0,1.740615
1,1.536455
0,1.740615
1,1.536455
0,1.786455
1,1.576510
0,1.740615
1,1.576510
1,1.410828
0,1.510828
0,1.760828
1,1.636455
0,1.740615
1,1.576510
1,1.200790
1,1.576510
0,1.718301
1,1.636455
0,1.188877
1,1.576510
1,1.200790
1,1.636455
1,1.200790
1,1.636455
1,1.636455
0,1.288877
0,1.188877
0,1.188877
0,1.376510
0,2.338892
1,2.300892
1,2.638892
0,1.718301
0,2.288892
1,2.300892
1,1.636455
0,1.580157
0,2.188892
0,1.786455
0,2.188892
1,2.150892
1,2.638892
0,1.718301
1,1.388877
0,1.718301
1,1.388877
0,1.718301
1,1.388877
0,1.718301
1,1.388877
0,1.718301
1,1.468301
0,1.368301
1,1.636455
1,1.038877
1,1.636455
1,1.038877
0,2.188892
1,1.158084
1,1.386151
0,2.550892
1,1.386151
1,2.250892
1,1.388877
1,1.158084
1,1.388877
1,1.158084
1,1.386151
0,0
1,4
0,4
0,5
1,2
1,2
1,1
1,4
1,3
1,4
1,0
0,1
0,1
0,1
1,0
1,3
1,2
1,2
0,0
1,3
0,1
0,1
1,4
0,1
0,1
1,8
0,1
1,4
1,1
1,5
0,8
0,0
1,2
1,4
0,8
1,5
0,8
1,4
1,5
1,2
1,0
1,2
1,4
1,4
1,6
0,2
1,5
1,2
1,2
1,4
1,2
1,2
1,5
1,2
1,4
1,2
1,2
1,0
1,4
1,0
1,1
1,2
0,4
1,1
1,2
0,4
1,1
1,2
1,4
1,1
1,1
1,1
0,2
1,4
1,1
0,1
1,6
0,2
1,8
0,2
1,0
0,1
1,8
0,2
0,1
1,2
0,2
1,1
0,2
1,0
0,1
1,6
1,0
1,5
0,2
1,4
1,4
0,2
0,1
0,7
0,4
1,3
1,5
0,2
0,0
0,8
1,5
0,4
1,6
0,7
1,7
1,1
1,6
1,1
0,0
0,4
1,5
0,1
1,5
1,3
1,3
1,6
1,4
0,4
1,3
1,6
1,2
0,1
1,3
0,4
1,5
0,2
1,6
1,2
1,4
0,2
1,0
0,1
0,0
1,0
0,1
0,3
1,0
1,5
0,2
1,1
1,5
1,2
1,0
0,1
1,6
0,3
1,8
0,3
1,8
0,7
1,7
1,1
1,8
0,2
0,3
0,4
0,4
1,8
1,1
1,5
1,6
1,1
1,8
1,1
0,1
1,0
1,5
0,4
1,6
0,1
1,2
0,1
1,0
1,2
1,6
1,1
1,5
0,2
1,4
1,1
1,3
0,4
1,7
0,4
1,2
0,4
0,0
0,2
1,6
0,2
1,7
1,0
1,8
0,4
1,5
1,5
0,3
1,8
0,7
1,8
0,4
1,5
0,6
1,8
0,4
1,5
0,4
0,6
1,2
0,2
0,1
0,2
1,8
0,4
1,8
0,8
1,7
0,8
0,6
0,6
0,6
1,2
1,0
0,2
1,3
0,6
1,7
0,1
1,7
1,1
1,7
1,0
1,2
0,1
1,0
1,8
0,3
1,2
1,0
0,5
1,1
1,4
1,1
0,3
1,4
0,5
1,2
0,5
1,8
0,5
1,8
0,8
0,0
0,3
0,5
0,4
1,8
0,3
0,1
0,4
1,3
0,3
1,2
1,8
1,1
0,2
1,6
0,4
0,2
1,6
0,7
1,5
1,4
1,6
0,3
1,0
0,1
1,5
1,1
1,8
1,3
0,2
1,3
0,4
1,7
0,4
1,8
0,5
1,8
0,8
1,8
1,0
1,8
0,2
1,4
0,5
1,8
0,2
1,6
1,0
0,0
0,4
0,0
0,3
0,5
0,4
0,1
0,0
0,8
0,1
0,3
1,8
0,3
1,8
0,8
1,8
0,6
0,1
1,3
0,1
1,2
0,4
1,2
1,1
1,3
0,4
1,4
0,4
1,2
0,4
1,6
0,5
1,8
0,5
1,8
1,0
1,8
1,0
1,8
1,0
0,7
1,8
0,7
1,4
0,3
1,5
0,8
0,1
1,0
0,1
1,7
0,8
0,0
0,4
1,2
0,3
1,8
0,4
1,8
1,0
0,0
0,4
1,3
0,3
1,1
0,2
0,3
0,4
0,1
0,1
0,5
1,8
0,5
0,3
1,0
1,8
0,2
1,4
0,3
1,2
0,2
1,4
0,3
1,8
0,8
1,3
0,3
0,5
1,4
1,8
0,4
1,7
0,8
1,8
1,0
0,1
1,2
1,2
1,3
1,2
0,2
1,8
1,0
1,8
0,5
1,8
1,2
0,1
0,1
1,4
1,0
0,1
1,0
1,8
1,0
0,2
1,0
1,0
1,0
0,2
1,0
1,3
1,0
1,3
0,4
1,8
1,1
0,0
1,0
1,3
0,4
1,8
1,0
1,4
1,2
1,2
0,3
0,1
0,3
1,7
1,0
1,8
1,1
0,1
1,2
0,2
0,8
1,8
0,3
1,1
0,0
0,4
1,3
0,2
0,6
0,4
0,4
0,2
1,0
1,8
0,2
1,8
1,2
1,8
0,3
1,8
1,2
1,8
0,3
1,8
0,4
1,8
0,3
1,4
0,8
0,0
1,0
0,2
1,0
1,8
0,3
1,4
1,0
0,2
0,2
0,2
0,6
1,8
0,2
1,4
0,5
1,8
0,3
1,4
4.523449,1920.000000
4.410063,1920.000000
4.369246,1920.000000
4.437750,1920.000000
4.243902,1920.000000
4.459165,1920.000000
4.463694,1920.000000
4.372055,1920.000000
4.474180,1920.000000
4.439204,1920.000000
4.401631,1920.000000
4.363781,1920.000000
4.448979,1920.000000
4.365210,1920.000000
4.432441,1920.000000
4.398155,1920.000000
4.545505,1920.000000
4.364836,1920.000000
4.405244,1920.000000
4.345580,1920.000000
4.405439,1920.000000
4.466478,1920.000000
4.396292,1920.000000
4.426003,1920.000000
4.377450,1920.000000
4.253529,1920.000000
4.408336,1920.000000
4.339403,1920.000000
4.370773,1920.000000
4.365931,1920.000000
4.313290,1920.000000
4.336773,1920.000000
4.285838,1920.000000
4.438274,1920.000000
4.408000,1920.000000
4.329464,1920.000000
4.364504,1920.000000
4.251587,1920.000000
4.151826,1920.000000
4.303529,1920.000000
4.330984,1920.000000
4.303823,1920.000000
4.293313,1920.000000
4.221760,1920.000000
4.285998,1920.000000
4.323269,1920.000000
4.222878,1920.000000
4.326322,1920.000000
4.250149,1920.000000
4.316881,1920.000000
4.304910,1920.000000
4.210880,1920.000000
4.316618,1920.000000
4.228645,1920.000000
4.329678,1920.000000
4.308346,1920.000000
4.120909,1920.000000
4.347436,1920.000000
4.396351,1920.000000
4.265861,1920.000000
4.317810,1920.000000
4.279009,1920.000000
4.261110,1920.000000
4.384958,1920.000000
4.308732,1920.000000
4.360043,1920.000000
4.315469,1920.000000
4.311849,1920.000000
4.308571,1920.000000
4.265309,1920.000000
4.326386,1920.000000
4.256160,1920.000000
4.241698,1920.000000
4.198360,1920.000000
4.244983,1920.000000
4.305485,1920.000000
4.358856,1920.000000
4.188841,1920.000000
4.276465,1920.000000
4.261149,1920.000000
4.221977,1920.000000
4.240679,1920.000000
4.182342,1920.000000
4.261520,1920.000000
4.329337,1920.000000
4.266792,1920.000000
4.235279,1920.000000
4.226061,1920.000000
4.128977,1920.000000
4.167683,1920.000000
4.289349,1920.000000
4.241352,1920.000000
4.154101,1920.000000
4.179700,1920.000000
4.204019,1920.000000
4.191089,1920.000000
4.344613,1920.000000
4.285495,1920.000000
4.163174,1920.000000
4.202315,1920.000000
4.205604,1920.000000
4.212348,1920.000000
4.200568,1920.000000
4.243830,1920.000000
4.192270,1920.000000
4.354192,1920.000000
4.181270,1920.000000
4.252068,1920.000000
4.169901,1920.000000
3.964653,1920.000000
4.083834,1920.000000
4.254407,1920.000000
4.187297,1920.000000
4.211899,1920.000000
4.140021,1920.000000
4.233235,1920.000000
4.145055,1920.000000
4.279185,1920.000000
4.273357,1920.000000
4.116880,1920.000000
4.261407,1920.000000
4.193400,1920.000000
4.328585,1920.000000
4.176445,1920.000000
4.206654,1920.000000
4.300291,1920.000000
4.459305,1920.000000
4.377402,1920.000000
4.309933,1920.000000
4.341411,1920.000000
4.078748,1920.000000
4.282567,1920.000000
4.229092,1920.000000
4.344811,1920.000000
4.273907,1920.000000
4.236447,1920.000000
4.140953,1920.000000
4.194099,1920.000000
4.274823,1920.000000
4.208087,1920.000000
4.319586,1920.000000
4.210535,1920.000000
4.157230,1920.000000
4.169313,1920.000000
4.229136,1920.000000
4.104934,1920.000000
4.156403,1920.000000
4.316145,1920.000000
4.093197,1920.000000
4.366820,1920.000000
4.234613,1920.000000
4.140072,1920.000000
4.315498,1920.000000
4.274629,1920.000000
4.268084,1920.000000
4.341376,1920.000000
4.284657,1920.000000
4.327231,1920.000000
4.111221,1920.000000
4.328281,1920.000000
4.248824,1920.000000
4.163963,1920.000000
4.375489,1920.000000
4.393935,1920.000000
4.218890,1920.000000
4.239082,1920.000000
4.249580,1920.000000
4.291070,1920.000000
4.359916,1920.000000
4.219801,1920.000000
4.211689,1920.000000
4.152098,1920.000000
4.144445,1920.000000
4.209257,1920.000000
4.226523,1920.000000
4.313217,1920.000000
4.117576,1920.000000
4.165866,1920.000000
4.138243,1920.000000
4.217023,1920.000000
4.243302,1920.000000
4.272574,1920.000000
4.063564,1920.000000
4.280385,1920.000000
4.253849,1920.000000
4.076444,1920.000000
4.099538,1920.000000
4.227415,1920.000000
4.244733,1920.000000
4.323702,1920.000000
4.244135,1920.000000
4.286920,1920.000000
4.256379,1920.000000
4.120665,1920.000000
4.199014,1920.000000
4.290755,1920.000000
4.191110,1920.000000
4.221960,1920.000000
4.245647,1920.000000
4.212648,1920.000000
4.294978,1920.000000
4.395324,1920.000000
4.340211,1920.000000
4.237604,1920.000000
4.203304,1920.000000
4.318699,1920.000000
4.373614,1920.000000
4.470883,1920.000000
4.355228,1920.000000
4.384379,1920.000000
4.413417,1920.000000
4.298529,1920.000000
4.413714,1920.000000
4.354899,1920.000000
4.335233,1920.000000
4.350039,1920.000000
4.398224,1920.000000
4.444731,1920.000000
4.602219,1920.000000
4.273213,1920.000000
4.352214,1920.000000
4.352047,1920.000000
4.434785,1920.000000
4.343393,1920.000000
4.354177,1920.000000
4.305976,1920.000000
4.380244,1920.000000
4.316062,1920.000000
4.349687,1920.000000
4.228412,1920.000000
4.330455,1920.000000
4.449874,1920.000000
4.240584,1920.000000
4.347386,1920.000000
4.326633,1920.000000
4.273798,1920.000000
4.374546,1920.000000
4.288463,1920.000000
4.437910,1920.000000
4.375497,1920.000000
4.461775,1920.000000
4.486160,1920.000000
4.536115,1920.000000
4.462192,1920.000000
4.489976,1920.000000
4.356868,1920.000000
4.466302,1920.000000
4.463759,1920.000000
4.489973,1920.000000
4.470027,1920.000000
4.545995,1920.000000
4.417950,1920.000000
4.572855,1920.000000
4.531153,1920.000000
4.571980,1920.000000
4.459912,1920.000000
4.344138,1920.000000
4.370981,1920.000000
4.484581,1920.000000
4.466405,1920.000000
4.433837,1920.000000
4.512810,1920.000000
4.472488,1920.000000
4.532705,1920.000000
4.685808,1920.000000
4.345341,1920.000000
4.352087,1920.000000
4.535534,1920.000000
4.442258,1920.000000
4.374258,1920.000000
4.339863,1920.000000
4.312601,1920.000000
4.254928,1920.000000
4.542124,1920.000000
4.372948,1920.000000
4.393187,1920.000000
4.495974,1920.000000
4.340406,1920.000000
4.415011,1920.000000
4.464768,1920.000000
4.388920,1920.000000
4.410616,1920.000000
4.468726,1920.000000
4.355904,1920.000000
4.478891,1920.000000
4.561142,1920.000000
4.469198,1920.000000
4.472835,1920.000000
4.494796,1920.000000
4.396988,1920.000000
4.463183,1920.000000
4.394632,1920.000000
4.340797,1920.000000
4.409188,1920.000000
4.501808,1920.000000
4.349408,1920.000000
4.342328,1920.000000
4.406916,1920.000000
4.215985,1920.000000
4.217441,1920.000000
4.378738,1920.000000
4.468601,1920.000000
4.249366,1920.000000
4.262385,1920.000000
4.167073,1920.000000
4.270232,1920.000000
4.338833,1920.000000
4.344476,1920.000000
4.300849,1920.000000
4.502466,1920.000000
4.480486,1920.000000
4.428168,1920.000000
4.237261,1920.000000
4.295469,1920.000000
4.330692,1920.000000
4.445298,1920.000000
4.501154,1920.000000
4.444113,1920.000000
4.418222,1920.000000
4.262954,1920.000000
4.413060,1920.000000
4.321263,1920.000000
4.419653,1920.000000
4.432002,1920.000000
4.297058,1920.000000
4.301677,1920.000000
4.321002,1920.000000
4.424044,1920.000000
4.371725,1920.000000
4.417604,1920.000000
4.394518,1920.000000
4.486381,1920.000000
4.344310,1920.000000
4.475314,1920.000000
4.458777,1920.000000
4.302733,1920.000000
4.505204,1920.000000
4.347199,1920.000000
4.470010,1920.000000
4.391424,1920.000000
4.346434,1920.000000
4.424827,1920.000000
4.377177,1920.000000
4.468976,1920.000000
4.508209,1920.000000
4.502259,1920.000000
4.378426,1920.000000
4.382887,1920.000000
4.547143,1920.000000
4.543648,1920.000000
4.335710,1920.000000
4.263157,1920.000000
4.555374,1920.000000
4.393363,1920.000000
4.493257,1920.000000
4.402522,1920.000000
4.379061,1920.000000
4.542875,1920.000000
4.489917,1920.000000
4.542688,1920.000000
4.506391,1920.000000
4.392574,1920.000000
4.497019,1920.000000
4.478389,1920.000000
4.573926,1920.000000
4.541532,1920.000000
4.381340,1920.000000
4.482049,1920.000000
4.337494,1920.000000
4.540080,1920.000000
4.544495,1920.000000
4.337796,1920.000000
4.529253,1920.000000
4.559222,1920.000000
4.497669,1920.000000
4.421823,1920.000000
4.523032,1920.000000
4.444271,1920.000000
4.710224,1920.000000
4.402256,1920.000000
4.503232,1920.000000
4.404475,1920.000000
4.415133,1920.000000
4.412494,1920.000000
4.578204,1920.000000
4.451441,1920.000000
4.559259,1920.000000
4.306690,1920.000000
4.547302,1920.000000
4.399828,1920.000000
4.641341,1920.000000
4.472412,1920.000000
4.575226,1920.000000
4.569417,1920.000000
4.614340,1920.000000
4.480347,1920.000000
4.403874,1920.000000
4.489235,1920.000000
4.544885,1920.000000
4.558816,1920.000000
4.482147,1920.000000
4.516200,1920.000000
4.441239,1920.000000
4.413066,1920.000000
4.393798,1920.000000
4.497768,1920.000000
4.527017,1920.000000
4.496762,1920.000000
4.464591,1920.000000
4.406794,1920.000000
4.306294,1920.000000
4.637845,1920.000000
4.514558,1920.000000
4.310654,1920.000000
4.558815,1920.000000
4.411060,1920.000000
4.433498,1920.000000
4.626491,1920.000000
4.505839,1920.000000
4.512444,1920.000000
4.522976,1920.000000
4.488728,1920.000000
4.483237,1920.000000
4.523581,1920.000000
4.297258,1920.000000
4.357759,1920.000000
4.457176,1920.000000
4.332636,1920.000000
4.502804,1920.000000
4.257058,1920.000000
4.280138,1920.000000
4.429720,1920.000000
4.476451,1920.000000
4.338587,1920.000000
4.407785,1920.000000
4.314649,1920.000000
4.428826,1920.000000
4.364699,1920.000000
4.420510,1920.000000
4.446584,1920.000000
4.425825,1920.000000
4.493136,1920.000000
4.376133,1920.000000
4.396900,1920.000000
4.299518,1920.000000
4.360558,1920.000000
4.406996,1920.000000
4.494273,1920.000000
4.458225,1920.000000
4.509803,1920.000000
4.410546,1920.000000
4.325985,1920.000000
4.426234,1920.000000
4.379823,1920.000000
4.495966,1920.000000
4.425014,1920.000000
4.502568,1920.000000
4.341531,1920.000000
4.433830,1920.000000
4.361072,1920.000000
4.394578,1920.000000
4.378340,1920.000000
4.411472,1920.000000
4.460726,1920.000000
4.471612,1920.000000
4.400265,1920.000000
4.295717,1920.000000
4.428086,1920.000000
4.351930,1920.000000
4.347165,1920.000000
4.299924,1920.000000
4.386410,1920.000000
4.310443,1920.000000
4.319205,1920.000000
4.354612,1920.000000
4.456494,1920.000000
4.194657,1920.000000
4.310334,1920.000000
4.437592,1920.000000
4.211876,1920.000000
4.300502,1920.000000
4.265105,1920.000000
4.225804,1920.000000
4.374747,1920.000000
4.335412,1920.000000
4.346168,1920.000000
4.289155,1920.000000
4.356861,1920.000000
4.275507,1920.000000
4.165739,1920.000000
4.304510,1920.000000
4.319414,1920.000000
4.339092,1920.000000
4.243291,1920.000000
4.287628,1920.000000
4.439091,1920.000000
4.360320,1920.000000
4.289593,1920.000000
4.392162,1920.000000
4.448235,1920.000000
4.320266,1920.000000
4.256636,1920.000000
4.334200,1920.000000
4.365418,1920.000000
4.466029,1920.000000
4.212770,1920.000000
4.293345,1920.000000
4.258319,1920.000000
4.226447,1920.000000
4.250241,1920.000000
4.331637,1920.000000
4.222136,1920.000000
4.321295,1920.000000
4.260872,1920.000000
4.226363,1920.000000
4.228047,1920.000000
4.340682,1920.000000
4.280656,1920.000000
4.271707,1920.000000
4.360718,1920.000000
4.321548,1920.000000
4.279569,1920.000000
4.244550,1920.000000
4.274825,1920.000000
4.225870,1920.000000
4.295324,1920.000000
4.303038,1920.000000
4.273952,1920.000000
4.166754,1920.000000
4.093938,1920.000000
4.300776,1920.000000
4.259358,1920.000000
4.239740,1920.000000
4.209603,1920.000000
4.239685,1920.000000
4.182930,1920.000000
4.188472,1920.000000
4.357081,1920.000000
4.311879,1920.000000
4.189533,1920.000000
4.271859,1920.000000
4.225539,1920.000000
4.198449,1920.000000
4.168630,1920.000000
4.191842,1920.000000
4.293087,1920.000000
4.250678,1920.000000
4.146596,1920.000000
4.067961,1920.000000
4.160095,1920.000000
3.930607,1920.000000
4.233931,1920.000000
4.298326,1920.000000
4.197895,1920.000000
4.119275,1920.000000
4.142591,1920.000000
4.191526,1920.000000
4.130103,1920.000000
4.174923,1920.000000
4.250551,1920.000000
4.061140,1920.000000
4.245609,1920.000000
4.235367,1920.000000
4.324483,1920.000000
4.320489,1920.000000
4.193314,1920.000000
4.265489,1920.000000
4.513763,1920.000000
4.307271,1920.000000
4.339006,1920.000000
4.297771,1920.000000
4.023853,1920.000000
4.359817,1920.000000
4.269181,1920.000000
4.322908,1920.000000
4.157724,1920.000000
4.244315,1920.000000
4.112544,1920.000000
4.181107,1920.000000
4.278690,1920.000000
4.198671,1920.000000
4.246592,1920.000000
4.299219,1920.000000
4.238932,1920.000000
4.267277,1920.000000
4.240418,1920.000000
4.120445,1920.000000
4.298618,1920.000000
4.214177,1920.000000
4.128710,1920.000000
4.324412,1920.000000
4.168563,1920.000000
4.189681,1920.000000
4.291016,1920.000000
4.232178,1920.000000
4.363937,1920.000000
4.373397,1920.000000
4.245148,1920.000000
4.287087,1920.000000
4.208486,1920.000000
4.367918,1920.000000
4.312195,1920.000000
4.177165,1920.000000
4.290477,1920.000000
4.306883,1920.000000
4.203562,1920.000000
4.211650,1920.000000
4.160506,1920.000000
4.256784,1920.000000
4.345240,1920.000000
4.262066,1920.000000
4.231050,1920.000000
4.211077,1920.000000
4.162635,1920.000000
4.126515,1920.000000
4.202473,1920.000000
4.299404,1920.000000
4.228217,1920.000000
4.155198,1920.000000
4.256325,1920.000000
4.236232,1920.000000
4.320886,1920.000000
4.180938,1920.000000
4.217675,1920.000000
4.198747,1920.000000
4.250566,1920.000000
4.305141,1920.000000
4.172146,1920.000000
4.187474,1920.000000
4.235932,1920.000000
4.296918,1920.000000
4.231969,1920.000000
4.340103,1920.000000
4.240652,1920.000000
4.136843,1920.000000
4.171507,1920.000000
4.361585,1920.000000
4.258844,1920.000000
4.174504,1920.000000
4.293883,1920.000000
4.263952,1920.000000
4.229681,1920.000000
4.263518,1920.000000
4.311347,1920.000000
4.299067,1920.000000
4.308768,1920.000000
4.331741,1920.000000
4.370303,1920.000000
4.302479,1920.000000
4.305732,1920.000000
4.414744,1920.000000
4.399821,1920.000000
4.370356,1920.000000
4.372156,1920.000000
4.420089,1920.000000
4.314200,1920.000000
4.355434,1920.000000
4.343185,1920.000000
4.436202,1920.000000
4.408991,1920.000000
4.332096,1920.000000
4.405506,1920.000000
4.296882,1920.000000
4.526531,1920.000000
4.464531,1920.000000
4.381864,1920.000000
4.254073,1920.000000
4.402084,1920.000000
4.374313,1920.000000
4.251064,1920.000000
4.263009,1920.000000
4.271911,1920.000000
4.392327,1920.000000
4.195572,1920.000000
4.296023,1920.000000
4.520059,1920.000000
4.307448,1920.000000
4.338938,1920.000000
4.386875,1920.000000
4.364886,1920.000000
4.401690,1920.000000
4.290262,1920.000000
4.381443,1920.000000
4.604151,1920.000000
4.466115,1920.000000
4.456641,1920.000000
4.498319,1920.000000
4.424706,1920.000000
4.640737,1920.000000
4.376369,1920.000000
4.521386,1920.000000
4.541604,1920.000000
4.489704,1920.000000
4.663426,1920.000000
4.578872,1920.000000
4.635622,1920.000000
4.425911,1920.000000
4.257100,1920.000000
4.404475,1920.000000
4.502989,1920.000000
4.456745,1920.000000
4.481456,1920.000000
4.534803,1920.000000
4.295412,1920.000000
4.297816,1920.000000
4.574592,1920.000000
4.368686,1920.000000
4.397662,1920.000000
4.480244,1920.000000
4.412922,1920.000000
4.385534,1920.000000
4.369415,1920.000000
4.335345,1920.000000
4.392460,1920.000000
4.570929,1920.000000
4.376957,1920.000000
4.426885,1920.000000
4.407031,1920.000000
4.344747,1920.000000
4.281126,1920.000000
4.409097,1920.000000
4.273533,1920.000000
4.403925,1920.000000
4.431430,1920.000000
4.292089,1920.000000
4.489636,1920.000000
4.541436,1920.000000
4.423070,1920.000000
4.479418,1920.000000
4.426435,1920.000000
4.485308,1920.000000
4.427590,1920.000000
4.383148,1920.000000
4.431479,1920.000000
4.460443,1920.000000
4.520006,1920.000000
4.502125,1920.000000
4.249468,1920.000000
4.277066,1920.000000
4.169589,1920.000000
4.208127,1920.000000
4.366369,1920.000000
4.359104,1920.000000
4.278489,1920.000000
4.329166,1920.000000
4.241707,1920.000000
4.297677,1920.000000
4.274692,1920.000000
4.371559,1920.000000
4.385422,1920.000000
4.533143,1920.000000
4.407618,1920.000000
4.418298,1920.000000
4.261937,1920.000000
4.210495,1920.000000
4.411963,1920.000000
4.557870,1920.000000
4.319291,1920.000000
4.384311,1920.000000
4.404109,1920.000000
4.300638,1920.000000
4.320038,1920.000000
4.389771,1920.000000
4.394051,1920.000000
4.454476,1920.000000
4.324645,1920.000000
4.379702,1920.000000
4.278810,1920.000000
4.462353,1920.000000
4.417709,1920.000000
4.346551,1920.000000
4.445711,1920.000000
4.463189,1920.000000
4.399168,1920.000000
4.371214,1920.000000
4.390040,1920.000000
4.413076,1920.000000
4.554195,1920.000000
4.400366,1920.000000
4.456248,1920.000000
4.319406,1920.000000
4.374677,1920.000000
4.488082,1920.000000
4.428732,1920.000000
4.538911,1920.000000
4.469599,1920.000000
4.292802,1920.000000
4.449984,1920.000000
4.372830,1920.000000
4.620370,1920.000000
4.419079,1920.000000
4.283512,1920.000000
4.381822,1920.000000
4.482788,1920.000000
4.376273,1920.000000
4.393581,1920.000000
4.419154,1920.000000
4.335291,1920.000000
4.487777,1920.000000
4.414547,1920.000000
4.452697,1920.000000
4.410558,1920.000000
4.433019,1920.000000
4.340554,1920.000000
4.473339,1920.000000
4.513120,1920.000000
4.465671,1920.000000
4.406602,1920.000000
4.479237,1920.000000
4.390557,1920.000000
4.471149,1920.000000
4.484344,1920.000000
4.322698,1920.000000
4.530550,1920.000000
4.530250,1920.000000
4.488991,1920.000000
4.575456,1920.000000
4.501175,1920.000000
4.497626,1920.000000
4.677955,1920.000000
4.463829,1920.000000
4.461664,1920.000000
4.540983,1920.000000
4.316999,1920.000000
4.462158,1920.000000
4.613673,1920.000000
4.502546,1920.000000
4.521595,1920.000000
4.490051,1920.000000
4.501566,1920.000000
4.318512,1920.000000
4.451844,1920.000000
4.357104,1920.000000
4.395478,1920.000000
4.551157,1920.000000
4.610482,1920.000000
4.502998,1920.000000
4.436318,1920.000000
4.414148,1920.000000
4.498602,1920.000000
4.506637,1920.000000
4.462108,1920.000000
4.542131,1920.000000
4.451742,1920.000000
4.479579,1920.000000
4.528923,1920.000000
4.522840,1920.000000
4.644717,1920.000000
4.451963,1920.000000
4.456294,1920.000000
4.353557,1920.000000
4.435534,1920.000000
4.541960,1920.000000
4.549611,1920.000000
4.404110,1920.000000
4.497784,1920.000000
4.399962,1920.000000
4.341011,1920.000000
4.433664,1920.000000
4.512279,1920.000000
4.423093,1920.000000
4.550022,1920.000000
4.575746,1920.000000
4.446223,1920.000000
4.418600,1920.000000
4.291264,1920.000000
4.317219,1920.000000
4.486949,1920.000000
4.428756,1920.000000
4.490565,1920.000000
4.251301,1920.000000
4.374331,1920.000000
4.257981,1920.000000
4.480278,1920.000000
4.405133,1920.000000
4.304128,1920.000000
4.337669,1920.000000
4.456272,1920.000000
4.492481,1920.000000
4.418027,1920.000000
4.451072,1920.000000
4.481135,1920.000000
4.399789,1920.000000
4.389615,1920.000000
4.448304,1920.000000
4.274656,1920.000000
4.376614,1920.000000
4.342521,1920.000000
4.498090,1920.000000
4.527989,1920.000000
4.534587,1920.000000
4.477020,1920.000000
4.284367,1920.000000
4.405035,1920.000000
4.426687,1920.000000
4.473742,1920.000000
4.272628,1920.000000
4.384096,1920.000000
4.504510,1920.000000
4.437144,1920.000000
4.270875,1920.000000
4.376718,1920.000000
4.402833,1920.000000
4.379105,1920.000000
4.336443,1920.000000
4.374895,1920.000000
4.382750,1920.000000
4.397251,1920.000000
4.340544,1920.000000
4.309445,1920.000000
4.469145,1920.000000
4.440905,1920.000000
4.404068,1920.000000
4.302484,1920.000000
4.301720,1920.000000
4.403641,1920.000000
4.341776,1920.000000
4.191995,1920.000000
4.317020,1920.000000
4.244582,1920.000000
4.187600,1920.000000
4.252696,1920.000000
4.380113,1920.000000
4.311465,1920.000000
4.399944,1920.000000
4.329982,1920.000000
4.396347,1920.000000
4.210527,1920.000000
4.244110,1920.000000
4.228227,1920.000000
4.314148,1920.000000
4.266990,1920.000000
4.347653,1920.000000
4.293620,1920.000000
4.205145,1920.000000
4.269412,1920.000000
4.431811,1920.000000
4.419543,1920.000000
4.309152,1920.000000
4.386353,1920.000000
4.397683,1920.000000
4.272412,1920.000000
4.183175,1920.000000
4.294679,1920.000000
4.361208,1920.000000
4.563264,1920.000000
4.254697,1920.000000
4.287753,1920.000000
4.263494,1920.000000
4.153653,1920.000000
4.258615,1920.000000
4.326575,1920.000000
4.345663,1920.000000
4.384393,1920.000000
4.127673,1920.000000
4.311018,1920.000000
4.226629,1920.000000
4.351187,1920.000000
4.374196,1920.000000
4.310397,1920.000000
4.296674,1920.000000
4.252037,1920.000000
4.138429,1920.000000
4.267638,1920.000000
4.230320,1920.000000
4.245819,1920.000000
4.364177,1920.000000
4.300366,1920.000000
4.286689,1920.000000
4.110395,1920.000000
4.030743,1920.000000
4.251866,1920.000000
4.297767,1920.000000
4.182622,1920.000000
4.221689,1920.000000
4.216701,1920.000000
4.154324,1920.000000
4.175966,1920.000000
4.345771,1920.000000
4.278509,1920.000000
4.260175,1920.000000
4.291452,1920.000000
4.148674,1920.000000
4.093021,1920.000000
4.233093,1920.000000
4.117191,1920.000000
4.168235,1920.000000
4.348909,1920.000000
4.251731,1920.000000
4.211364,1920.000000
4.127819,1920.000000
4.020090,1920.000000
4.073645,1920.000000
4.244236,1920.000000
4.324812,1920.000000
4.197622,1920.000000
4.147297,1920.000000
4.210875,1920.000000
4.238109,1920.000000
4.209699,1920.000000
4.345904,1920.000000
4.138677,1920.000000
4.357631,1920.000000
4.226590,1920.000000
4.203216,1920.000000
4.186962,1920.000000
4.215581,1920.000000
4.258532,1920.000000
4.385294,1920.000000
4.276441,1920.000000
4.230962,1920.000000
4.234510,1920.000000
4.108090,1920.000000
4.240687,1920.000000
4.378905,1920.000000
4.259468,1920.000000
4.207454,1920.000000
4.274125,1920.000000
4.256763,1920.000000
4.254573,1920.000000
4.352211,1920.000000
4.224973,1920.000000
4.267569,1920.000000
4.148559,1920.000000
4.364303,1920.000000
4.237307,1920.000000
4.204310,1920.000000
4.183522,1920.000000
4.259811,1920.000000
4.320496,1920.000000
4.124229,1920.000000
4.348119,1920.000000
4.287768,1920.000000
4.003198,1920.000000
4.323212,1920.000000
4.256698,1920.000000
4.323368,1920.000000
4.268152,1920.000000
4.262351,1920.000000
4.186223,1920.000000
4.184215,1920.000000
4.334112,1920.000000
4.283383,1920.000000
4.186986,1920.000000
4.226093,1920.000000
4.288558,1920.000000
4.353602,1920.000000
4.243412,1920.000000
4.237979,1920.000000
4.325095,1920.000000
4.322134,1920.000000
4.209669,1920.000000
4.132708,1920.000000
4.244628,1920.000000
4.254091,1920.000000
4.277518,1920.000000
4.246725,1920.000000
4.289260,1920.000000
4.247635,1920.000000
4.252833,1920.000000
4.130876,1920.000000
4.134518,1920.000000
4.195799,1920.000000
4.326779,1920.000000
4.097595,1920.000000
4.312313,1920.000000
4.255684,1920.000000
4.083298,1920.000000
4.206588,1920.000000
4.241718,1920.000000
4.185129,1920.000000
4.213572,1920.000000
4.289675,1920.000000
4.325356,1920.000000
4.281553,1920.000000
4.114320,1920.000000
4.277182,1920.000000
4.116157,1920.000000
4.267754,1920.000000
4.335624,1920.000000
4.337947,1920.000000
4.179358,1920.000000
4.222356,1920.000000
4.328259,1920.000000
4.372815,1920.000000
4.273211,1920.000000
4.361131,1920.000000
4.297741,1920.000000
4.407869,1920.000000
4.335778,1920.000000
4.281086,1920.000000
4.479112,1920.000000
4.414057,1920.000000
4.276331,1920.000000
4.534575,1920.000000
4.482812,1920.000000
4.248114,1920.000000
4.258964,1920.000000
4.166357,1920.000000
4.563189,1920.000000
4.440125,1920.000000
4.283046,1920.000000
4.366135,1920.000000
4.376701,1920.000000
4.420363,1920.000000
4.325247,1920.000000
4.236693,1920.000000
4.327434,1920.000000
4.369594,1920.000000
4.438156,1920.000000
4.294976,1920.000000
4.257166,1920.000000
4.261641,1920.000000
4.312509,1920.000000
4.303248,1920.000000
4.332878,1920.000000
4.366801,1920.000000
4.327369,1920.000000
4.417406,1920.000000
4.450016,1920.000000
4.380588,1920.000000
4.496192,1920.000000
4.359230,1920.000000
4.416612,1920.000000
4.471779,1920.000000
4.519997,1920.000000
4.368137,1920.000000
4.308490,1920.000000
4.502737,1920.000000
4.582301,1920.000000
4.552838,1920.000000
4.671456,1920.000000
4.460561,1920.000000
4.381749,1920.000000
4.621442,1920.000000
4.419515,1920.000000
4.612699,1920.000000
4.484360,1920.000000
4.349211,1920.000000
4.468200,1920.000000
4.462921,1920.000000
4.454042,1920.000000
4.454794,1920.000000
4.473411,1920.000000
4.338180,1920.000000
4.438702,1920.000000
4.584188,1920.000000
4.295491,1920.000000
4.456645,1920.000000
4.386905,1920.000000
4.510146,1920.000000
4.471956,1920.000000
4.434506,1920.000000
4.384479,1920.000000
4.471679,1920.000000
4.556396,1920.000000
4.298429,1920.000000
4.337961,1920.000000
4.408839,1920.000000
4.319279,1920.000000
4.331601,1920.000000
4.485073,1920.000000
4.300561,1920.000000
4.451402,1920.000000
4.379179,1920.000000
4.354558,1920.000000
4.426127,1920.000000
4.591111,1920.000000
4.469337,1920.000000
4.502530,1920.000000
4.539381,1920.000000
4.434792,1920.000000
4.345882,1920.000000
4.329829,1920.000000
4.418562,1920.000000
4.427086,1920.000000
4.663311,1920.000000
4.432635,1920.000000
4.472004,1920.000000
4.242776,1920.000000
4.260803,1920.000000
4.271534,1920.000000
4.406848,1920.000000
4.384776,1920.000000
4.303638,1920.000000
4.373198,1920.000000
4.150649,1920.000000
4.223697,1920.000000
4.297040,1920.000000
4.307553,1920.000000
4.250453,1920.000000
4.409852,1920.000000
4.341513,1920.000000
4.365419,1920.000000
4.355214,1920.000000
4.384820,1920.000000
4.410423,1920.000000
4.409893,1920.000000
4.384410,1920.000000
4.444529,1920.000000
4.473350,1920.000000
4.301883,1920.000000
4.401638,1920.000000
4.426481,1920.000000
4.260112,1920.000000
4.452819,1920.000000
4.377300,1920.000000
4.388873,1920.000000
4.288083,1920.000000
4.355489,1920.000000
4.455241,1920.000000
4.393371,1920.000000
4.429490,1920.000000
4.518491,1920.000000
4.453302,1920.000000
4.421389,1920.000000
4.405755,1920.000000
4.345451,1920.000000
4.502226,1920.000000
4.396242,1920.000000
4.438491,1920.000000
4.464408,1920.000000
4.452951,1920.000000
4.379576,1920.000000
4.454427,1920.000000
4.590694,1920.000000
4.366714,1920.000000
4.432067,1920.000000
4.386073,1920.000000
4.366871,1920.000000
4.523418,1920.000000
4.402496,1920.000000
4.321127,1920.000000
4.406850,1920.000000
4.381115,1920.000000
4.430440,1920.000000
4.532395,1920.000000
4.436059,1920.000000
4.378377,1920.000000
4.496882,1920.000000
4.351576,1920.000000
4.478509,1920.000000
4.427017,1920.000000
4.336511,1920.000000
4.421207,1920.000000
4.508945,1920.000000
4.442354,1920.000000
4.485475,1920.000000
4.458099,1920.000000
4.438277,1920.000000
4.473346,1920.000000
4.515432,1920.000000
4.597185,1920.000000
4.340853,1920.000000
4.574290,1920.000000
4.450247,1920.000000
4.479990,1920.000000
4.415029,1920.000000
4.623826,1920.000000
4.433592,1920.000000
4.635772,1920.000000
4.348228,1920.000000
4.458668,1920.000000
4.475414,1920.000000
4.314747,1920.000000
4.328032,1920.000000
4.518659,1920.000000
4.520842,1920.000000
4.429464,1920.000000
4.337896,1920.000000
4.396505,1920.000000
4.459718,1920.000000
4.507195,1920.000000
4.441253,1920.000000
4.524263,1920.000000
4.535466,1920.000000
4.571057,1920.000000
4.449352,1920.000000
4.501409,1920.000000
4.432383,1920.000000
4.557425,1920.000000
4.585831,1920.000000
4.515420,1920.000000
4.498277,1920.000000
4.458376,1920.000000
4.430040,1920.000000
4.503463,1920.000000
4.445698,1920.000000
4.505363,1920.000000
4.481135,1920.000000
4.363893,1920.000000
4.435663,1920.000000
4.510761,1920.000000
4.553950,1920.000000
4.402022,1920.000000
4.458590,1920.000000
4.545180,1920.000000
4.459713,1920.000000
4.515610,1920.000000
4.375157,1920.000000
4.474148,1920.000000
4.429968,1920.000000
4.619606,1920.000000
4.455684,1920.000000
4.550133,1920.000000
4.372378,1920.000000
4.274777,1920.000000
4.381516,1920.000000
4.549453,1920.000000
4.476557,1920.000000
4.465884,1920.000000
4.303300,1920.000000
4.331885,1920.000000
4.324693,1920.000000
4.582302,1920.000000
4.323154,1920.000000
4.295785,1920.000000
4.293330,1920.000000
4.450740,1920.000000
4.408490,1920.000000
4.341686,1920.000000
4.407077,1920.000000
4.365566,1920.000000
4.346994,1920.000000
4.467040,1920.000000
4.398781,1920.000000
4.452301,1920.000000
4.265798,1920.000000
4.513341,1920.000000
4.409277,1920.000000
4.466807,1920.000000
4.408661,1920.000000
4.434083,1920.000000
4.419984,1920.000000
4.313774,1920.000000
4.525458,1920.000000
4.429693,1920.000000
4.384196,1920.000000
4.311161,1920.000000
4.346413,1920.000000
4.299451,1920.000000
4.360451,1920.000000
4.401688,1920.000000
4.492487,1920.000000
4.451216,1920.000000
4.329930,1920.000000
4.466178,1920.000000
4.396359,1920.000000
4.326983,1920.000000
4.478885,1920.000000
4.358902,1920.000000
4.466322,1920.000000
4.327493,1920.000000
4.318079,1920.000000
4.345921,1920.000000
4.255818,1920.000000
4.325499,1920.000000
4.441860,1920.000000
4.261489,1920.000000
4.372512,1920.000000
4.222617,1920.000000
4.199580,1920.000000
4.451165,1920.000000
4.296449,1920.000000
4.298624,1920.000000
4.283408,1920.000000
4.293622,1920.000000
4.337385,1920.000000
4.248634,1920.000000
4.214162,1920.000000
4.296985,1920.000000
4.258337,1920.000000
4.195846,1920.000000
4.364887,1920.000000
4.283545,1920.000000
4.237287,1920.000000
4.315345,1920.000000
4.429272,1920.000000
4.370586,1920.000000
4.353615,1920.000000
4.275083,1920.000000
4.332206,1920.000000
4.352283,1920.000000
4.264551,1920.000000
4.295160,1920.000000
4.331491,1920.000000
4.371137,1920.000000
4.322209,1920.000000
4.400827,1920.000000
4.354309,1920.000000
4.088100,1920.000000
4.362300,1920.000000
4.313810,1920.000000
4.265261,1920.000000
4.314831,1920.000000
4.249413,1920.000000
4.261830,1920.000000
4.291574,1920.000000
4.393701,1920.000000
4.286258,1920.000000
4.241326,1920.000000
4.346615,1920.000000
4.273825,1920.000000
4.270905,1920.000000
4.249141,1920.000000
4.229235,1920.000000
4.186696,1920.000000
4.325706,1920.000000
4.232771,1920.000000
4.195598,1920.000000
4.274261,1920.000000
3.988159,1920.000000
4.341148,1920.000000
4.268393,1920.000000
4.309743,1920.000000
4.256402,1920.000000
4.217053,1920.000000
4.181148,1920.000000
4.125615,1920.000000
4.343362,1920.000000
4.282322,1920.000000
4.161262,1920.000000
4.284441,1920.000000
4.141841,1920.000000
4.125559,1920.000000
4.219938,1920.000000
4.240107,1920.000000
4.187604,1920.000000
4.291655,1920.000000
4.112255,1920.000000
4.154805,1920.000000
4.171929,1920.000000
4.084195,1920.000000
4.219735,1920.000000
4.233700,1920.000000
4.282089,1920.000000
4.115168,1920.000000
4.237941,1920.000000
4.124291,1920.000000
4.204571,1920.000000
4.312147,1920.000000
4.270033,1920.000000
4.131383,1920.000000
4.243630,1920.000000
4.090408,1920.000000
4.215039,1920.000000
4.198768,1920.000000
4.248092,1920.000000
4.294950,1920.000000
4.387408,1920.000000
4.292623,1920.000000
4.336365,1920.000000
4.324614,1920.000000
4.111829,1920.000000
4.197792,1920.000000
4.372136,1920.000000
4.294761,1920.000000
4.347342,1920.000000
4.156091,1920.000000
4.195390,1920.000000
4.289997,1920.000000
4.227528,1920.000000
4.170151,1920.000000
4.241106,1920.000000
4.198609,1920.000000
4.276799,1920.000000
4.141724,1920.000000
4.162728,1920.000000
4.186894,1920.000000
4.210868,1920.000000
4.332865,1920.000000
4.159975,1920.000000
4.316486,1920.000000
4.389165,1920.000000
4.204207,1920.000000
4.283152,1920.000000
4.349439,1920.000000
4.302010,1920.000000
4.364218,1920.000000
4.191205,1920.000000
4.198854,1920.000000
4.155646,1920.000000
4.309109,1920.000000
4.379075,1920.000000
4.165814,1920.000000
4.232187,1920.000000
4.346095,1920.000000
4.269120,1920.000000
4.206920,1920.000000
4.114866,1920.000000
4.305033,1920.000000
4.416287,1920.000000
4.276446,1920.000000
4.127479,1920.000000
4.230271,1920.000000
4.216137,1920.000000
4.176835,1920.000000
4.145420,1920.000000
4.310337,1920.000000
4.274050,1920.000000
4.245583,1920.000000
4.270228,1920.000000
4.217064,1920.000000
4.311878,1920.000000
4.307201,1920.000000
4.161920,1920.000000
4.314819,1920.000000
4.366528,1920.000000
4.207060,1920.000000
4.057510,1920.000000
4.109425,1920.000000
4.262864,1920.000000
4.257022,1920.000000
4.217399,1920.000000
4.288271,1920.000000
4.238292,1920.000000
4.142412,1920.000000
4.089686,1920.000000
4.282252,1920.000000
4.301732,1920.000000
4.337000,1920.000000
4.245342,1920.000000
4.182681,1920.000000
4.295756,1920.000000
4.387988,1920.000000
4.317834,1920.000000
4.320118,1920.000000
4.239590,1920.000000
4.332415,1920.000000
4.276018,1920.000000
4.277991,1920.000000
4.363988,1920.000000
4.455089,1920.000000
4.486182,1920.000000
4.355668,1920.000000
4.484655,1920.000000
4.365926,1920.000000
4.298818,1920.000000
4.425623,1920.000000
4.282713,1920.000000
4.408722,1920.000000
4.419992,1920.000000
4.277410,1920.000000
4.365216,1920.000000
4.298406,1920.000000
4.441219,1920.000000
4.456549,1920.000000
4.385321,1920.000000
4.339617,1920.000000
4.310509,1920.000000
4.322446,1920.000000
4.424264,1920.000000
4.277880,1920.000000
4.323684,1920.000000
4.350432,1920.000000
4.287591,1920.000000
4.343561,1920.000000
4.334147,1920.000000
4.335656,1920.000000
4.295898,1920.000000
4.295786,1920.000000
4.453394,1920.000000
4.396548,1920.000000
4.504845,1920.000000
4.366812,1920.000000
4.523460,1920.000000
4.676571,1920.000000
4.450586,1920.000000
4.365779,1920.000000
4.612463,1920.000000
4.390468,1920.000000
4.584708,1920.000000
4.572157,1920.000000
4.552316,1920.000000
4.468195,1920.000000
4.659082,1920.000000
4.446972,1920.000000
4.567013,1920.000000
4.445449,1920.000000
4.415927,1920.000000
4.362883,1920.000000
4.401438,1920.000000
4.447163,1920.000000
4.411654,1920.000000
4.478118,1920.000000
4.284517,1920.000000
4.448690,1920.000000
4.644780,1920.000000
4.449159,1920.000000
4.286439,1920.000000
4.464285,1920.000000
4.489860,1920.000000
4.513178,1920.000000
4.466100,1920.000000
4.325473,1920.000000
4.455881,1920.000000
4.574843,1920.000000
4.371520,1920.000000
4.414322,1920.000000
4.335925,1920.000000
4.318976,1920.000000
4.365885,1920.000000
4.492600,1920.000000
4.423110,1920.000000
4.244377,1920.000000
4.443811,1920.000000
4.306950,1920.000000
4.355719,1920.000000
4.510236,1920.000000
4.512390,1920.000000
4.380058,1920.000000
4.460052,1920.000000
4.489967,1920.000000
4.424091,1920.000000
4.407703,1920.000000
4.364151,1920.000000
4.411999,1920.000000
4.609449,1920.000000
4.474396,1920.000000
4.271589,1920.000000
4.254280,1920.000000
4.313797,1920.000000
4.162927,1920.000000
4.237882,1920.000000
4.380994,1920.000000
4.280101,1920.000000
4.250578,1920.000000
4.268252,1920.000000
4.305348,1920.000000
4.309874,1920.000000
4.473095,1920.000000
4.347526,1920.000000
4.395338,1920.000000
4.448415,1920.000000
4.349140,1920.000000
4.247156,1920.000000
4.392884,1920.000000
4.521593,1920.000000
4.439439,1920.000000
4.390257,1920.000000
4.423690,1920.000000
4.356910,1920.000000
4.320962,1920.000000
4.362989,1920.000000
4.490396,1920.000000
4.393709,1920.000000
4.456577,1920.000000
4.355499,1920.000000
4.320274,1920.000000
4.399450,1920.000000
4.401591,1920.000000
4.433017,1920.000000
4.305119,1920.000000
4.436666,1920.000000
4.598540,1920.000000
4.397530,1920.000000
4.296493,1920.000000
4.441318,1920.000000
4.352018,1920.000000
4.507356,1920.000000
4.307298,1920.000000
4.398459,1920.000000
4.402713,1920.000000
4.362323,1920.000000
4.479317,1920.000000
4.450290,1920.000000
4.415014,1920.000000
4.511265,1920.000000
4.504934,1920.000000
4.379363,1920.000000
4.406475,1920.000000
4.475616,1920.000000
4.371185,1920.000000
4.420158,1920.000000
4.503189,1920.000000
4.492331,1920.000000
4.370883,1920.000000
4.387164,1920.000000
4.478248,1920.000000
4.364012,1920.000000
4.439344,1920.000000
4.499957,1920.000000
4.447465,1920.000000
4.505652,1920.000000
4.257616,1920.000000
4.420789,1920.000000
4.479073,1920.000000
4.535220,1920.000000
4.440509,1920.000000
4.398853,1920.000000
4.332408,1920.000000
4.407762,1920.000000
4.539251,1920.000000
4.530700,1920.000000
4.391886,1920.000000
4.501478,1920.000000
4.478801,1920.000000
4.528722,1920.000000
4.508679,1920.000000
4.420523,1920.000000
4.437178,1920.000000
4.557038,1920.000000
4.557259,1920.000000
4.495305,1920.000000
4.499267,1920.000000
4.311761,1920.000000
4.431427,1920.000000
4.595332,1920.000000
4.413131,1920.000000
4.548754,1920.000000
4.346289,1920.000000
4.396684,1920.000000
4.411601,1920.000000
4.512221,1920.000000
4.455380,1920.000000
4.465074,1920.000000
4.500814,1920.000000
4.567377,1920.000000
4.448207,1920.000000
4.509107,1920.000000
4.422854,1920.000000
4.497074,1920.000000
4.582162,1920.000000
4.344113,1920.000000
4.506127,1920.000000
4.371543,1920.000000
4.434963,1920.000000
4.452789,1920.000000
4.556152,1920.000000
4.508599,1920.000000
4.527837,1920.000000
4.404754,1920.000000
4.412336,1920.000000
4.420862,1920.000000
4.539286,1920.000000
4.429090,1920.000000
4.408429,1920.000000
4.537419,1920.000000
4.404056,1920.000000
4.524021,1920.000000
4.464445,1920.000000
4.498174,1920.000000
4.440369,1920.000000
4.497584,1920.000000
4.560462,1920.000000
4.424001,1920.000000
4.344686,1920.000000
4.353207,1920.000000
4.329181,1920.000000
4.468639,1920.000000
4.426985,1920.000000
4.465565,1920.000000
4.325190,1920.000000
4.262289,1920.000000
4.309010,1920.000000
4.457738,1920.000000
4.433284,1920.000000
4.278895,1920.000000
4.413723,1920.000000
4.509597,1920.000000
4.325593,1920.000000
4.401853,1920.000000
4.397407,1920.000000
4.425822,1920.000000
110.904012,1920.000000
56.830556,1920.000000
69.633303,1920.000000
90.891251,1920.000000
79.352932,1920.000000
118.190493,1920.000000
55.181482,1920.000000
92.333716,1920.000000
92.565099,1920.000000
197.162412,1920.000000
42.321426,1920.000000
64.691117,1920.000000
96.897119,1920.000000
73.980435,1920.000000
147.954263,1920.000000
183.871302,1920.000000
100.228133,1920.000000
110.244134,1920.000000
38.136972,1920.000000
47.567250,1920.000000
51.062594,1920.000000
