3,14,20,0,2,0.886907
2,14,2,3,2,0.645749
3,20,12,0,1,0.556873
3,3,2,3,1,0.397351
3,20,6,3,0,0.361633
3,10,19,3,1,0.317586
3,20,1,3,1,0.319330
0,3,2,3,1,0.317097
3,20,15,0,0,0.244721
3,11,12,0,2,0.261813
3,9,8,0,2,0.221504
0,0,3,0,2,0.188890
3,3,2,0,2,0.168235
2,12,2,0,2,0.201063
3,20,5,0,1,0.181515
3,3,2,0,1,0.164017
0,1,3,0,1,0.164153
3,10,8,0,3,0.143030
3,16,20,0,3,0.147758
2,0,2,1,3,0.145470
3,20,12,0,1,0.126856
0,2,2,0,1,0.128550
3,12,20,2,3,0.120584
2,14,3,0,3,0.132751
3,17,7,1,1,0.137857
0,2,3,0,1,0.108351
2,6,2,1,1,0.123743
3,16,8,0,1,0.112927
3,8,12,1,0,0.109201
3,2,20,0,0,0.112629
3,17,1,2,3,0.091200
3,20,9,0,2,0.107438
3,9,1,2,1,0.100193
0,3,1,0,1,0.105357
0,2,1,0,1,0.082435
2,14,2,1,1,0.102622
3,20,16,1,2,0.117902
3,3,3,1,0,0.092155
3,15,18,1,2,0.100255
2,1,3,2,2,0.084431
0,2,3,1,2,0.084406
3,16,7,1,1,0.089555
3,18,15,1,0,0.094295
0,3,2,1,0,0.078398
2,14,1,1,0,0.098902
2,14,1,2,0,0.079993
3,3,2,1,1,0.084026
2,3,1,2,1,0.095667
2,1,1,2,1,0.077182
3,20,17,1,1,0.072830
3,2,3,1,1,0.079935
3,2,3,1,1,0.087077
3,20,12,2,1,0.075580
2,14,2,1,1,0.070835
2,14,1,1,1,0.082338
3,8,10,1,2,0.069140
2,14,2,0,2,0.063954
3,17,20,1,3,0.083317
0,3,2,0,3,0.057466
3,4,20,1,0,0.059487
2,3,1,2,0,0.065122
3,7,15,1,0,0.078190
2,5,1,1,0,0.055362
0,3,1,1,0,0.070545
2,19,2,1,0,0.056418
3,12,1,0,3,0.069611
2,14,2,1,3,0.061369
3,15,11,0,0,0.070380
3,11,15,1,2,0.061006
2,9,2,1,2,0.055453
2,2,2,1,2,0.059281
3,3,2,0,1,0.069885
2,14,2,1,1,0.061491
3,3,2,1,1,0.062448
3,2,20,1,3,0.070564
3,1,16,0,2,0.062384
2,1,2,1,2,0.060064
3,16,8,0,3,0.052806
2,3,2,1,3,0.055535
0,2,3,0,3,0.059802
3,9,8,1,0,0.059851
3,9,13,1,3,0.062537
3,9,13,1,1,0.068140
2,20,3,1,1,0.086068
3,2,3,1,1,0.059800
3,18,15,1,3,0.057566
2,15,2,2,3,0.063142
3,17,6,1,0,0.052801
3,9,8,1,2,0.049143
2,14,3,1,2,0.050284
2,14,3,1,2,0.044376
2,2,3,1,2,0.047061
3,3,2,2,1,0.055819
2,8,3,1,1,0.052448
3,2,20,1,0,0.051454
0,1,3,1,0,0.046492
0,2,1,1,0,0.052129
3,20,12,1,1,0.044995
3,12,20,1,3,0.068408
3,11,15,1,0,0.047362
0,2,3,1,0,0.050881
0,3,2,1,0,0.048062
3,12,1,0,3,0.043366
3,18,18,2,1,0.044390
3,18,15,2,1,0.055915
3,3,2,2,2,0.047867
2,19,1,2,2,0.040678
3,10,19,0,1,0.087761
2,19,1,2,1,0.055738
0,3,1,2,1,0.040362
0,2,2,0,1,0.043918
0,1,1,2,1,0.045598
3,17,1,2,1,0.039182
2,5,1,0,1,0.051060
3,1,9,2,2,0.039962
0,3,2,2,2,0.041891
2,14,1,0,2,0.053615
2,14,2,0,2,0.047208
3,3,20,0,2,0.041221
3,20,17,0,2,0.044758
2,0,3,0,2,0.040770
2,14,2,0,2,0.047509
3,18,15,0,2,0.050789
3,6,9,0,1,0.043910
2,20,1,0,1,0.043317
3,6,17,0,3,0.047339
3,6,9,0,3,0.053580
2,6,2,0,3,0.050940
3,11,15,0,0,0.043141
3,8,12,0,3,0.037039
3,11,15,0,0,0.038607
3,17,20,0,3,0.049086
3,17,1,0,2,0.037613
2,14,1,0,2,0.041564
2,17,2,0,2,0.042349
2,15,3,0,2,0.038072
3,12,4,0,2,0.035905
2,20,1,0,2,0.037017
3,12,4,0,3,0.049381
3,12,1,0,3,0.035505
2,3,2,0,3,0.040732
0,2,1,0,3,0.043752
3,16,7,0,3,0.037307
3,12,20,0,0,0.036950
2,11,2,0,0,0.037091
2,20,3,0,0,0.040120
2,14,2,0,0,0.039133
3,6,9,0,0,0.037547
3,12,4,0,2,0.034226
3,12,4,0,3,0.034210
3,9,8,0,0,0.031580
3,9,8,0,3,0.034246
3,16,8,0,1,0.034936
3,6,9,0,1,0.035331
2,12,3,0,1,0.034261
3,20,17,0,2,0.034585
2,17,3,0,2,0.028706
3,17,13,0,3,0.045101
0,2,3,0,3,0.037142
3,8,12,0,3,0.033512
0,0,3,0,3,0.031122
0,2,3,1,3,0.031163
2,14,2,0,3,0.033126
2,7,2,0,3,0.029580
3,11,15,0,2,0.029369
2,11,2,0,2,0.035476
2,0,2,0,2,0.030689
2,13,2,0,2,0.028044
3,13,17,0,0,0.048407
2,20,1,0,0,0.050653
3,20,12,0,3,0.063117
2,12,2,0,3,0.047340
3,13,17,0,0,0.040729
3,16,8,1,3,0.039334
2,5,2,0,3,0.033104
3,15,18,1,2,0.033530
3,18,18,2,1,0.035579
3,8,9,2,2,0.026187
3,8,12,0,0,0.032262
3,18,0,1,1,0.034585
3,3,3,0,2,0.032597
3,3,2,1,1,0.034496
3,9,1,0,0,0.032819
3,9,8,0,2,0.035878
3,3,2,2,1,0.031449
2,2,2,0,1,0.040203
2,1,1,0,1,0.036941
2,17,2,0,1,0.033434
3,17,13,1,3,0.038300
2,9,2,2,3,0.031423
0,3,1,0,3,0.026876
2,3,2,0,3,0.029460
3,3,2,2,1,0.030087
0,3,2,0,1,0.030369
3,9,20,0,0,0.033440
2,14,2,2,0,0.027021
3,12,20,0,2,0.033516
2,11,2,2,2,0.028399
3,11,15,0,2,0.032844
2,17,2,2,2,0.026834
0,2,2,2,2,0.025659
0,3,2,2,2,0.026427
2,2,1,1,2,0.025996
3,18,0,0,1,0.026757
3,17,1,0,1,0.026813
3,9,1,0,0,0.026856
2,0,1,0,0,0.025668
2,19,3,0,0,0.026753
0,2,1,0,0,0.029410
3,8,12,0,0,0.026481
0,1,3,0,0,0.023144
3,16,8,1,3,0.024941
2,3,2,2,3,0.031521
0,3,1,1,3,0.027960
2,1,2,0,3,0.023219
3,17,1,3,2,0.026276
3,3,20,3,2,0.029725
3,3,20,0,2,0.027456
3,16,8,0,3,0.022602
2,14,2,3,3,0.026709
2,14,2,2,3,0.030790
2,14,2,2,3,0.024805
2,14,2,2,3,0.030002
2,5,1,0,3,0.032485
2,5,2,2,3,0.023671
2,5,2,2,3,0.024345
3,13,17,3,0,0.024969
3,13,17,2,0,0.025435
2,1,1,0,0,0.028500
2,11,2,2,0,0.024081
2,20,1,0,0,0.027891
2,14,2,2,0,0.025756
3,16,8,0,1,0.026249
2,8,3,0,1,0.024912
3,17,1,0,1,0.027715
2,1,2,2,1,0.023248
3,17,1,0,3,0.025563
3,12,20,0,0,0.022394
2,17,2,2,0,0.023710
3,15,18,1,2,0.026201
2,19,2,2,2,0.024689
3,15,18,0,2,0.020077
2,3,3,0,2,0.020493
0,1,1,0,2,0.020324
2,2,2,2,2,0.025088
0,2,3,1,2,0.023801
0,3,2,2,2,0.023375
2,9,1,1,2,0.023456
2,14,2,0,2,0.021224
2,14,3,0,2,0.025297
3,17,8,0,1,0.019928
2,8,2,0,1,0.018852
3,9,8,0,2,0.021585
3,9,1,0,1,0.019585
3,9,8,0,2,0.024810
3,18,0,0,1,0.022597
0,2,3,0,1,0.020063
2,5,2,0,1,0.018809
3,12,4,0,2,0.020336
3,2,3,0,0,0.018434
0,0,2,0,0,0.018175
2,5,1,1,0,0.020214
2,11,2,0,0,0.023509
2,20,1,1,0,0.025913
0,3,2,0,0,0.024237
2,0,1,1,0,0.022848
3,11,15,0,2,0.022440
2,11,2,0,2,0.029833
3,11,15,1,0,0.023945
3,9,13,0,0,0.029696
2,20,1,1,0,0.031273
3,11,15,1,0,0.024163
2,12,1,1,0,0.023862
3,12,20,0,1,0.031042
2,12,1,1,1,0.025869
2,15,3,0,1,0.018794
2,15,3,3,1,0.024455
2,15,1,1,1,0.024269
3,12,4,3,2,0.019171
3,18,0,1,1,0.023213
3,16,7,0,3,0.018748
0,2,1,1,3,0.021656
2,16,3,0,3,0.019150
3,7,15,0,0,0.022097
2,15,3,3,0,0.017996
2,15,2,0,0,0.020722
3,8,12,3,3,0.018210
3,8,12,1,3,0.023830
3,16,8,0,3,0.021860
2,8,2,1,3,0.021199
2,4,1,0,3,0.023110
2,19,2,1,3,0.019578
2,20,1,0,3,0.022052
3,12,20,1,1,0.019599
2,12,1,0,1,0.021295
0,1,3,1,1,0.017815
0,1,3,3,1,0.019093
3,18,0,1,1,0.016205
2,11,2,1,1,0.015589
3,11,15,1,2,0.021167
2,14,2,1,2,0.018826
0,2,3,1,2,0.022263
2,11,2,0,2,0.020372
2,14,1,0,2,0.022158
2,15,1,2,2,0.019163
2,14,2,2,2,0.017056
2,20,1,0,2,0.020334
2,17,2,2,2,0.021327
3,11,15,0,0,0.020529
3,11,15,1,0,0.018230
3,2,20,0,0,0.020141
2,15,3,0,0,0.016616
3,3,2,1,2,0.022011
3,9,8,3,3,0.017468
2,19,2,1,3,0.017949
2,6,1,0,3,0.020189
0,2,2,1,3,0.017924
3,3,20,3,2,0.016268
3,12,20,2,1,0.021557
2,12,1,0,1,0.018756
3,3,20,2,2,0.017532
3,3,2,0,2,0.016985
3,13,17,0,0,0.014761
2,13,3,0,0,0.019946
2,20,1,0,0,0.018884
0,3,2,2,0,0.020106
0,2,1,0,0,0.019306
3,12,4,0,3,0.017706
2,9,2,3,3,0.017090
2,11,2,0,3,0.017956
3,9,8,0,2,0.020550
2,8,3,0,2,0.019610
3,12,4,0,2,0.019270
2,19,2,0,2,0.015853
2,1,1,0,2,0.019488
3,9,1,0,1,0.018518
3,17,13,3,3,0.015402
2,17,3,0,3,0.016450
3,17,13,0,3,0.019934
3,12,20,0,1,0.018386
3,3,20,0,2,0.018302
3,3,2,0,2,0.017505
3,3,2,0,2,0.016452
2,4,1,2,2,0.014186
3,17,1,0,1,0.018425
3,17,1,0,1,0.016985
2,6,2,0,1,0.018653
2,20,1,0,1,0.020303
3,12,4,0,2,0.017812
0,0,3,0,2,0.013887
0,3,2,3,2,0.014480
0,0,2,2,2,0.016393
3,8,12,3,3,0.014440
2,8,2,0,3,0.017076
2,12,1,2,3,0.017137
3,12,20,0,1,0.022323
0,2,3,0,1,0.018283
3,12,20,0,1,0.021306
2,12,2,3,1,0.018092
3,8,12,0,3,0.015654
3,8,12,3,3,0.020260
3,8,12,0,3,0.016709
2,20,2,3,3,0.018852
0,3,2,0,3,0.019959
0,2,3,1,3,0.018605
0,3,2,1,3,0.017132
3,12,4,3,2,0.018463
3,3,2,1,2,0.014355
2,2,1,2,2,0.013603
2,14,2,0,2,0.017384
0,3,2,3,2,0.017991
2,14,1,2,2,0.013555
2,14,1,2,2,0.016792
2,14,2,2,2,0.018429
2,14,2,0,2,0.015819
3,11,15,0,2,0.014995
2,11,2,0,2,0.018125
3,11,15,2,2,0.014796
2,15,1,2,2,0.015933
3,11,15,2,2,0.013468
2,2,2,0,2,0.017893
2,10,2,2,2,0.017371
0,3,2,0,2,0.015794
2,20,2,2,2,0.017486
3,12,20,1,1,0.017334
2,17,2,2,1,0.015624
3,20,17,2,0,0.019908
2,17,1,2,0,0.015749
3,8,9,2,2,0.015231
3,9,8,2,0,0.021830
2,8,1,2,0,0.016405
3,16,8,2,1,0.014656
3,8,12,1,0,0.016187
0,3,1,1,0,0.016181
3,17,13,1,3,0.013479
3,17,1,2,1,0.015906
2,1,1,2,1,0.017528
2,1,1,0,1,0.017952
3,17,1,1,2,0.017524
3,17,1,0,1,0.014617
3,17,1,1,1,0.016427
2,9,1,0,1,0.013547
3,3,3,2,2,0.014279
3,12,20,0,2,0.014926
2,19,2,1,2,0.016757
0,1,1,0,2,0.017917
0,3,2,1,2,0.015276
0,0,2,2,2,0.017751
2,8,2,2,2,0.016719
3,17,1,1,1,0.017214
2,11,2,2,1,0.013868
3,17,20,1,0,0.016691
2,17,1,0,0,0.012979
3,17,20,2,0,0.013866
3,18,0,1,1,0.014118
3,17,1,2,1,0.013564
3,9,8,0,2,0.011999
3,9,8,2,2,0.018361
3,8,9,1,2,0.016760
2,8,2,2,2,0.016333
2,20,3,1,2,0.014915
0,3,2,2,2,0.015764
3,2,3,1,0,0.015444
3,3,2,0,2,0.013376
2,4,1,0,2,0.011930
3,12,4,0,2,0.014825
3,8,12,1,0,0.013864
2,8,2,2,0,0.015145
2,11,1,1,0,0.012622
3,11,15,0,2,0.013975
2,5,1,2,2,0.012937
2,5,2,2,2,0.011974
2,19,2,1,2,0.017231
3,11,15,1,2,0.015276
0,1,3,0,2,0.011586
0,3,1,0,2,0.011465
2,11,2,1,2,0.013119
3,11,15,1,2,0.015259
2,15,2,2,2,0.012978
2,15,1,1,2,0.013178
0,2,1,1,2,0.011577
2,11,2,1,2,0.014633
0,0,2,2,2,0.013899
2,2,2,1,2,0.014822
2,2,3,1,2,0.012512
3,3,2,2,2,0.012168
0,3,2,2,2,0.011726
2,14,1,0,2,0.014412
2,14,1,2,2,0.014627
2,14,1,2,2,0.011804
2,14,2,2,2,0.012901
3,17,1,0,1,0.014807
0,3,2,2,1,0.012915
2,18,1,0,1,0.014457
0,3,2,1,1,0.014421
0,2,1,0,1,0.014734
0,3,2,0,1,0.013688
3,17,1,1,1,0.014496
2,1,1,2,1,0.014029
2,20,3,1,1,0.014347
2,6,2,1,1,0.014879
0,1,3,1,1,0.015001
2,5,2,1,1,0.013166
0,1,1,2,1,0.012216
3,3,20,0,2,0.011374
2,17,2,1,2,0.011335
3,9,8,0,2,0.013698
3,9,8,1,2,0.014982
3,9,8,0,2,0.013187
3,9,8,1,2,0.012096
3,9,8,0,2,0.015666
2,8,2,1,2,0.011757
3,16,8,0,3,0.013918
2,0,2,1,3,0.012644
2,6,3,1,3,0.014073
2,6,2,1,3,0.012685
2,18,1,0,3,0.014603
2,19,2,1,3,0.013970
2,4,1,0,3,0.013778
2,6,2,1,3,0.012132
0,2,3,1,3,0.013519
2,14,2,1,3,0.012211
3,8,12,0,3,0.013263
3,8,12,0,3,0.011655
2,20,1,0,3,0.014128
0,3,2,1,3,0.012745
0,2,3,3,3,0.013037
3,8,12,2,0,0.010744
0,1,1,0,0,0.012318
2,0,2,2,0,0.011982
2,18,2,2,0,0.012937
2,7,2,2,0,0.013173
2,16,2,2,0,0.012956
2,13,2,3,0,0.011244
3,13,17,3,0,0.013066
2,17,2,3,0,0.011859
3,12,20,3,1,0.012285
2,5,3,0,1,0.015532
3,12,20,0,1,0.014648
2,12,3,0,1,0.017705
1,0.300000
1,0.600000
1,0.300000
1,0.400000
1,0.400000
1,0.400000
1,0.400000
1,0.400000
0,0.100000
0,0.100000
0,0.100000
0,0.100000
0,0.100000
0,0.100000
0,0.200000
0,0.100000
0,0.100000
0,0.200000
0,0.200000
1,0.400000
0,0.200000
0,0.200000
1,0.500000
0,0.200000
1,0.400000
0,0.200000
1,0.400000
0,0.100000
1,0.400000
0,0.100000
1,0.400000
0,0.100000
1,0.400000
0,0.100000
0,0.100000
1,0.400000
0,0.300000
1,0.400000
0,0.300000
1,0.400000
0,0.300000
1,0.400000
0,0.300000
1,0.400000
0,0.300000
1,0.100000
0,0.300000
1,0.100000
1,0.100000
0,0.300000
1,0.400000
0,0.300000
1,0.100000
1,0.400000
0,0.300000
0,0.300000
0,0.100000
0,0.300000
0,0.100000
0,0.300000
1,0.100000
0,0.300000
0,0.300000
0,0.300000
1,0.200000
0,0.300000
1,0.200000
0,0.300000
1,0.200000
1,0.200000
1,0.200000
0,0.300000
1,0.200000
1,0.200000
1,0.400000
0,0.300000
1,0.200000
0,0.300000
1,0.200000
0,0.300000
1,0.200000
0,0.400000
1,0.200000
0,0.400000
1,0.400000
0,0.400000
1,0.500000
0,0.300000
1,0.200000
1,0.200000
1,0.200000
0,0.200000
1,0.100000
1,0.200000
0,0.400000
1,0.200000
0,0.300000
1,0.200000
0,0.400000
1,0.200000
0,0.400000
1,0.200000
0,0.300000
1,0.400000
1,0.400000
1,0.400000
1,0.300000
0,0.300000
1,0.100000
1,0.300000
0,0.300000
1,0.100000
1,0.400000
0,0.300000
1,0.400000
1,0.400000
0,0.300000
1,0.100000
0,0.100000
1,0.500000
0,0.300000
1,0.500000
0,0.300000
1,0.500000
0,0.300000
1,0.500000
0,0.300000
1,0.100000
0,0.300000
0,0.100000
1,0.400000
0,0.300000
1,0.400000
0,0.300000
1,0.500000
0,0.100000
1,0.500000
0,0.300000
1,0.500000
0,0.300000
1,0.500000
0,0.300000
1,0.500000
0,0.300000
1,0.500000
0,0.300000
1,0.500000
0,0.300000
1,0.100000
1,0.100000
0,0.300000
0,0.100000
0,0.300000
1,0.400000
0,0.300000
1,0.100000
1,0.100000
1,0.500000
0,0.300000
1,0.100000
1,0.100000
0,0.200000
1,0.400000
1,0.100000
1,0.100000
1,0.500000
1,0.400000
1,0.100000
1,0.100000
0,0.300000
1,0.400000
1,0.100000
1,0.500000
0,0.300000
1,0.400000
0,0.300000
0,0.100000
0,0.100000
1,0.400000
0,0.300000
1,0.400000
0,0.300000
1,0.500000
0,0.100000
1,0.200000
1,0.400000
0,0.300000
1,0.500000
0,0.300000
0,0.100000
0,0.100000
1,0.400000
0,0.100000
1,0.400000
0,0.300000
0,0.100000
0,0.300000
0,0.100000
0,0.300000
0,0.100000
1,0.200000
0,0.100000
0,0.300000
1,0.100000
1,0.100000
1,0.100000
0,0.300000
1,0.100000
0,0.300000
1,0.100000
1,0.100000
0,0.300000
1,0.500000
0,0.300000
1,0.100000
0,0.500000
0,0.500000
1,0.100000
1,0.100000
0,0.500000
1,0.500000
1,0.500000
1,0.500000
0,0.200000
1,0.500000
1,0.500000
0,0.500000
1,0.500000
0,0.200000
1,0.500000
0,0.200000
1,0.500000
0,0.200000
0,0.100000
0,0.200000
1,0.500000
0,0.100000
0,0.100000
1,0.500000
0,0.500000
1,0.500000
0,0.200000
0,0.100000
0,0.200000
1,0.500000
0,0.500000
1,0.500000
0,0.400000
1,0.500000
0,0.100000
0,0.100000
1,0.100000
0,0.100000
0,0.100000
0,0.300000
0,0.100000
0,0.100000
1,0.100000
1,0.100000
1,0.100000
1,0.100000
0,0.400000
1,0.500000
0,0.400000
1,0.500000
0,0.400000
1,0.500000
1,0.500000
0,0.400000
1,0.100000
0,0.400000
1,0.300000
0,0.400000
1,0.100000
0,0.400000
1,0.100000
1,0.100000
0,0.400000
1,0.100000
0,0.400000
1,0.100000
0,0.400000
1,0.100000
0,0.300000
1,0.100000
1,0.500000
1,0.100000
1,0.300000
0,0.300000
1,0.300000
0,0.300000
1,0.300000
0,0.300000
1,0.300000
0,0.300000
1,0.200000
1,0.100000
0,0.400000
1,0.300000
0,0.400000
1,0.400000
0,0.500000
1,0.500000
0,0.300000
1,0.100000
1,0.500000
0,0.300000
1,0.500000
0,0.300000
1,0.300000
0,0.300000
1,0.100000
1,0.300000
0,0.500000
1,0.300000
0,0.300000
1,0.300000
0,0.500000
1,0.500000
0,0.300000
1,0.500000
1,0.100000
1,0.100000
1,0.100000
0,0.300000
1,0.500000
0,0.300000
1,0.500000
1,0.200000
1,0.500000
0,0.200000
1,0.100000
0,0.200000
1,0.500000
0,0.200000
1,0.500000
1,0.200000
1,0.100000
0,0.200000
1,0.100000
0,0.300000
1,0.100000
1,0.100000
1,0.100000
1,0.500000
0,0.200000
1,0.500000
0,0.200000
1,0.500000
1,0.100000
1,0.200000
1,0.100000
0,0.500000
1,0.500000
1,0.100000
1,0.500000
0,0.300000
1,0.500000
0,0.500000
1,0.500000
0,0.500000
1,0.500000
0,0.500000
1,0.500000
0,0.500000
1,0.500000
0,0.500000
1,0.400000
1,0.100000
1,0.500000
0,0.500000
1,0.100000
1,0.100000
0,0.500000
1,0.500000
0,0.200000
1,0.500000
1,0.100000
1,0.100000
1,0.100000
1,0.500000
0,0.500000
1,0.500000
0,0.500000
1,0.500000
0,0.500000
1,0.100000
1,0.100000
1,0.100000
1,0.100000
1,0.100000
1,0.100000
1,0.500000
0,0.300000
1,0.500000
0,0.500000
1,0.100000
0,0.200000
1,0.500000
0,0.200000
1,0.500000
0,0.200000
1,0.500000
0,0.200000
1,0.500000
0,0.200000
1,0.500000
0,0.500000
1,0.500000
0,0.400000
1,0.500000
0,0.400000
0,0.100000
1,0.500000
0,0.400000
1,0.500000
0,0.100000
1,0.500000
0,0.400000
1,0.500000
0,0.400000
1,0.500000
0,0.400000
0,0.100000
0,0.100000
1,0.100000
0,0.400000
0,0.100000
0,0.400000
1,0.100000
1,0.100000
0,0.100000
1,0.500000
0,0.400000
1,0.100000
0,0.100000
1,0.500000
0,0.400000
0,0.100000
0,0.400000
0,0.400000
1,0.500000
0,0.500000
1,0.500000
0,0.400000
0,0.100000
0,0.100000
0,0.400000
1,0.100000
1,0.100000
1,0.500000
0,0.400000
1,0.500000
0,0.400000
1,0.500000
0,0.400000
1,0.500000
0,0.400000
1,0.100000
0,0.400000
1,0.500000
0,0.400000
1,0.500000
1,0.100000
0,0.200000
1,0.500000
0,0.200000
1,0.500000
0,0.200000
0,0.400000
0,0.200000
1,0.500000
0,0.200000
1,0.500000
0,0.500000
1,0.500000
0,0.200000
1,0.500000
0,0.200000
1,0.500000
0,0.500000
1,0.500000
0,0.200000
1,0.100000
0,0.200000
1,0.500000
0,0.600000
1,0.500000
0,0.200000
1,0.500000
0,0.500000
1,0.500000
0,0.500000
1,0.200000
1,0.200000
1,0.200000
1,0.200000
0,0.300000
1,0.100000
0,0.200000
1,0.983401
0,1.087637
1,2.394769
0,1.137637
1,6.685334
0,12.880935
1,7.222922
0,1.187044
1,1.840832
0,1.472397
0,1.237044
0,1.333457
0,1.333457
1,2.032129
1,1.932129
1,1.437637
1,2.686794
0,6.058979
1,2.585593
1,1.298649
0,2.394769
1,2.095222
1,2.245222
0,3.326128
0,1.265919
0,3.818950
0,1.209933
0,1.472632
0,1.209933
0,4.416221
1,1.535503
0,2.635804
1,1.641996
1,2.811746
0,1.322444
1,1.298649
1,2.811746
1,1.298649
0,1.322444
1,8.057683
1,1.201681
1,1.683148
1,1.201681
1,1.535898
1,1.137637
1,1.137637
1,1.137637
0,1.287637
0,1.188158
1,2.857439
1,1.535898
0,1.285898
0,2.544769
1,1.535898
0,3.063744
0,8.303285
0,2.963744
0,3.063744
0,1.119152
1,6.870821
1,1.245632
0,1.169152
1,0.945632
0,1.338158
1,1.535898
0,1.338158
1,1.535898
1,0.945632
0,1.236450
1,8.057683
1,8.057683
1,1.137637
1,1.528352
0,1.287637
1,4.229842
0,1.651621
1,7.957683
0,1.534773
1,1.535898
0,1.207855
1,1.498341
0,1.207855
1,1.398372
1,1.150393
1,1.535898
1,1.150393
1,1.528352
0,1.317049
1,1.237044
0,1.171040
0,2.394769
0,4.416221
1,1.137637
0,1.171040
0,4.416221
1,1.660583
1,1.995222
0,2.394769
1,2.095222
1,1.528352
0,1.450393
1,1.660583
0,1.188158
1,7.957683
0,1.367117
0,1.283457
1,1.660583
1,12.880935
0,7.604458
0,1.244558
0,1.345804
1,1.599770
1,1.660583
1,1.150393
0,1.244558
1,3.179181
0,4.130002
0,1.132802
0,4.130002
1,3.179181
1,1.150393
1,1.492470
1,1.151031
1,1.492470
0,1.265459
1,1.749770
0,1.306982
0,1.132802
0,1.328352
0,1.369132
1,1.528352
0,3.063744
1,1.568752
1,1.172632
0,1.132802
0,1.132802
0,1.132802
1,1.282802
1,1.442019
0,1.338158
0,1.000541
0,2.563037
1,1.661753
0,2.563037
0,1.000541
1,1.172632
1,1.609933
0,1.265459
1,1.282802
0,1.242019
1,1.248341
0,1.189011
1,1.172632
1,1.492470
0,1.345804
1,2.979181
1,1.086450
1,1.512195
1,1.086450
0,1.319132
1,1.086450
1,1.086450
0,1.000541
0,1.000541
1,1.086450
0,1.000541
1,1.237044
1,1.427074
1,1.373384
1,1.062195
0,2.587960
1,2.095222
1,1.473384
0,1.534773
0,1.000541
0,1.272444
1,7.957683
0,1.345804
1,1.609933
0,1.537291
0,1.000541
0,1.487637
0,1.201330
1,1.237044
1,1.137637
0,1.133457
0,2.444597
0,1.368752
1,1.062195
0,1.301330
0,1.336450
0,1.368752
1,1.137637
0,1.368752
1,2.369191
0,1.368752
0,2.444597
0,1.368752
0,1.336450
0,1.368752
0,1.137291
1,1.460583
1,1.460583
0,1.137291
1,1.460583
0,1.301330
1,1.072444
0,1.309933
1,1.072444
0,1.309933
0,1.368752
1,1.184773
1,1.521040
0,4.130002
0,1.368752
0,1.368752
0,4.130002
1,3.930002
0,1.334773
1,1.222632
1,1.521040
1,1.222632
1,1.521040
1,1.072444
0,2.413037
1,1.271040
0,1.223384
1,1.473384
0,2.413037
1,1.271040
0,2.413037
1,1.471040
1,1.222632
0,1.272444
0,1.810583
1,1.271040
1,1.385503
0,2.413037
1,1.521040
1,1.022444
1,1.521040
0,1.272444
1,1.282802
1,1.271040
1,1.521040
0,1.219152
1,1.521040
0,1.219152
1,1.471040
1,1.541996
1,1.271040
1,1.282802
1,1.237044
1,1.541996
0,1.587044
1,1.287291
1,1.282802
1,1.282802
1,1.282802
1,1.118565
0,4.266221
0,4.416221
1,1.611753
0,1.482802
1,1.661753
0,1.482802
1,1.086450
1,1.611753
0,1.328352
1,1.378193
0,1.482802
1,1.528352
0,1.482802
0,2.126908
0,1.262195
0,2.126908
0,1.419132
0,1.419132
0,1.132802
0,1.487291
1,1.611753
0,1.419132
1,1.609933
0,1.219152
1,1.609933
1,1.609933
0,1.419132
1,1.569132
1,1.184773
0,1.171040
0,1.589011
1,1.473384
0,1.589011
0,1.976908
0,1.262195
1,1.473384
1,1.187291
1,1.187291
1,1.610583
1,1.086450
1,1.609933
0,1.589011
1,1.609933
0,1.589011
1,1.333457
0,1.262195
0,1.378352
1,1.609933
0,1.378352
1,1.528352
0,4.416221
0,1.262195
1,1.433457
0,1.589011
1,1.610583
0,1.262195
1,1.442019
0,4.130002
0,2.126908
0,1.262195
1,4.080002
0,1.283457
1,1.123384
0,1.295804
1,1.333457
1,1.442019
1,1.087044
1,1.442019
0,1.262195
1,1.610583
1,1.087044
0,1.137044
0,1.482802
1,1.610583
1,1.062195
0,1.291996
1,1.062195
1,1.333457
0,1.262195
0,2.126908
0,4.130002
1,1.333457
0,1.283457
1,1.610583
1,1.610583
0,1.810583
1,1.332802
1,1.095804
1,1.332802
0,1.419132
0,1.419132
1,1.333457
0,1.419132
1,1.286995
0,1.295804
1,2.426908
0,1.378352
0,2.126908
0,1.295804
1,1.569132
0,1.469132
1,1.569132
0,1.482802
1,1.512195
0,1.482802
1,1.333457
0,1.482802
1,1.333457
1,1.609933
0,1.976908
1,1.036450
1,1.609933
0,1.295804
1,1.222632
0,1.334773
1,1.036450
0,1.028352
1,1.186450
0,1.336450
0,1.336450
1,1.609933
0,1.437291
1,1.609933
0,1.437291
0,1.976908
0,1.295804
1,2.991174
0,1.295804
0,1.295804
1,1.248341
0,1.187044
1,1.222632
1,1.609933
1,1.410583
1,1.512195
1,1.410583
0,1.368752
0,1.810583
0,1.368752
0,1.810583
1,1.610583
1,2.768223
0,1.000541
0,2.444597
1,1.332802
0,1.810583
0,1.137044
0,1.810583
0,1.137044
0,1.810583
0,1.137044
1,2.768223
0,3.018223
0,2.618223
0,1.437291
1,1.610583
1,1.087044
0,1.137044
1,1.095804
1,1.332802
1,1.087044
1,1.368565
1,1.118565
0,1.283457
0,1.459933
1,1.332802
0,1.459933
1,1.237044
0,1.810583
1,1.186450
0,1.336450
0,1.322632
1,1.609933
0,1.336450
1,1.333457
1,1.410583
1,1.609933
1,1.036450
1,1.333457
0,1.810583
0,1.322632
0,1.272632
1,1.087044
1,1.609933
1,1.087044
1,1.333457
1,1.087044
1,1.087044
1,1.609933
1,1.237044
1,1.609933
0,1.810583
1,1.660583
1,1.410583
1,1.660583
1,1.087044
1,1.660583
1,1.410583
1,1.087044
1,1.087044
1,1.609933
1,1.087044
1,1.609933
0,4.130002
0,4.130002
1,1.609933
1,1.087044
0,1.137044
1,1.237044
0,1.187044
1,1.087044
1,1.609933
1,1.184773
1,1.609933
0,1.469132
1,1.609933
0,1.469132
1,1.609933
0,1.469132
1,1.609933
0,1.469132
1,1.609933
0,1.469132
1,1.569132
0,3.018223
1,1.609933
0,3.018223
1,1.609933
0,1.262195
0,1.137044
0,1.587044
0,1.137044
0,1.587044
1,1.286995
1,1.123384
0,2.791174
1,2.426908
0,1.587044
0,2.126908
1,2.144597
0,6
0,4
0,0
1,3
0,0
1,1
0,0
1,3
1,1
1,2
1,1
1,8
1,5
1,5
1,4
1,4
1,4
1,4
1,4
1,8
1,2
1,4
1,4
1,4
0,1
1,2
1,2
1,1
1,3
1,1
0,0
0,0
0,1
0,0
0,1
0,1
0,0
1,6
1,4
0,0
1,4
1,2
1,4
1,1
1,4
0,5
1,1
1,2
1,1
1,2
0,0
1,2
0,1
0,0
1,4
1,4
0,1
0,0
1,4
0,0
1,6
0,1
1,7
0,0
1,2
0,0
0,0
0,1
1,4
1,4
1,3
1,8
1,8
0,6
0,0
0,6
0,0
0,6
1,5
0,1
1,4
0,1
1,4
0,1
0,1
1,4
1,7
1,2
1,2
0,6
1,8
1,2
1,4
1,3
1,2
1,4
0,0
1,4
0,6
1,4
1,2
1,4
1,4
1,1
1,1
1,3
1,1
1,2
1,0
1,4
1,2
0,0
1,2
1,2
1,7
1,7
1,4
0,5
1,4
0,0
1,3
0,0
0,1
1,7
0,0
1,7
1,4
0,0
1,4
1,4
1,8
1,4
1,7
1,4
1,4
1,4
1,7
0,1
1,7
0,7
1,7
0,1
1,4
0,1
1,4
0,1
0,1
0,7
1,8
1,1
1,8
1,1
0,7
1,5
0,7
1,8
1,2
1,5
1,3
1,3
1,8
1,8
1,8
1,1
1,7
1,1
1,7
1,1
1,7
0,1
0,0
0,6
0,0
0,1
1,7
0,1
0,0
1,6
1,5
0,1
1,5
0,1
1,8
0,3
0,6
1,4
0,3
1,8
0,1
1,6
1,3
1,3
1,1
0,0
0,1
0,0
1,3
1,5
1,1
1,3
1,6
1,1
1,1
1,3
1,4
1,1
1,3
1,3
0,1
1,3
0,0
1,4
1,6
1,1
0,0
1,4
1,4
1,4
1,4
1,4
0,5
1,4
0,0
1,2
0,4
1,6
0,3
1,5
0,3
1,5
0,1
0,0
1,1
1,3
1,1
1,1
1,2
1,1
1,8
0,1
1,1
1,4
1,3
1,4
1,7
1,1
1,5
1,1
1,8
0,6
1,4
1,1
1,4
0,4
0,7
1,8
0,4
0,4
0,5
1,1
1,1
1,1
1,5
0,1
1,4
1,3
1,4
1,4
0,7
0,3
0,1
1,4
0,7
0,3
0,5
0,3
1,4
0,5
1,4
0,4
1,4
0,4
0,0
1,4
1,4
0,3
1,1
1,8
0,4
1,4
0,4
1,4
0,0
1,1
0,7
0,0
1,4
1,1
1,1
1,4
0,0
0,4
1,5
1,4
1,4
0,3
0,1
1,8
0,4
0,5
0,5
0,5
0,0
0,4
1,4
0,4
1,7
1,1
1,7
0,6
1,7
1,8
1,8
1,2
0,0
1,7
1,1
1,7
1,1
1,5
0,3
1,3
0,3
1,4
0,3
1,1
1,0
1,8
0,1
1,8
0,6
1,8
1,1
1,0
1,8
0,0
1,7
0,0
1,7
1,8
1,2
1,4
1,2
0,0
0,6
1,7
1,1
1,4
0,6
0,0
0,1
1,7
0,1
1,7
0,2
1,7
0,2
1,7
1,1
0,0
0,2
1,8
0,5
1,4
0,3
0,2
1,1
1,1
1,4
1,4
1,7
0,2
1,4
0,1
1,4
1,2
1,1
1,4
1,4
1,4
1,1
1,4
1,6
1,2
1,6
1,2
1,1
0,2
0,3
1,2
1,6
1,2
1,6
1,4
1,4
0,1
1,6
0,1
1,6
0,1
1,5
0,1
1,2
1,7
1,4
0,0
1,0
1,3
1,4
1,4
0,1
1,4
1,1
1,1
1,0
0,3
1,1
0,0
1,0
1,4
0,4
1,1
1,4
0,1
1,7
0,3
1,4
0,1
1,7
0,5
1,1
1,3
0,1
0,0
1,1
1,7
1,4
1,4
0,5
1,4
0,1
0,1
1,7
0,3
1,7
0,1
1,7
0,1
1,1
0,1
1,7
0,4
1,7
1,1
1,1
1,8
0,4
1,3
0,4
1,1
0,4
1,3
0,4
0,1
0,4
1,7
0,4
1,4
0,4
1,7
0,1
0,0
0,1
1,1
0,1
0,1
0,4
1,2
1,1
0,1
0,4
1,6
1,1
1,1
1,4
1,4
1,2
1,1
0,0
0,6
4.544789,1920.000000
4.425171,1920.000000
4.652087,1920.000000
4.695805,1920.000000
4.678694,1920.000000
4.235536,1920.000000
4.714748,1920.000000
4.492581,1920.000000
4.663134,1920.000000
4.675784,1920.000000
5.067067,1920.000000
4.319707,1920.000000
4.241054,1920.000000
4.311633,1920.000000
4.083822,1920.000000
4.340880,1920.000000
4.275653,1920.000000
4.111749,1920.000000
4.164202,1920.000000
4.298882,1920.000000
4.256670,1920.000000
4.327025,1920.000000
4.266109,1920.000000
4.299915,1920.000000
4.470420,1920.000000
4.435486,1920.000000
4.229895,1920.000000
4.462317,1920.000000
4.432784,1920.000000
3.958369,1920.000000
4.239348,1920.000000
4.258182,1920.000000
4.286668,1920.000000
4.284102,1920.000000
4.262119,1920.000000
4.672718,1920.000000
4.498592,1920.000000
4.796864,1920.000000
4.413705,1920.000000
4.528819,1920.000000
5.087094,1920.000000
4.338399,1920.000000
4.623824,1920.000000
4.912004,1920.000000
4.702884,1920.000000
4.061424,1920.000000
4.768407,1920.000000
4.328614,1920.000000
4.271923,1920.000000
4.269967,1920.000000
3.987302,1920.000000
4.363084,1920.000000
5.247611,1920.000000
4.382413,1920.000000
4.543096,1920.000000
4.921942,1920.000000
4.589495,1920.000000
5.092684,1920.000000
4.572314,1920.000000
4.773584,1920.000000
4.635484,1920.000000
4.799579,1920.000000
4.120696,1920.000000
4.189041,1920.000000
4.099738,1920.000000
4.234373,1920.000000
3.956591,1920.000000
4.542209,1920.000000
4.486365,1920.000000
4.506243,1920.000000
4.024131,1920.000000
4.040631,1920.000000
4.556419,1920.000000
4.267704,1920.000000
3.978997,1920.000000
4.009376,1920.000000
4.155691,1920.000000
4.089394,1920.000000
4.189440,1920.000000
4.175678,1920.000000
4.078006,1920.000000
3.873397,1920.000000
4.234157,1920.000000
4.121370,1920.000000
4.114193,1920.000000
4.692377,1920.000000
4.448530,1920.000000
4.499034,1920.000000
4.408081,1920.000000
4.398487,1920.000000
4.760173,1920.000000
4.618423,1920.000000
4.614907,1920.000000
4.705570,1920.000000
4.741933,1920.000000
4.550906,1920.000000
4.887362,1920.000000
4.612905,1920.000000
4.646153,1920.000000
4.589314,1920.000000
4.715808,1920.000000
4.780019,1920.000000
4.865339,1920.000000
4.402126,1920.000000
4.204949,1920.000000
4.546516,1920.000000
4.751005,1920.000000
4.867636,1920.000000
4.472169,1920.000000
4.498893,1920.000000
4.415204,1920.000000
4.356589,1920.000000
4.056999,1920.000000
4.091089,1920.000000
4.381793,1920.000000
4.567735,1920.000000
4.330730,1920.000000
4.190420,1920.000000
4.463254,1920.000000
4.369862,1920.000000
4.454645,1920.000000
4.679341,1920.000000
4.532490,1920.000000
4.527547,1920.000000
4.646034,1920.000000
4.110911,1920.000000
4.451557,1920.000000
4.628030,1920.000000
4.851459,1920.000000
4.998603,1920.000000
4.578833,1920.000000
4.429893,1920.000000
4.912233,1920.000000
4.243546,1920.000000
3.973356,1920.000000
4.746911,1920.000000
4.624982,1920.000000
4.689901,1920.000000
4.450718,1920.000000
4.261528,1920.000000
4.702729,1920.000000
4.703512,1920.000000
4.647359,1920.000000
4.714208,1920.000000
4.772240,1920.000000
4.502700,1920.000000
4.461603,1920.000000
4.488181,1920.000000
4.809554,1920.000000
4.466421,1920.000000
4.533276,1920.000000
4.181098,1920.000000
4.080476,1920.000000
4.388560,1920.000000
4.093046,1920.000000
4.283889,1920.000000
4.496955,1920.000000
4.932518,1920.000000
4.763823,1920.000000
4.823987,1920.000000
4.515389,1920.000000
4.590805,1920.000000
5.075522,1920.000000
4.973311,1920.000000
4.976652,1920.000000
5.088896,1920.000000
4.522289,1920.000000
4.645038,1920.000000
4.615404,1920.000000
5.377052,1920.000000
4.739324,1920.000000
4.954687,1920.000000
4.734775,1920.000000
4.779811,1920.000000
4.994125,1920.000000
4.687151,1920.000000
4.820220,1920.000000
5.057050,1920.000000
5.377773,1920.000000
5.044419,1920.000000
5.078384,1920.000000
4.998422,1920.000000
5.327086,1920.000000
4.967481,1920.000000
4.990071,1920.000000
5.029030,1920.000000
4.903220,1920.000000
4.820926,1920.000000
4.449374,1920.000000
5.097196,1920.000000
4.912145,1920.000000
4.984523,1920.000000
4.991279,1920.000000
5.090509,1920.000000
4.829514,1920.000000
4.872287,1920.000000
4.419147,1920.000000
4.963544,1920.000000
4.920880,1920.000000
5.262119,1920.000000
5.011282,1920.000000
4.728490,1920.000000
5.050054,1920.000000
4.767169,1920.000000
4.915561,1920.000000
4.556781,1920.000000
4.910985,1920.000000
4.677275,1920.000000
4.625587,1920.000000
4.665389,1920.000000
4.647176,1920.000000
4.846380,1920.000000
4.462037,1920.000000
4.289740,1920.000000
4.668831,1920.000000
4.533670,1920.000000
4.392582,1920.000000
4.390383,1920.000000
4.157704,1920.000000
4.134355,1920.000000
4.147987,1920.000000
3.821032,1920.000000
4.209379,1920.000000
4.236457,1920.000000
3.796741,1920.000000
4.364538,1920.000000
4.338285,1920.000000
4.059925,1920.000000
4.160712,1920.000000
4.465389,1920.000000
4.201808,1920.000000
4.145632,1920.000000
4.402834,1920.000000
4.513861,1920.000000
4.402701,1920.000000
4.483368,1920.000000
4.544791,1920.000000
4.448562,1920.000000
4.053171,1920.000000
4.011029,1920.000000
4.289993,1920.000000
4.623380,1920.000000
4.109423,1920.000000
4.013939,1920.000000
4.760746,1920.000000
4.488133,1920.000000
4.474881,1920.000000
4.318192,1920.000000
3.856797,1920.000000
4.318056,1920.000000
4.228966,1920.000000
3.840005,1920.000000
3.991546,1920.000000
3.788364,1920.000000
4.148192,1920.000000
3.897195,1920.000000
4.224324,1920.000000
3.683169,1920.000000
3.878061,1920.000000
3.649601,1920.000000
3.561232,1920.000000
3.767419,1920.000000
4.063495,1920.000000
3.595176,1920.000000
3.383137,1920.000000
3.962189,1920.000000
3.813150,1920.000000
3.839533,1920.000000
3.660754,1920.000000
3.698151,1920.000000
3.557186,1920.000000
3.659035,1920.000000
3.893173,1920.000000
3.861106,1920.000000
3.918119,1920.000000
3.994644,1920.000000
3.641378,1920.000000
3.786261,1920.000000
3.517570,1920.000000
4.264555,1920.000000
3.710739,1920.000000
3.704092,1920.000000
4.078439,1920.000000
4.141213,1920.000000
3.699663,1920.000000
3.962141,1920.000000
3.644484,1920.000000
3.968969,1920.000000
3.824160,1920.000000
3.963243,1920.000000
3.977711,1920.000000
3.888121,1920.000000
3.583873,1920.000000
3.619009,1920.000000
3.985580,1920.000000
3.665416,1920.000000
3.855697,1920.000000
3.718949,1920.000000
3.681470,1920.000000
3.733768,1920.000000
3.768806,1920.000000
3.908834,1920.000000
3.324498,1920.000000
3.762164,1920.000000
4.374661,1920.000000
3.714357,1920.000000
3.597619,1920.000000
4.009032,1920.000000
3.891733,1920.000000
3.556326,1920.000000
4.011732,1920.000000
3.792381,1920.000000
4.345802,1920.000000
4.158124,1920.000000
3.813616,1920.000000
4.027914,1920.000000
4.453218,1920.000000
4.681816,1920.000000
4.335572,1920.000000
4.486001,1920.000000
3.948394,1920.000000
4.134978,1920.000000
4.098240,1920.000000
3.633080,1920.000000
4.112849,1920.000000
4.042350,1920.000000
3.835269,1920.000000
3.791300,1920.000000
3.736761,1920.000000
3.654422,1920.000000
3.726373,1920.000000
3.877417,1920.000000
3.919610,1920.000000
4.012474,1920.000000
3.914709,1920.000000
3.698220,1920.000000
4.028034,1920.000000
4.185402,1920.000000
4.160672,1920.000000
4.174549,1920.000000
3.935026,1920.000000
3.635747,1920.000000
4.061589,1920.000000
4.105571,1920.000000
4.640544,1920.000000
4.842459,1920.000000
4.810837,1920.000000
4.223259,1920.000000
4.133032,1920.000000
4.481228,1920.000000
4.059850,1920.000000
4.732259,1920.000000
4.802598,1920.000000
4.352396,1920.000000
3.981172,1920.000000
4.267124,1920.000000
4.150716,1920.000000
4.274564,1920.000000
4.405190,1920.000000
4.425964,1920.000000
4.554186,1920.000000
4.347589,1920.000000
4.218302,1920.000000
4.221784,1920.000000
4.259518,1920.000000
4.117332,1920.000000
4.295527,1920.000000
4.546724,1920.000000
3.896780,1920.000000
4.027297,1920.000000
4.189238,1920.000000
4.201877,1920.000000
4.656402,1920.000000
4.352143,1920.000000
4.274356,1920.000000
4.449006,1920.000000
4.610277,1920.000000
4.039939,1920.000000
4.379155,1920.000000
4.166204,1920.000000
4.433593,1920.000000
4.459436,1920.000000
4.834627,1920.000000
4.546908,1920.000000
4.587858,1920.000000
4.079951,1920.000000
4.475872,1920.000000
4.596091,1920.000000
4.596536,1920.000000
4.381532,1920.000000
4.249490,1920.000000
4.488599,1920.000000
4.144404,1920.000000
4.312290,1920.000000
4.199766,1920.000000
4.533262,1920.000000
4.550661,1920.000000
4.291356,1920.000000
4.239723,1920.000000
4.803431,1920.000000
4.755376,1920.000000
4.272615,1920.000000
4.606662,1920.000000
4.548321,1920.000000
4.633147,1920.000000
4.488934,1920.000000
4.116690,1920.000000
4.140150,1920.000000
4.791412,1920.000000
4.709600,1920.000000
4.038373,1920.000000
4.031622,1920.000000
4.328704,1920.000000
4.010260,1920.000000
4.336997,1920.000000
4.143915,1920.000000
4.436860,1920.000000
4.346577,1920.000000
4.372801,1920.000000
3.991168,1920.000000
4.298922,1920.000000
4.452425,1920.000000
4.739537,1920.000000
4.722822,1920.000000
4.480812,1920.000000
3.992368,1920.000000
4.854766,1920.000000
4.251093,1920.000000
3.963400,1920.000000
4.412087,1920.000000
4.363335,1920.000000
4.044685,1920.000000
4.322896,1920.000000
3.913567,1920.000000
4.214437,1920.000000
4.436636,1920.000000
4.349252,1920.000000
4.213117,1920.000000
4.735358,1920.000000
4.498193,1920.000000
4.036225,1920.000000
4.742863,1920.000000
4.203761,1920.000000
4.875824,1920.000000
4.516377,1920.000000
4.636199,1920.000000
4.399654,1920.000000
4.499525,1920.000000
4.378165,1920.000000
4.622602,1920.000000
4.400891,1920.000000
5.015133,1920.000000
4.204866,1920.000000
4.140721,1920.000000
4.208359,1920.000000
4.181306,1920.000000
4.507927,1920.000000
4.531650,1920.000000
4.007742,1920.000000
4.239020,1920.000000
4.254235,1920.000000
4.085240,1920.000000
4.200048,1920.000000
4.230196,1920.000000
4.311047,1920.000000
4.354750,1920.000000
4.762466,1920.000000
4.284065,1920.000000
4.320341,1920.000000
4.348500,1920.000000
4.144628,1920.000000
4.296767,1920.000000
4.152403,1920.000000
4.213202,1920.000000
4.354314,1920.000000
4.181898,1920.000000
4.584652,1920.000000
4.652108,1920.000000
4.677918,1920.000000
4.561126,1920.000000
4.783211,1920.000000
4.711623,1920.000000
4.287789,1920.000000
4.558783,1920.000000
4.803882,1920.000000
4.743110,1920.000000
4.116918,1920.000000
4.509396,1920.000000
4.262148,1920.000000
4.229994,1920.000000
4.177704,1920.000000
4.159301,1920.000000
4.616498,1920.000000
5.193172,1920.000000
4.475176,1920.000000
4.599519,1920.000000
4.962600,1920.000000
4.481383,1920.000000
4.978941,1920.000000
4.883314,1920.000000
4.482953,1920.000000
4.517420,1920.000000
4.724684,1920.000000
3.915929,1920.000000
4.121230,1920.000000
4.357058,1920.000000
4.122486,1920.000000
4.488895,1920.000000
4.511508,1920.000000
4.413774,1920.000000
4.790813,1920.000000
4.266029,1920.000000
3.894068,1920.000000
4.004361,1920.000000
4.200255,1920.000000
4.409094,1920.000000
3.710623,1920.000000
3.990439,1920.000000
4.015118,1920.000000
3.953815,1920.000000
4.340672,1920.000000
3.883871,1920.000000
4.247624,1920.000000
4.264494,1920.000000
3.848192,1920.000000
4.363170,1920.000000
4.644067,1920.000000
4.440892,1920.000000
4.834979,1920.000000
4.600762,1920.000000
4.203525,1920.000000
4.624788,1920.000000
4.485848,1920.000000
4.516347,1920.000000
4.784213,1920.000000
4.489575,1920.000000
4.539632,1920.000000
4.805574,1920.000000
4.526343,1920.000000
4.408637,1920.000000
4.526035,1920.000000
4.738289,1920.000000
4.957004,1920.000000
5.097046,1920.000000
4.608086,1920.000000
4.515524,1920.000000
4.396758,1920.000000
4.637437,1920.000000
5.251168,1920.000000
4.365869,1920.000000
4.567934,1920.000000
4.111696,1920.000000
3.935726,1920.000000
4.021429,1920.000000
3.897556,1920.000000
4.372289,1920.000000
4.463411,1920.000000
4.314062,1920.000000
4.239105,1920.000000
4.665553,1920.000000
4.342377,1920.000000
4.576171,1920.000000
4.479819,1920.000000
4.559875,1920.000000
4.545146,1920.000000
4.594334,1920.000000
4.057204,1920.000000
4.590632,1920.000000
4.541884,1920.000000
4.350596,1920.000000
5.123860,1920.000000
4.773357,1920.000000
4.423111,1920.000000
4.803449,1920.000000
4.230010,1920.000000
4.294533,1920.000000
5.242945,1920.000000
4.547152,1920.000000
4.547146,1920.000000
4.658854,1920.000000
4.825100,1920.000000
4.557267,1920.000000
4.701216,1920.000000
4.703808,1920.000000
4.580033,1920.000000
4.604885,1920.000000
4.449755,1920.000000
4.384890,1920.000000
4.460959,1920.000000
4.553232,1920.000000
4.309809,1920.000000
4.194234,1920.000000
4.158584,1920.000000
4.133990,1920.000000
4.567358,1920.000000
4.349265,1920.000000
4.102107,1920.000000
4.784056,1920.000000
5.007480,1920.000000
4.418385,1920.000000
4.763369,1920.000000
4.358075,1920.000000
4.621083,1920.000000
5.191236,1920.000000
4.927185,1920.000000
5.228001,1920.000000
4.761398,1920.000000
4.722649,1920.000000
4.873303,1920.000000
4.991009,1920.000000
5.049555,1920.000000
4.782712,1920.000000
4.916602,1920.000000
4.999899,1920.000000
4.886576,1920.000000
5.282871,1920.000000
4.700988,1920.000000
5.202628,1920.000000
5.072154,1920.000000
5.361718,1920.000000
5.119966,1920.000000
4.998595,1920.000000
4.857727,1920.000000
5.172791,1920.000000
5.223538,1920.000000
5.203624,1920.000000
4.863918,1920.000000
5.039246,1920.000000
4.520109,1920.000000
4.431454,1920.000000
5.183766,1920.000000
5.229961,1920.000000
4.684877,1920.000000
4.748935,1920.000000
4.780048,1920.000000
4.607873,1920.000000
4.751631,1920.000000
4.518430,1920.000000
5.100724,1920.000000
5.082396,1920.000000
5.155727,1920.000000
5.236950,1920.000000
4.797008,1920.000000
4.927437,1920.000000
5.095223,1920.000000
4.845072,1920.000000
4.586036,1920.000000
4.908179,1920.000000
4.708704,1920.000000
4.482674,1920.000000
4.584073,1920.000000
4.687053,1920.000000
4.794739,1920.000000
4.616511,1920.000000
4.496431,1920.000000
4.710412,1920.000000
4.267904,1920.000000
4.498277,1920.000000
4.194595,1920.000000
4.251890,1920.000000
3.870059,1920.000000
4.354033,1920.000000
4.106017,1920.000000
4.011458,1920.000000
4.090136,1920.000000
3.832545,1920.000000
4.390835,1920.000000
4.207868,1920.000000
4.398517,1920.000000
4.102373,1920.000000
4.247125,1920.000000
4.190685,1920.000000
4.070264,1920.000000
4.545632,1920.000000
4.707610,1920.000000
4.101924,1920.000000
4.777846,1920.000000
4.667083,1920.000000
4.562173,1920.000000
4.158122,1920.000000
4.322803,1920.000000
4.408669,1920.000000
4.494941,1920.000000
3.874202,1920.000000
4.039983,1920.000000
4.386888,1920.000000
4.484247,1920.000000
4.130277,1920.000000
4.333582,1920.000000
4.186971,1920.000000
4.340730,1920.000000
4.504546,1920.000000
3.928227,1920.000000
4.127174,1920.000000
3.750565,1920.000000
4.076722,1920.000000
3.851385,1920.000000
4.289659,1920.000000
3.668442,1920.000000
4.101210,1920.000000
3.839626,1920.000000
3.637032,1920.000000
3.778596,1920.000000
3.798547,1920.000000
3.715572,1920.000000
3.394298,1920.000000
3.802566,1920.000000
3.713946,1920.000000
3.824876,1920.000000
3.552128,1920.000000
3.653586,1920.000000
3.497861,1920.000000
3.769799,1920.000000
3.748206,1920.000000
3.729398,1920.000000
3.911788,1920.000000
3.797873,1920.000000
3.998974,1920.000000
3.901753,1920.000000
3.749967,1920.000000
4.154515,1920.000000
3.868861,1920.000000
3.730322,1920.000000
3.939694,1920.000000
4.083370,1920.000000
3.517385,1920.000000
3.611724,1920.000000
3.700291,1920.000000
4.020064,1920.000000
4.105792,1920.000000
4.207860,1920.000000
3.878899,1920.000000
3.906229,1920.000000
3.618194,1920.000000
3.634334,1920.000000
3.885826,1920.000000
3.857526,1920.000000
3.893606,1920.000000
3.913916,1920.000000
3.701101,1920.000000
3.763618,1920.000000
3.687950,1920.000000
3.493487,1920.000000
3.657214,1920.000000
3.838213,1920.000000
4.389876,1920.000000
3.871142,1920.000000
3.738405,1920.000000
3.933197,1920.000000
3.828799,1920.000000
3.914875,1920.000000
4.068235,1920.000000
3.514699,1920.000000
4.192263,1920.000000
4.094534,1920.000000
3.817261,1920.000000
3.973168,1920.000000
4.324198,1920.000000
4.382518,1920.000000
4.191700,1920.000000
4.589880,1920.000000
4.072400,1920.000000
4.254918,1920.000000
4.076902,1920.000000
3.394128,1920.000000
3.935848,1920.000000
4.178084,1920.000000
3.626676,1920.000000
3.766843,1920.000000
3.957582,1920.000000
3.899973,1920.000000
3.942813,1920.000000
4.148129,1920.000000
3.884841,1920.000000
4.126029,1920.000000
3.787192,1920.000000
3.511079,1920.000000
4.209632,1920.000000
3.976518,1920.000000
4.210553,1920.000000
4.066070,1920.000000
4.195989,1920.000000
3.958068,1920.000000
4.017278,1920.000000
4.126882,1920.000000
4.380306,1920.000000
4.595670,1920.000000
4.688498,1920.000000
4.287680,1920.000000
4.394607,1920.000000
4.449179,1920.000000
4.179906,1920.000000
4.570123,1920.000000
4.602115,1920.000000
4.381357,1920.000000
4.239926,1920.000000
3.949528,1920.000000
4.300868,1920.000000
4.214511,1920.000000
4.325725,1920.000000
4.454840,1920.000000
4.267195,1920.000000
4.606542,1920.000000
4.230932,1920.000000
4.420455,1920.000000
4.126943,1920.000000
3.991016,1920.000000
4.245807,1920.000000
4.588799,1920.000000
4.495254,1920.000000
4.045290,1920.000000
4.180464,1920.000000
4.032904,1920.000000
4.542742,1920.000000
4.284466,1920.000000
4.073837,1920.000000
4.142216,1920.000000
4.426806,1920.000000
3.921651,1920.000000
4.629022,1920.000000
4.083535,1920.000000
4.408751,1920.000000
4.263710,1920.000000
4.740074,1920.000000
4.593620,1920.000000
4.404259,1920.000000
4.350224,1920.000000
4.413439,1920.000000
4.723279,1920.000000
4.435954,1920.000000
4.282219,1920.000000
4.492789,1920.000000
4.676439,1920.000000
4.457227,1920.000000
4.359778,1920.000000
4.301567,1920.000000
4.648532,1920.000000
4.469141,1920.000000
4.361847,1920.000000
4.605127,1920.000000
4.497427,1920.000000
4.751801,1920.000000
4.254541,1920.000000
4.837978,1920.000000
4.322408,1920.000000
4.447673,1920.000000
4.533565,1920.000000
4.053079,1920.000000
4.070575,1920.000000
4.284596,1920.000000
4.814441,1920.000000
3.999215,1920.000000
3.954514,1920.000000
4.109024,1920.000000
4.090709,1920.000000
4.581999,1920.000000
4.348104,1920.000000
4.537943,1920.000000
4.155232,1920.000000
4.272922,1920.000000
3.979078,1920.000000
4.235745,1920.000000
4.511117,1920.000000
4.643839,1920.000000
4.668475,1920.000000
4.548320,1920.000000
4.045636,1920.000000
4.676444,1920.000000
4.240452,1920.000000
3.878056,1920.000000
4.535377,1920.000000
4.330536,1920.000000
4.314269,1920.000000
4.114897,1920.000000
4.120098,1920.000000
3.967104,1920.000000
4.216062,1920.000000
4.670321,1920.000000
4.306452,1920.000000
4.773309,1920.000000
4.570032,1920.000000
4.039781,1920.000000
4.645805,1920.000000
4.159096,1920.000000
4.674167,1920.000000
4.679127,1920.000000
4.580979,1920.000000
4.300888,1920.000000
4.495053,1920.000000
4.282664,1920.000000
4.425988,1920.000000
4.638275,1920.000000
4.721931,1920.000000
4.256956,1920.000000
4.180291,1920.000000
4.535348,1920.000000
4.507978,1920.000000
4.581604,1920.000000
4.399129,1920.000000
4.003735,1920.000000
4.241220,1920.000000
4.284409,1920.000000
3.985636,1920.000000
4.006708,1920.000000
4.343726,1920.000000
4.659659,1920.000000
4.327529,1920.000000
4.205655,1920.000000
4.116845,1920.000000
4.273704,1920.000000
4.276398,1920.000000
4.105537,1920.000000
4.537875,1920.000000
4.508532,1920.000000
4.005184,1920.000000
4.257810,1920.000000
4.440536,1920.000000
4.514042,1920.000000
4.408594,1920.000000
4.842403,1920.000000
4.574384,1920.000000
4.671180,1920.000000
4.546724,1920.000000
4.266257,1920.000000
4.859584,1920.000000
5.049036,1920.000000
4.557479,1920.000000
4.366168,1920.000000
4.607594,1920.000000
4.207067,1920.000000
4.073454,1920.000000
4.284717,1920.000000
4.258409,1920.000000
4.494529,1920.000000
4.971993,1920.000000
4.519984,1920.000000
4.545434,1920.000000
5.013105,1920.000000
4.813241,1920.000000
4.876771,1920.000000
4.757945,1920.000000
4.642552,1920.000000
4.510920,1920.000000
4.821052,1920.000000
4.032961,1920.000000
4.055954,1920.000000
4.240584,1920.000000
4.429262,1920.000000
4.307563,1920.000000
4.666438,1920.000000
4.446063,1920.000000
4.643260,1920.000000
4.168607,1920.000000
3.818083,1920.000000
4.107212,1920.000000
4.224174,1920.000000
4.321117,1920.000000
4.030762,1920.000000
4.030469,1920.000000
4.165790,1920.000000
4.154806,1920.000000
4.116742,1920.000000
4.102276,1920.000000
4.229802,1920.000000
4.274661,1920.000000
4.128843,1920.000000
4.455534,1920.000000
4.619416,1920.000000
4.392998,1920.000000
4.327883,1920.000000
4.276632,1920.000000
4.070707,1920.000000
4.598411,1920.000000
4.700957,1920.000000
4.433802,1920.000000
4.684148,1920.000000
4.791972,1920.000000
4.645845,1920.000000
4.831281,1920.000000
4.777245,1920.000000
4.486638,1920.000000
4.864528,1920.000000
4.734585,1920.000000
4.747351,1920.000000
5.018900,1920.000000
4.452015,1920.000000
4.522612,1920.000000
4.553197,1920.000000
4.453954,1920.000000
5.083667,1920.000000
4.466246,1920.000000
4.334152,1920.000000
4.351128,1920.000000
4.430507,1920.000000
3.803828,1920.000000
4.056188,1920.000000
4.251948,1920.000000
4.461058,1920.000000
4.499622,1920.000000
4.253943,1920.000000
4.398700,1920.000000
4.252640,1920.000000
4.652539,1920.000000
4.546319,1920.000000
4.494313,1920.000000
4.494204,1920.000000
4.530875,1920.000000
3.992964,1920.000000
4.612980,1920.000000
4.311574,1920.000000
4.841531,1920.000000
4.699040,1920.000000
4.775043,1920.000000
4.433355,1920.000000
4.891311,1920.000000
4.322359,1920.000000
4.056079,1920.000000
5.108981,1920.000000
4.671459,1920.000000
4.493478,1920.000000
4.528035,1920.000000
4.483409,1920.000000
4.473576,1920.000000
4.669566,1920.000000
4.558939,1920.000000
4.865247,1920.000000
4.394139,1920.000000
4.427626,1920.000000
4.521840,1920.000000
4.596637,1920.000000
4.894986,1920.000000
4.436922,1920.000000
4.418929,1920.000000
4.128843,1920.000000
3.934263,1920.000000
4.095175,1920.000000
4.563014,1920.000000
4.290518,1920.000000
4.483382,1920.000000
4.845858,1920.000000
4.592394,1920.000000
5.118037,1920.000000
4.473063,1920.000000
4.429810,1920.000000
5.060066,1920.000000
5.105912,1920.000000
5.258715,1920.000000
5.233089,1920.000000
4.806626,1920.000000
4.958157,1920.000000
4.541335,1920.000000
5.373033,1920.000000
4.587578,1920.000000
5.048600,1920.000000
4.862989,1920.000000
4.817714,1920.000000
5.026496,1920.000000
4.744572,1920.000000
5.011209,1920.000000
4.954205,1920.000000
5.423674,1920.000000
4.894172,1920.000000
4.776596,1920.000000
4.949756,1920.000000
5.098609,1920.000000
5.137772,1920.000000
5.095750,1920.000000
4.791807,1920.000000
4.940359,1920.000000
4.875991,1920.000000
4.664502,1920.000000
5.040573,1920.000000
5.002389,1920.000000
4.834318,1920.000000
4.726184,1920.000000
4.730891,1920.000000
4.809086,1920.000000
4.744123,1920.000000
4.915888,1920.000000
4.921960,1920.000000
5.276585,1920.000000
5.234571,1920.000000
5.172682,1920.000000
4.844797,1920.000000
5.052965,1920.000000
4.948846,1920.000000
4.838996,1920.000000
4.637743,1920.000000
4.679675,1920.000000
4.759798,1920.000000
4.796163,1920.000000
4.534088,1920.000000
4.590131,1920.000000
4.763030,1920.000000
4.634845,1920.000000
4.356498,1920.000000
4.770833,1920.000000
4.252664,1920.000000
4.472885,1920.000000
4.320104,1920.000000
4.175016,1920.000000
4.058786,1920.000000
4.235868,1920.000000
4.103125,1920.000000
4.061534,1920.000000
3.955803,1920.000000
3.962612,1920.000000
4.308468,1920.000000
4.049831,1920.000000
4.215006,1920.000000
4.262143,1920.000000
4.186727,1920.000000
4.116000,1920.000000
4.364971,1920.000000
4.498686,1920.000000
4.512973,1920.000000
4.622323,1920.000000
4.535434,1920.000000
4.675289,1920.000000
4.554402,1920.000000
4.194583,1920.000000
4.181360,1920.000000
4.482130,1920.000000
4.466778,1920.000000
4.023642,1920.000000
4.073882,1920.000000
4.545508,1920.000000
4.228235,1920.000000
4.328202,1920.000000
4.139075,1920.000000
4.219490,1920.000000
3.988610,1920.000000
4.350346,1920.000000
4.083393,1920.000000
4.179442,1920.000000
4.172354,1920.000000
4.164349,1920.000000
3.971907,1920.000000
4.058060,1920.000000
3.921619,1920.000000
3.996442,1920.000000
3.528963,1920.000000
3.569519,1920.000000
3.603807,1920.000000
3.892276,1920.000000
3.674265,1920.000000
3.598618,1920.000000
3.723577,1920.000000
3.613732,1920.000000
3.498273,1920.000000
3.675858,1920.000000
3.716109,1920.000000
3.787708,1920.000000
3.691967,1920.000000
3.693821,1920.000000
3.766772,1920.000000
3.851193,1920.000000
4.001469,1920.000000
4.215009,1920.000000
3.994599,1920.000000
3.630014,1920.000000
4.078544,1920.000000
3.789027,1920.000000
3.550718,1920.000000
4.112899,1920.000000
3.743678,1920.000000
3.546117,1920.000000
3.719957,1920.000000
3.764686,1920.000000
3.668358,1920.000000
3.759075,1920.000000
4.019512,1920.000000
3.920667,1920.000000
4.009823,1920.000000
3.896949,1920.000000
3.604679,1920.000000
3.893452,1920.000000
3.689991,1920.000000
3.787955,1920.000000
3.610466,1920.000000
3.860549,1920.000000
3.659666,1920.000000
3.826991,1920.000000
3.562479,1920.000000
3.831844,1920.000000
3.683111,1920.000000
4.347194,1920.000000
3.980434,1920.000000
3.877560,1920.000000
4.075036,1920.000000
3.836049,1920.000000
4.030725,1920.000000
4.085975,1920.000000
3.891228,1920.000000
4.152878,1920.000000
4.366860,1920.000000
3.628017,1920.000000
4.121412,1920.000000
3.938407,1920.000000
4.483683,1920.000000
4.316154,1920.000000
4.579498,1920.000000
3.928101,1920.000000
4.006057,1920.000000
3.763644,1920.000000
3.846541,1920.000000
4.233773,1920.000000
4.088465,1920.000000
3.644036,1920.000000
3.656198,1920.000000
3.753077,1920.000000
3.893795,1920.000000
3.957458,1920.000000
3.988756,1920.000000
3.954612,1920.000000
3.914689,1920.000000
3.759540,1920.000000
3.741181,1920.000000
4.082502,1920.000000
4.139271,1920.000000
4.193823,1920.000000
4.185338,1920.000000
4.279885,1920.000000
3.963298,1920.000000
4.037049,1920.000000
4.193511,1920.000000
4.585562,1920.000000
4.536535,1920.000000
4.783796,1920.000000
4.431368,1920.000000
4.475177,1920.000000
4.361846,1920.000000
4.106481,1920.000000
4.356232,1920.000000
4.287356,1920.000000
4.316401,1920.000000
4.438871,1920.000000
3.886443,1920.000000
4.116742,1920.000000
4.271701,1920.000000
4.348367,1920.000000
4.356660,1920.000000
4.212751,1920.000000
4.351072,1920.000000
4.132612,1920.000000
4.535064,1920.000000
4.097635,1920.000000
4.114066,1920.000000
4.478225,1920.000000
4.532588,1920.000000
4.213852,1920.000000
4.246273,1920.000000
4.246209,1920.000000
3.927649,1920.000000
4.375695,1920.000000
4.541660,1920.000000
4.005950,1920.000000
4.252028,1920.000000
4.330614,1920.000000
3.973333,1920.000000
4.481138,1920.000000
4.318590,1920.000000
4.394474,1920.000000
4.287827,1920.000000
4.980126,1920.000000
4.463111,1920.000000
4.557133,1920.000000
4.300766,1920.000000
4.448661,1920.000000
4.638422,1920.000000
4.655387,1920.000000
4.320585,1920.000000
4.371740,1920.000000
4.624448,1920.000000
4.125279,1920.000000
4.310290,1920.000000
4.338755,1920.000000
4.834028,1920.000000
4.468962,1920.000000
4.144591,1920.000000
4.375525,1920.000000
4.626286,1920.000000
4.587522,1920.000000
4.423360,1920.000000
4.491170,1920.000000
4.417756,1920.000000
4.342902,1920.000000
4.595440,1920.000000
3.956133,1920.000000
4.136585,1920.000000
4.537646,1920.000000
4.521545,1920.000000
4.086353,1920.000000
4.062411,1920.000000
4.050595,1920.000000
4.139923,1920.000000
4.591030,1920.000000
4.292829,1920.000000
4.518878,1920.000000
4.365764,1920.000000
4.584711,1920.000000
4.068855,1920.000000
4.354817,1920.000000
4.568687,1920.000000
4.626951,1920.000000
4.781937,1920.000000
4.619847,1920.000000
4.175288,1920.000000
4.435475,1920.000000
4.046158,1920.000000
3.923521,1920.000000
4.427797,1920.000000
4.581416,1920.000000
3.939327,1920.000000
4.189998,1920.000000
3.914173,1920.000000
4.349849,1920.000000
4.043158,1920.000000
4.561519,1920.000000
4.196224,1920.000000
4.864643,1920.000000
4.471555,1920.000000
4.068986,1920.000000
4.361352,1920.000000
4.437384,1920.000000
4.824355,1920.000000
4.746360,1920.000000
4.510870,1920.000000
4.175559,1920.000000
4.655101,1920.000000
4.390826,1920.000000
4.505214,1920.000000
4.755919,1920.000000
4.864922,1920.000000
4.301942,1920.000000
4.236640,1920.000000
4.519146,1920.000000
4.425479,1920.000000
4.057723,1920.000000
4.152433,1920.000000
4.117979,1920.000000
4.112983,1920.000000
4.678046,1920.000000
4.062286,1920.000000
4.359216,1920.000000
4.565933,1920.000000
4.578383,1920.000000
4.364768,1920.000000
4.330636,1920.000000
4.194285,1920.000000
4.232583,1920.000000
4.449236,1920.000000
4.170095,1920.000000
4.598410,1920.000000
4.343653,1920.000000
4.264344,1920.000000
4.180518,1920.000000
4.412829,1920.000000
4.416783,1920.000000
4.390209,1920.000000
4.773248,1920.000000
4.273421,1920.000000
4.805853,1920.000000
4.695820,1920.000000
4.297539,1920.000000
4.655423,1920.000000
4.776467,1920.000000
4.358109,1920.000000
4.268763,1920.000000
4.727001,1920.000000
4.282908,1920.000000
4.429967,1920.000000
4.239797,1920.000000
4.175889,1920.000000
4.731367,1920.000000
4.962814,1920.000000
4.411669,1920.000000
4.586593,1920.000000
4.765443,1920.000000
4.781732,1920.000000
4.743679,1920.000000
4.597090,1920.000000
4.521490,1920.000000
4.743764,1920.000000
4.478765,1920.000000
3.936355,1920.000000
4.210029,1920.000000
4.398251,1920.000000
3.999242,1920.000000
4.536579,1920.000000
4.627210,1920.000000
4.483804,1920.000000
4.482247,1920.000000
4.268287,1920.000000
3.997587,1920.000000
4.229345,1920.000000
4.232011,1920.000000
4.247733,1920.000000
4.062073,1920.000000
4.051440,1920.000000
4.245110,1920.000000
4.192662,1920.000000
4.428371,1920.000000
3.955378,1920.000000
3.809923,1920.000000
4.386644,1920.000000
3.984599,1920.000000
4.311360,1920.000000
4.400382,1920.000000
4.473891,1920.000000
4.472303,1920.000000
4.643172,1920.000000
4.304882,1920.000000
4.573930,1920.000000
4.607125,1920.000000
4.417285,1920.000000
4.759614,1920.000000
4.583531,1920.000000
4.518750,1920.000000
4.668179,1920.000000
4.632332,1920.000000
4.761732,1920.000000
4.535033,1920.000000
4.969265,1920.000000
4.983673,1920.000000
5.004214,1920.000000
4.175556,1920.000000
4.493591,1920.000000
4.550226,1920.000000
4.616966,1920.000000
4.945889,1920.000000
4.576063,1920.000000
4.409892,1920.000000
4.270058,1920.000000
4.047569,1920.000000
3.902616,1920.000000
3.802147,1920.000000
4.153649,1920.000000
4.755629,1920.000000
4.434136,1920.000000
4.163899,1920.000000
4.559375,1920.000000
4.183500,1920.000000
4.755634,1920.000000
4.585707,1920.000000
4.547167,1920.000000
4.547699,1920.000000
4.352076,1920.000000
4.051014,1920.000000
4.482192,1920.000000
4.554927,1920.000000
4.818947,1920.000000
4.845497,1920.000000
4.796220,1920.000000
4.570320,1920.000000
4.989398,1920.000000
4.189760,1920.000000
4.226060,1920.000000
4.909076,1920.000000
4.651808,1920.000000
4.613715,1920.000000
4.251298,1920.000000
4.609809,1920.000000
4.949893,1920.000000
4.642286,1920.000000
4.659757,1920.000000
4.786071,1920.000000
4.609301,1920.000000
4.418201,1920.000000
4.186703,1920.000000
4.691633,1920.000000
4.789817,1920.000000
4.535323,1920.000000
4.311746,1920.000000
4.107122,1920.000000
4.005137,1920.000000
4.392635,1920.000000
4.361472,1920.000000
4.277119,1920.000000
4.560056,1920.000000
4.883486,1920.000000
4.538843,1920.000000
4.679164,1920.000000
4.414234,1920.000000
4.203247,1920.000000
5.343507,1920.000000
4.867878,1920.000000
5.022181,1920.000000
5.145138,1920.000000
4.644987,1920.000000
4.819894,1920.000000
4.749726,1920.000000
5.178751,1920.000000
5.198959,1920.000000
5.027079,1920.000000
4.790269,1920.000000
4.937147,1920.000000
5.006174,1920.000000
4.865878,1920.000000
4.880876,1920.000000
5.040471,1920.000000
5.416841,1920.000000
5.010104,1920.000000
4.936458,1920.000000
4.843063,1920.000000
5.157378,1920.000000
5.501410,1920.000000
5.091631,1920.000000
4.791719,1920.000000
4.974535,1920.000000
4.875585,1920.000000
4.464634,1920.000000
5.020186,1920.000000
4.954077,1920.000000
4.784581,1920.000000
4.640286,1920.000000
4.808580,1920.000000
4.846941,1920.000000
4.751910,1920.000000
4.951202,1920.000000
4.929198,1920.000000
4.955392,1920.000000
5.283312,1920.000000
5.001311,1920.000000
4.942941,1920.000000
4.966427,1920.000000
4.927943,1920.000000
4.571243,1920.000000
4.583103,1920.000000
5.022423,1920.000000
4.714820,1920.000000
4.865106,1920.000000
4.450380,1920.000000
4.714365,1920.000000
4.654598,1920.000000
4.376354,1920.000000
4.399624,1920.000000
4.627953,1920.000000
4.391076,1920.000000
4.482349,1920.000000
4.483833,1920.000000
4.122316,1920.000000
4.088192,1920.000000
4.044262,1920.000000
3.806491,1920.000000
4.185016,1920.000000
4.305938,1920.000000
3.809676,1920.000000
4.441949,1920.000000
4.335178,1920.000000
4.244985,1920.000000
4.257882,1920.000000
4.390305,1920.000000
4.328242,1920.000000
4.263104,1920.000000
4.420861,1920.000000
4.351983,1920.000000
4.431909,1920.000000
4.614598,1920.000000
4.314009,1920.000000
4.710337,1920.000000
4.076822,1920.000000
4.089546,1920.000000
4.517140,1920.000000
4.487374,1920.000000
4.002774,1920.000000
3.929384,1920.000000
4.634433,1920.000000
4.288572,1920.000000
4.197964,1920.000000
4.166541,1920.000000
4.042187,1920.000000
4.365960,1920.000000
4.350677,1920.000000
3.751261,1920.000000
4.170499,1920.000000
3.935551,1920.000000
4.101967,1920.000000
3.808955,1920.000000
4.086125,1920.000000
3.787042,1920.000000
4.144471,1920.000000
3.699079,1920.000000
3.696669,1920.000000
3.895543,1920.000000
4.090227,1920.000000
3.804510,1920.000000
3.473961,1920.000000
3.594382,1920.000000
3.638966,1920.000000
3.895295,1920.000000
3.391502,1920.000000
3.514945,1920.000000
3.453144,1920.000000
4.019941,1920.000000
3.610717,1920.000000
3.686405,1920.000000
3.957544,1920.000000
4.115989,1920.000000
3.781870,1920.000000
3.996738,1920.000000
3.716517,1920.000000
4.230971,1920.000000
3.632728,1920.000000
3.708432,1920.000000
3.999494,1920.000000
3.907980,1920.000000
3.762362,1920.000000
3.672861,1920.000000
3.732466,1920.000000
3.895170,1920.000000
3.995118,1920.000000
4.102930,1920.000000
4.138389,1920.000000
3.899278,1920.000000
3.698435,1920.000000
3.543211,1920.000000
4.042945,1920.000000
3.700494,1920.000000
3.847532,1920.000000
3.616285,1920.000000
3.661385,1920.000000
3.769510,1920.000000
3.889222,1920.000000
3.424878,1920.000000
3.494796,1920.000000
3.995738,1920.000000
4.377128,1920.000000
3.612212,1920.000000
3.738191,1920.000000
4.218206,1920.000000
3.980760,1920.000000
4.037026,1920.000000
4.112347,1920.000000
3.837463,1920.000000
4.039471,1920.000000
4.032788,1920.000000
3.741614,1920.000000
4.132789,1920.000000
4.073765,1920.000000
4.624494,1920.000000
4.355109,1920.000000
4.599056,1920.000000
4.171095,1920.000000
3.930890,1920.000000
4.055970,1920.000000
3.618237,1920.000000
4.130108,1920.000000
4.011623,1920.000000
3.747425,1920.000000
3.703758,1920.000000
3.700590,1920.000000
3.913771,1920.000000
3.595816,1920.000000
3.853890,1920.000000
3.619520,1920.000000
3.983117,1920.000000
4.077143,1920.000000
3.706118,1920.000000
4.329926,1920.000000
4.135356,1920.000000
4.134766,1920.000000
4.143369,1920.000000
4.278385,1920.000000
3.815507,1920.000000
3.981939,1920.000000
4.065273,1920.000000
4.417687,1920.000000
4.552988,1920.000000
4.747121,1920.000000
4.064129,1920.000000
4.303858,1920.000000
4.246470,1920.000000
4.233655,1920.000000
4.625697,1920.000000
4.516941,1920.000000
4.708571,1920.000000
4.263964,1920.000000
4.003517,1920.000000
4.075603,1920.000000
4.545534,1920.000000
4.117612,1920.000000
4.172883,1920.000000
4.365284,1920.000000
4.351765,1920.000000
4.213266,1920.000000
4.602307,1920.000000
4.129786,1920.000000
4.211008,1920.000000
4.206461,1920.000000
4.485618,1920.000000
4.376678,1920.000000
4.264163,1920.000000
4.103901,1920.000000
4.217430,1920.000000
4.375298,1920.000000
4.408163,1920.000000
3.956517,1920.000000
4.227509,1920.000000
4.352845,1920.000000
4.104055,1920.000000
4.427873,1920.000000
4.164982,1920.000000
4.363297,1920.000000
4.705171,1920.000000
4.751407,1920.000000
4.436647,1920.000000
4.347229,1920.000000
4.382241,1920.000000
4.270239,1920.000000
4.408607,1920.000000
4.720002,1920.000000
4.334614,1920.000000
4.302062,1920.000000
4.688166,1920.000000
4.091033,1920.000000
4.308327,1920.000000
4.497060,1920.000000
4.510447,1920.000000
4.514286,1920.000000
4.239037,1920.000000
4.286273,1920.000000
4.642372,1920.000000
4.857519,1920.000000
4.512578,1920.000000
4.536443,1920.000000
4.379770,1920.000000
4.276297,1920.000000
4.510689,1920.000000
4.101863,1920.000000
4.390765,1920.000000
4.527289,1920.000000
4.684665,1920.000000
4.179869,1920.000000
3.973615,1920.000000
4.068551,1920.000000
3.974349,1920.000000
4.431441,1920.000000
4.286510,1920.000000
4.468821,1920.000000
4.631036,1920.000000
4.521304,1920.000000
3.880296,1920.000000
4.127846,1920.000000
4.739686,1920.000000
4.672297,1920.000000
4.773009,1920.000000
4.549873,1920.000000
4.028641,1920.000000
4.510630,1920.000000
4.375093,1920.000000
3.742711,1920.000000
4.488888,1920.000000
4.272378,1920.000000
4.228393,1920.000000
4.440066,1920.000000
4.262442,1920.000000
4.111243,1920.000000
4.113521,1920.000000
4.694969,1920.000000
4.326790,1920.000000
4.753932,1920.000000
4.324076,1920.000000
4.024493,1920.000000
209.592579,1920.000000
49.441353,1920.000000
75.587391,1920.000000
81.323762,1920.000000
45.447704,1920.000000
152.144629,1920.000000
55.084599,1920.000000
48.559117,1920.000000
51.922028,1920.000000
136.126229,1920.000000
24.750391,1920.000000
37.480931,1920.000000
128.629982,1920.000000
57.994752,1920.000000
281.942042,1920.000000
179.317186,1920.000000
113.857433,1920.000000
107.642266,1920.000000
32.941092,1920.000000
25.091032,1920.000000
25.123503,1920.000000
