2,20,0,2,4474040,1.561944
3,2,0,2,0,0.591552
3,3,2,2,3,0.308038
3,1,20,2,3,0.229358
3,5,19,0,0,0.219345
2,14,1,2,0,0.197813
2,20,1,2,0,0.185170
3,3,2,2,3,0.206046
2,9,1,2,3,0.163227
2,8,0,2,3,0.155959
3,0,2,2,2,0.128645
0,1,0,2,2,0.144216
2,20,3,3,2,0.148875
3,11,12,0,2,0.134889
2,17,3,3,2,0.118257
2,20,1,2,2,0.127091
2,5,1,2,2,0.106852
2,3,1,2,2,0.105032
3,2,20,2,2,0.117710
0,3,1,2,2,0.096027
3,14,18,3,3,0.086201
2,11,3,3,3,0.102056
2,10,3,3,3,0.097267
0,1,3,3,3,0.079090
3,0,2,1,2,0.078039
2,12,1,1,2,0.077356
3,2,5,1,2,0.067333
3,0,2,1,0,0.082540
2,0,2,0,0,0.086984
2,20,2,1,0,0.083738
3,20,10,1,2,0.075041
2,8,2,1,2,0.071303
3,6,20,1,3,0.069649
0,3,1,1,3,0.063928
3,0,2,3,2,0.057606
3,19,3,1,0,0.063453
3,3,2,3,2,0.066556
3,1,1,1,2,0.053693
2,14,2,3,2,0.054195
0,3,2,1,2,0.063290
3,3,2,3,3,0.051904
3,19,3,3,0,0.054154
3,5,19,3,0,0.057455
0,2,2,1,0,0.058803
2,14,3,2,0,0.053503
3,20,5,2,0,0.047119
2,8,3,2,0,0.048456
2,9,3,1,0,0.053295
3,0,2,2,2,0.068936
3,2,0,2,0,0.188039
3,2,0,0,0,0.154263
3,2,0,2,3,0.084323
2,11,3,2,3,0.053298
2,2,3,1,3,0.060714
2,20,3,2,3,0.057894
2,20,1,2,3,0.057320
3,19,3,2,3,0.047575
2,17,3,2,3,0.044865
0,1,3,1,3,0.045637
3,10,10,2,1,0.041550
3,10,20,3,3,0.048716
0,1,1,2,3,0.043668
2,14,1,0,3,0.046320
0,1,1,0,3,0.050446
2,8,3,2,3,0.043619
0,2,2,3,3,0.038876
0,1,3,2,3,0.036523
3,19,3,0,3,0.040450
2,20,3,3,3,0.041341
3,17,6,0,3,0.041242
3,3,2,0,3,0.036127
3,3,2,3,3,0.045093
3,3,2,0,2,0.036868
2,8,3,3,2,0.037246
3,18,18,0,1,0.035002
0,1,1,0,1,0.032752
0,1,1,2,1,0.029293
0,3,1,1,1,0.032408
2,12,3,3,1,0.034116
0,3,3,3,1,0.030482
3,11,12,3,2,0.045008
2,11,1,0,2,0.040293
3,2,0,0,2,0.033568
2,17,3,3,2,0.027837
0,2,3,3,2,0.027926
3,10,10,1,0,0.026958
3,20,2,2,1,0.027414
2,14,1,1,1,0.028992
3,1,4,0,3,0.031705
3,20,12,1,3,0.028297
2,17,3,2,3,0.030031
3,1,5,2,3,0.028359
2,20,3,2,3,0.028676
2,20,1,0,3,0.034028
2,20,3,2,3,0.028383
2,3,1,0,3,0.034000
0,0,3,2,3,0.029564
3,3,2,2,3,0.028922
3,3,2,2,3,0.029578
2,14,2,2,3,0.026895
2,12,2,2,3,0.027432
0,3,2,2,3,0.027282
2,5,1,0,3,0.026264
2,14,2,0,3,0.032667
3,17,6,0,1,0.027621
0,3,2,0,1,0.025145
2,0,1,0,1,0.025534
2,4,1,0,1,0.024193
3,1,5,0,3,0.022264
3,5,20,0,3,0.036883
3,20,3,0,2,0.029692
3,3,2,0,3,0.026634
3,3,2,0,0,0.026102
2,16,1,0,0,0.027706
3,0,12,0,1,0.025327
2,19,1,0,1,0.027401
3,18,15,0,0,0.023954
2,11,1,0,0,0.022839
0,1,1,0,0,0.021231
3,1,16,1,3,0.019692
3,19,3,1,0,0.020383
0,2,1,1,0,0.019383
3,3,2,0,1,0.019685
2,4,1,1,1,0.024839
2,3,1,0,1,0.025262
3,3,2,1,3,0.026263
3,20,3,0,2,0.020451
3,11,13,1,1,0.026499
2,19,1,0,1,0.022716
2,18,1,1,1,0.024283
2,5,1,0,1,0.020784
2,7,1,1,1,0.021400
2,6,1,0,1,0.017598
2,16,1,1,1,0.019362
2,2,1,0,1,0.021579
2,14,1,1,1,0.021096
2,20,1,0,1,0.020940
2,20,1,0,1,0.020575
2,8,1,0,1,0.025098
2,9,1,1,1,0.020836
2,9,1,0,1,0.026436
3,3,2,0,3,0.020231
3,2,3,0,2,0.020498
2,9,1,1,2,0.016850
2,10,1,1,2,0.021969
3,0,2,0,2,0.021186
2,0,1,1,2,0.017012
2,1,1,0,2,0.020895
3,1,5,1,2,0.023188
3,1,1,0,2,0.019893
2,11,1,0,2,0.017872
2,20,1,1,2,0.020897
3,2,3,0,2,0.017800
3,20,3,1,2,0.016495
2,3,1,1,2,0.021215
2,8,1,0,2,0.015509
2,8,1,0,2,0.016100
2,3,1,0,2,0.020380
0,3,1,1,2,0.019435
2,19,1,0,2,0.017721
3,1,4,0,3,0.020413
2,11,1,0,3,0.015118
2,12,2,0,3,0.019561
2,10,1,0,3,0.015471
2,10,2,0,3,0.016748
2,11,1,0,3,0.019614
3,3,2,0,3,0.018078
2,19,1,0,3,0.015440
2,14,1,0,3,0.016566
2,14,1,0,3,0.022094
2,14,3,2,3,0.014068
2,14,2,0,3,0.015533
2,0,1,0,3,0.015187
3,0,2,0,2,0.021009
3,0,2,0,2,0.020876
2,2,1,0,2,0.016499
3,3,2,0,3,0.015840
3,20,3,0,2,0.018114
3,0,2,0,2,0.013258
3,20,3,0,2,0.018024
2,20,2,0,2,0.016917
2,15,1,0,2,0.014321
2,9,2,0,2,0.015260
2,9,1,0,2,0.020345
2,9,2,0,2,0.015418
3,0,2,0,2,0.014947
2,17,2,0,2,0.014789
2,8,1,0,2,0.015117
2,10,1,2,2,0.016320
2,12,1,0,2,0.016515
2,4,2,0,2,0.015958
2,6,2,0,2,0.013540
2,8,2,0,2,0.012737
3,20,2,0,1,0.013004
2,16,2,0,1,0.015433
3,20,2,0,1,0.015049
3,19,3,0,3,0.015930
3,19,3,0,3,0.014148
2,3,1,0,3,0.015045
3,13,13,0,1,0.014773
3,13,13,0,1,0.012888
2,19,1,0,1,0.015096
2,16,2,0,1,0.014712
3,19,3,0,0,0.013692
0,3,2,0,0,0.013345
2,9,1,0,0,0.011748
0,1,3,2,0,0.012092
2,9,1,0,0,0.013715
2,17,1,2,0,0.011307
0,3,1,2,0,0.014046
0,3,1,2,0,0.014647
2,17,1,0,0,0.012198
0,3,1,2,0,0.010864
2,5,1,2,0,0.014434
3,10,10,1,0,0.015959
3,0,2,1,2,0.011703
2,12,1,2,2,0.013969
2,10,1,1,2,0.013624
3,20,12,2,0,0.015733
0,3,1,1,0,0.012259
2,11,1,2,0,0.013443
2,4,3,3,0,0.014353
2,1,1,2,0,0.013019
2,1,3,3,0,0.013951
2,0,1,2,0,0.015639
0,1,3,3,0,0.012197
3,0,2,2,2,0.012330
3,0,2,3,2,0.011243
2,19,1,2,2,0.013183
2,20,2,3,2,0.013599
2,20,1,2,2,0.013448
2,8,2,3,2,0.010490
2,8,1,0,2,0.011117
2,11,2,3,2,0.012014
2,20,1,2,2,0.012546
2,10,2,3,2,0.013969
2,3,1,2,2,0.013736
2,20,2,3,2,0.012976
2,20,1,0,2,0.010497
2,17,2,3,2,0.013587
3,3,2,0,2,0.010350
3,3,2,3,3,0.012132
2,11,1,2,3,0.011393
0,0,2,3,3,0.013028
3,3,2,0,2,0.010518
3,3,2,2,0,0.011661
2,3,1,0,0,0.011645
3,20,3,2,2,0.013720
2,14,1,0,2,0.010098
2,9,1,0,2,0.009618
2,10,1,2,2,0.010437
2,10,1,1,2,0.011997
2,11,1,2,2,0.012827
2,10,1,1,2,0.012400
0,3,1,2,2,0.012319
2,0,1,1,2,0.012285
3,10,10,2,1,0.011193
2,10,1,0,1,0.009118
2,8,1,1,1,0.010973
2,2,1,2,1,0.010246
3,0,2,1,2,0.012068
2,17,1,2,2,0.009693
2,16,1,2,2,0.009846
2,15,1,0,2,0.009483
2,0,1,0,2,0.009952
2,4,1,0,2,0.009164
3,3,2,1,2,0.010184
3,0,2,0,2,0.010098
2,5,1,0,2,0.009746
3,3,2,2,2,0.013407
2,12,1,1,2,0.011227
2,1,1,2,2,0.010900
3,1,16,0,3,0.011662
2,0,1,2,3,0.013037
2,20,1,1,3,0.011055
3,20,2,2,1,0.010858
2,9,1,0,1,0.009130
2,10,1,1,1,0.011312
2,19,1,2,1,0.011637
2,19,1,1,1,0.011128
2,19,1,0,1,0.010294
3,20,3,0,2,0.009426
2,20,1,1,2,0.009429
2,20,1,0,2,0.009919
2,10,1,1,2,0.011250
2,12,1,2,2,0.010987
2,14,1,1,2,0.010594
2,8,1,2,2,0.010295
2,11,1,1,2,0.010231
0,3,1,0,2,0.009310
3,19,3,1,0,0.008558
2,3,1,2,0,0.009243
2,3,1,2,0,0.010514
2,19,1,2,0,0.010699
2,3,1,1,0,0.010037
3,20,3,2,2,0.008214
2,3,1,1,2,0.008898
3,20,12,2,3,0.008957
2,12,1,2,3,0.008277
0,3,1,1,3,0.008720
2,3,1,2,3,0.010121
2,10,1,1,3,0.010190
0,3,1,2,3,0.010257
2,10,1,1,3,0.009704
2,11,1,2,3,0.009581
2,4,1,1,3,0.009275
2,7,1,2,3,0.008636
2,20,1,2,3,0.008358
2,16,1,1,3,0.009571
2,9,1,2,3,0.008902
2,1,1,1,3,0.009235
2,1,1,2,3,0.010184
0,3,1,1,3,0.008279
2,9,1,2,3,0.006881
2,9,1,1,3,0.007698
0,3,1,2,3,0.008316
2,18,1,1,3,0.009709
0,3,1,2,3,0.007847
2,1,1,1,3,0.009232
2,1,1,2,3,0.008317
2,10,1,1,3,0.009819
2,1,1,2,3,0.008833
0,3,1,1,3,0.008588
2,5,1,2,3,0.008101
2,5,1,2,3,0.008914
2,5,1,2,3,0.010238
3,1,16,2,3,0.007299
3,1,16,2,3,0.007783
2,11,1,2,3,0.008417
2,0,1,2,3,0.008907
2,6,1,2,3,0.007896
3,17,6,2,3,0.009463
2,17,1,2,3,0.007169
2,5,1,2,3,0.006860
2,7,1,2,3,0.007260
0,3,1,2,3,0.007749
0,3,1,2,3,0.007082
2,12,3,3,3,0.009206
0,3,1,2,3,0.007168
2,13,3,3,3,0.008923
0,1,1,2,3,0.006706
3,20,2,2,1,0.006525
3,20,2,2,1,0.009477
3,20,2,2,1,0.007036
2,20,1,0,1,0.007722
2,20,1,2,1,0.006944
2,2,1,2,1,0.008666
2,2,3,3,1,0.008490
3,20,3,0,2,0.007349
3,19,3,2,3,0.007206
2,19,1,2,3,0.009071
3,19,3,3,3,0.008351
3,19,3,2,3,0.007554
0,3,1,2,3,0.006338
2,5,1,0,3,0.005857
2,10,2,3,3,0.007377
2,3,1,0,3,0.008886
3,20,3,3,2,0.008117
2,20,1,0,2,0.007965
2,10,3,3,2,0.008497
2,19,1,0,2,0.008371
2,19,2,3,2,0.008266
2,19,1,0,2,0.006886
2,4,3,3,2,0.008129
2,11,1,0,2,0.007935
2,14,3,3,2,0.008290
0,1,1,0,2,0.007589
2,10,2,3,2,0.007209
2,20,1,2,2,0.008016
2,10,3,3,2,0.007803
2,11,1,2,2,0.007785
3,20,2,3,1,0.007763
3,20,2,2,1,0.006666
2,8,2,3,1,0.006547
2,8,1,3,1,0.008274
2,14,1,3,1,0.006355
2,14,1,3,1,0.007454
0,0,2,3,1,0.006690
2,6,1,3,1,0.006080
3,17,6,3,3,0.006422
0,3,1,2,3,0.007647
2,20,3,3,3,0.007746
3,20,3,2,2,0.006867
0,1,3,3,2,0.006887
2,10,1,2,2,0.006752
3,10,10,3,1,0.006651
2,15,1,3,1,0.005833
2,15,1,3,1,0.006847
2,8,3,2,1,0.006273
2,8,1,3,1,0.006918
2,16,3,2,1,0.007174
3,3,2,2,2,0.006338
3,3,2,2,2,0.005878
2,2,1,3,2,0.006744
2,20,1,2,2,0.006744
2,10,3,2,2,0.007644
2,20,1,2,2,0.007497
2,4,3,2,2,0.007336
2,2,1,2,2,0.007045
0,1,3,2,2,0.006979
2,16,1,3,2,0.005832
2,15,1,3,2,0.005703
0,3,1,3,2,0.005893
2,9,1,2,2,0.005991
2,9,1,2,2,0.006190
2,6,1,2,2,0.007677
2,6,1,2,2,0.006769
0,3,1,2,2,0.005850
0,3,1,2,2,0.006386
2,10,1,1,2,0.007800
0,3,1,2,2,0.007510
2,17,1,1,2,0.007373
2,15,1,2,2,0.005877
2,10,1,1,2,0.006580
3,20,2,2,1,0.005820
3,20,2,1,1,0.007029
3,20,2,2,1,0.006489
3,20,2,1,1,0.005991
2,18,1,2,1,0.005597
3,20,2,2,1,0.005864
3,20,2,1,1,0.005248
2,0,1,2,1,0.007028
2,10,1,1,1,0.006381
3,20,2,2,1,0.006286
3,19,3,2,3,0.006072
3,19,3,2,3,0.006498
2,16,1,1,3,0.006405
2,11,1,2,3,0.006707
2,10,1,1,3,0.007032
2,13,1,2,3,0.006946
2,10,1,1,3,0.006705
2,20,1,2,3,0.006794
2,11,1,1,3,0.006735
2,10,1,2,3,0.005961
2,14,2,2,3,0.005386
0,3,2,2,3,0.005246
2,19,1,2,3,0.005161
2,19,2,0,3,0.006181
2,12,1,2,3,0.006525
2,10,2,0,3,0.006607
2,19,1,2,3,0.006853
2,10,2,0,3,0.006471
2,17,1,2,3,0.006669
2,17,2,0,3,0.005940
3,19,3,0,3,0.005832
3,19,3,2,3,0.005602
2,16,2,0,3,0.005812
2,3,1,2,3,0.006186
2,14,2,0,3,0.006113
0,3,1,2,3,0.005980
2,16,2,0,3,0.006406
2,11,1,2,3,0.006253
2,10,2,0,3,0.006377
2,1,1,2,3,0.006358
2,1,2,0,3,0.006641
2,1,1,2,3,0.005995
2,0,2,0,3,0.004845
2,14,1,2,3,0.005024
3,13,13,1,1,0.005402
3,13,13,2,1,0.006841
3,0,2,2,2,0.007504
3,20,2,1,1,0.005725
3,20,2,1,1,0.006201
3,20,2,1,1,0.005118
2,20,1,1,1,0.005895
2,13,1,2,1,0.006264
2,2,1,1,1,0.005599
3,20,2,1,1,0.004903
2,1,1,1,1,0.004957
2,1,1,2,1,0.005676
2,10,1,1,1,0.005926
2,20,1,2,1,0.006224
2,6,1,1,1,0.006110
0,3,1,2,1,0.004837
2,3,1,1,1,0.006119
2,3,1,1,1,0.005570
3,3,2,1,2,0.005175
3,3,2,1,2,0.005542
2,20,1,1,2,0.005941
2,20,1,2,2,0.006372
3,20,2,1,1,0.005333
3,20,2,1,1,0.005183
2,3,1,1,1,0.004772
2,3,1,2,1,0.005285
2,18,1,1,1,0.005496
2,2,1,1,1,0.004477
3,3,2,1,2,0.004465
0,3,1,1,2,0.004816
3,20,2,2,1,0.004492
2,2,1,1,1,0.005506
2,5,1,2,1,0.005194
2,4,1,1,1,0.005732
2,20,1,2,1,0.005838
2,10,1,1,1,0.006074
0,3,1,2,1,0.006029
0,3,1,1,1,0.005873
2,8,1,2,1,0.005188
2,3,2,0,1,0.005549
3,3,2,2,2,0.004136
3,19,3,0,3,0.004903
1,0.300000
1,0.900000
0,0.100000
0,0.100000
0,0.100000
0,0.100000
0,0.100000
0,0.100000
0,0.100000
0,0.100000
0,0.100000
0,0.100000
0,0.100000
0,0.200000
0,0.100000
0,0.100000
0,0.100000
0,0.100000
0,0.200000
0,0.100000
0,0.100000
0,0.100000
0,0.100000
0,0.100000
1,0.200000
1,0.200000
1,0.200000
1,0.200000
0,0.200000
1,0.500000
1,0.200000
1,0.200000
1,0.200000
1,0.200000
0,0.200000
1,0.200000
0,0.200000
1,0.200000
0,0.200000
1,0.200000
0,0.200000
0,0.200000
0,0.200000
1,0.400000
0,0.100000
0,0.100000
0,0.100000
1,0.300000
0,0.100000
0,0.100000
1,0.400000
0,0.100000
0,0.100000
1,0.300000
0,0.100000
1,0.400000
0,0.100000
0,0.100000
1,0.300000
1,0.300000
0,0.200000
1,0.400000
1,0.100000
1,0.400000
0,0.100000
0,0.200000
0,0.100000
1,0.200000
0,0.200000
1,0.200000
1,0.100000
0,0.200000
1,0.200000
0,0.200000
1,0.200000
1,0.200000
1,0.200000
1,0.100000
0,0.200000
0,0.200000
0,0.200000
1,0.400000
0,0.300000
0,0.200000
0,0.200000
1,0.300000
0,0.100000
1,0.300000
0,0.300000
1,0.300000
0,0.100000
0,0.100000
0,0.100000
1,0.400000
0,0.100000
1,0.400000
0,0.100000
0,0.100000
0,0.100000
0,0.100000
0,0.100000
0,0.100000
1,0.400000
0,0.300000
1,0.400000
0,0.300000
1,0.400000
1,0.100000
1,0.100000
1,0.100000
1,0.100000
1,0.100000
1,0.100000
1,0.100000
1,0.100000
1,0.100000
1,0.100000
1,0.100000
1,0.100000
1,0.300000
1,0.300000
1,0.300000
1,0.200000
0,0.500000
1,0.200000
0,0.500000
1,0.200000
0,0.500000
1,0.200000
0,0.500000
1,0.200000
0,0.500000
1,0.200000
0,0.500000
1,0.200000
0,0.500000
1,0.200000
1,0.200000
1,0.200000
0,0.500000
1,0.200000
1,0.100000
1,0.200000
0,0.500000
0,0.500000
1,0.200000
0,0.500000
1,0.200000
0,0.500000
1,0.200000
1,0.200000
0,0.500000
1,0.200000
0,0.500000
0,0.500000
1,0.200000
1,0.200000
1,0.200000
0,0.500000
1,0.200000
0,0.300000
1,0.200000
0,0.300000
1,0.200000
0,0.200000
1,0.200000
0,0.300000
1,0.200000
1,0.200000
1,0.200000
0,0.200000
0,0.200000
1,0.200000
0,0.200000
1,0.200000
1,0.200000
1,0.200000
1,0.200000
0,0.200000
1,0.200000
0,0.200000
1,0.200000
0,0.200000
1,0.200000
0,0.200000
1,0.200000
0,0.200000
1,0.200000
0,0.200000
1,0.200000
0,0.200000
0,0.200000
0,0.200000
0,0.200000
0,0.200000
1,0.200000
0,0.200000
1,0.200000
1,0.200000
0,0.200000
1,0.200000
1,0.200000
0,0.200000
1,0.200000
0,0.200000
1,0.200000
0,0.200000
1,0.200000
0,0.200000
0,0.200000
1,0.100000
1,0.100000
0,0.200000
1,0.500000
0,0.500000
0,0.500000
1,0.500000
0,0.500000
1,0.500000
0,0.500000
1,0.500000
0,0.300000
1,0.500000
0,0.300000
1,0.500000
0,0.300000
1,0.500000
0,0.200000
1,0.500000
0,0.300000
1,0.500000
0,0.200000
1,0.200000
0,0.200000
1,0.500000
0,0.300000
1,0.500000
0,0.300000
1,0.200000
0,0.300000
1,0.200000
0,0.200000
1,0.500000
0,0.300000
1,0.200000
1,0.500000
1,0.100000
1,0.500000
1,0.100000
1,0.100000
1,0.500000
0,0.500000
1,0.500000
0,0.500000
1,0.500000
0,0.500000
1,0.500000
1,0.200000
0,0.500000
1,0.500000
0,0.500000
1,0.500000
0,0.200000
1,0.200000
1,0.100000
1,0.100000
0,0.500000
1,0.100000
1,0.100000
1,0.500000
0,0.500000
1,0.500000
1,0.100000
1,0.500000
0,0.500000
1,0.500000
1,0.100000
0,0.500000
1,0.500000
0,0.500000
1,0.200000
1,0.200000
0,0.500000
1,0.200000
0,0.500000
1,0.500000
0,0.500000
1,0.500000
0,0.500000
1,0.200000
0,0.500000
1,0.500000
1,0.500000
1,0.500000
0,0.500000
1,0.500000
0,0.500000
1,0.500000
1,0.500000
0,0.500000
1,0.500000
1,0.100000
1,0.500000
1,0.100000
1,0.500000
1,0.100000
1,0.500000
1,0.500000
1,0.100000
1,0.500000
1,0.100000
1,0.500000
1,0.100000
1,0.300000
0,0.500000
1,0.500000
0,0.500000
1,0.500000
0,0.500000
1,0.300000
0,0.500000
1,0.500000
0,0.500000
1,0.500000
0,0.200000
0,0.200000
0,0.200000
0,0.200000
1,0.500000
0,0.200000
1,0.500000
0,0.200000
1,0.300000
0,0.200000
1,0.500000
0,0.200000
1,0.500000
0,0.300000
1,0.500000
0,0.300000
1,0.300000
1,0.100000
1,0.100000
1,0.100000
1,0.400000
1,0.100000
1,0.500000
0,0.300000
1,0.400000
1,0.100000
1,0.100000
0,0.200000
1,0.100000
1,0.100000
1,0.400000
0,0.200000
1,0.400000
0,0.200000
1,0.400000
0,0.300000
1,0.400000
0,0.200000
1,0.400000
0,0.300000
1,0.400000
0,0.300000
1,0.400000
0,0.200000
1,0.500000
0,0.300000
1,0.500000
0,0.300000
1,0.500000
0,0.200000
1,0.100000
1,0.100000
1,0.100000
0,0.200000
1,0.100000
1,0.100000
1,0.500000
0,0.300000
1,0.500000
0,0.300000
1,0.500000
1,0.100000
1,0.100000
1,0.100000
0,0.200000
1,0.100000
0,0.200000
1,0.500000
0,0.200000
1,0.100000
1,0.500000
0,0.200000
1,0.500000
0,0.200000
1,0.500000
0,0.200000
1,0.100000
1,0.100000
1,0.100000
1,0.500000
0,0.200000
0,0.200000
1,0.500000
0,0.200000
1,0.500000
0,0.500000
1,0.500000
1,0.100000
1,0.500000
1,0.100000
1,0.500000
1,0.100000
1,0.500000
1,0.100000
1,0.500000
1,0.500000
1,0.100000
1,0.500000
1,0.100000
1,0.500000
0,0.100000
1,0.500000
0,0.500000
1,0.500000
0,0.500000
1,0.500000
0,0.500000
1,0.500000
0,0.500000
1,0.500000
0,0.100000
0,0.100000
1,0.500000
0,0.200000
1,0.500000
0,0.200000
1,0.500000
0,0.200000
1,0.500000
0,0.200000
0,0.200000
1,0.500000
0,0.200000
1,0.500000
0,0.200000
1,0.500000
0,0.200000
1,0.500000
0,0.200000
1,0.500000
0,0.200000
1,0.500000
0,0.200000
1,0.500000
1,0.100000
1,0.500000
1,0.100000
1,0.100000
1,0.100000
1,0.100000
1,0.100000
1,0.500000
1,0.100000
1,0.100000
1,0.100000
1,0.500000
1,0.100000
1,0.500000
1,0.100000
1,0.500000
1,0.100000
1,0.100000
1,0.100000
1,0.100000
1,0.100000
1,0.500000
1,0.100000
1,0.100000
1,0.100000
1,0.500000
1,0.100000
1,0.100000
1,0.100000
1,0.100000
1,0.500000
0,0.500000
1,0.500000
0,0.500000
1,0.500000
0,0.500000
1,0.500000
0,0.500000
1,0.500000
0,0.200000
1,0.500000
0,0.200000
1,2.739025
0,1.180484
0,1.093357
1,2.595277
0,1.300539
1,3.999443
1,4.085509
1,1.343357
0,1.375243
0,1.377466
0,1.361505
0,1.377466
1,2.631188
0,1.377466
0,1.520691
0,1.520691
1,2.781188
1,1.651532
1,1.780235
1,1.651532
1,1.651532
1,1.561505
0,4.253614
1,1.561505
1,1.561505
1,1.211505
0,1.173222
1,1.225243
1,1.785377
1,1.785377
1,2.990779
1,1.785377
1,2.781188
1,1.211505
1,1.211505
1,1.785377
0,1.200042
1,2.797365
1,1.093357
1,1.756397
1,1.093357
0,1.435377
1,1.300539
1,1.756397
0,1.520691
0,1.520691
0,3.853614
0,3.853614
0,1.311505
1,1.180484
1,1.530484
0,1.285533
0,1.193357
0,1.485307
0,1.485307
1,1.727466
0,1.485307
0,3.853614
0,3.853614
0,3.746731
1,2.835918
1,1.785307
0,1.404456
1,1.785307
0,1.404456
1,7.323088
1,7.323088
1,1.785307
1,1.093357
1,1.756397
1,1.093357
0,1.193357
1,1.350042
1,7.323088
1,7.323088
1,2.379035
0,4.253614
0,1.404456
1,2.379035
0,4.253614
1,1.377466
1,2.379035
1,1.204456
0,2.213814
0,4.253614
0,3.853614
0,2.213814
1,2.379035
1,1.315653
1,2.379035
1,1.093357
1,1.796856
1,1.093357
1,1.770476
1,1.093357
1,1.770476
1,1.093357
1,1.093357
0,1.143357
1,1.093357
1,1.093357
0,1.237507
1,1.770476
0,1.635307
1,1.770476
1,1.093357
1,1.561505
0,1.542093
0,1.446856
1,1.445301
0,1.542093
1,1.093357
0,1.028162
0,1.443357
1,1.655637
0,1.443357
0,1.237507
1,1.551150
1,1.435377
1,1.551150
1,1.435377
1,1.325329
1,1.325329
0,1.443357
1,1.742093
0,1.443357
1,1.742093
0,1.657375
1,1.561505
0,1.635307
1,1.561505
1,1.093357
1,1.561505
1,1.093357
1,1.561505
1,1.093357
1,1.561505
1,1.093357
1,1.561505
1,1.093357
1,1.093357
1,1.093357
0,1.054723
1,1.311505
0,1.635307
1,1.561505
0,1.443357
1,1.254723
0,1.507691
1,2.747365
1,1.254723
0,1.443357
1,1.254723
0,1.492093
0,1.443357
0,1.442093
1,1.742093
1,2.384204
0,1.443357
1,2.384204
1,1.315653
1,2.384204
0,1.443357
1,1.742093
0,1.635307
1,1.742093
0,1.443357
1,2.363814
0,1.442093
1,2.363814
0,1.442093
0,1.635307
1,2.363814
0,1.411505
1,1.311505
0,1.442093
1,1.093357
0,1.442093
0,1.411505
1,1.742093
1,1.385377
1,1.361505
0,1.635307
1,1.561505
1,1.385377
1,1.561505
0,1.635307
1,1.785377
0,1.635307
1,1.785377
0,1.635307
0,1.392093
0,1.392093
0,1.963814
0,1.635307
1,2.363814
0,1.635307
1,1.435307
0,1.392093
0,1.733380
1,1.483380
1,1.785377
0,1.443357
1,1.785377
0,1.461505
1,1.350042
0,1.443357
1,1.350042
1,1.093357
0,1.461505
1,1.350042
1,1.350042
1,1.093357
1,1.350042
0,4.353614
0,1.461505
1,1.361505
1,1.884204
1,2.384204
0,1.443357
1,1.350042
0,1.443357
1,1.361505
1,1.351150
1,1.350042
1,1.161505
1,1.361505
0,1.411505
1,1.350042
0,1.443357
1,1.350042
1,2.079035
1,2.129035
0,1.443357
1,1.350042
0,1.443357
1,1.350042
0,1.443357
1,1.350042
0,1.443357
1,1.350042
0,1.443357
1,1.561505
1,1.161505
0,1.150042
1,1.178162
1,3.896731
0,1.392093
1,1.161505
1,2.079035
1,3.896731
1,3.846731
1,1.561505
1,1.161505
1,1.561505
1,1.161505
1,3.896731
1,1.361505
1,1.161505
1,1.742093
1,1.161505
1,1.742093
1,1.406397
0,1.150042
0,1.150042
0,1.150042
0,1.150042
1,1.311505
1,1.350042
1,1.350042
1,1.351150
1,1.742093
1,1.351150
1,1.742093
0,1.635377
0,1.963814
1,2.063814
0,1.635377
1,1.742093
0,1.635377
1,1.742093
1,1.742093
0,1.635377
1,2.363814
0,1.685377
1,2.363814
0,1.635377
1,2.363814
1,1.385377
1,2.363814
1,1.385377
0,1.501150
0,1.501150
1,2.363814
0,1.635307
0,1.442093
1,2.063814
1,2.129035
0,1.501150
1,1.406397
0,1.392093
0,1.635307
1,2.363814
0,1.635307
1,2.363814
0,1.635307
0,1.501150
0,1.501150
0,1.635307
0,1.501150
0,1.501150
0,1.501150
1,2.063814
0,1.501150
1,2.063814
0,1.392093
1,1.351150
0,1.392093
1,1.351150
0,1.501150
1,1.242093
0,1.501150
0,1.635307
0,1.501150
0,1.635307
0,1.501150
0,1.501150
1,1.351150
0,1.392093
0,1.635307
0,1.392093
1,1.406397
1,2.063814
1,2.063814
0,1.392093
0,1.635307
0,1.392093
1,1.242093
0,1.392093
0,1.635307
0,1.392093
1,2.063814
0,2.113814
1,2.063814
0,1.392093
0,1.635307
0,1.392093
0,1.635307
0,1.392093
1,1.435307
0,1.635377
0,1.635307
1,1.485307
1,1.742093
1,1.742093
1,1.242093
1,1.742093
1,1.242093
1,1.742093
1,1.863814
1,1.742093
1,1.863814
1,1.742093
1,1.863814
1,1.742093
1,1.863814
1,1.742093
1,1.863814
1,1.742093
1,1.863814
1,1.742093
1,1.863814
0,1.963814
1,2.063814
0,1.461505
1,2.063814
1,1.200042
0,1.635307
1,1.200042
1,1.356397
1,1.742093
1,1.242093
1,1.742093
0,1.685307
1,1.200042
1,3.746731
1,1.200042
1,1.200042
0,1.635307
1,1.200042
0,1.685307
1,1.200042
0,1.150042
1,1.100042
0,2.013814
0,1.685307
0,1.000042
0,1.685307
0,1.000042
0,1.685307
0,2.013814
0,2.013814
0,2.013814
0,2.013814
0,4.246731
0,1.685307
1,2.363814
0,1.635307
1,2.363814
0,1.685307
1,2.363814
0,1.685307
0,2.013814
0,4.246731
0,2.013814
1,2.063814
0,2.013814
1,2.063814
0,2.013814
0,2.013814
1,1.863814
1,2.363814
0,1.685307
1,2.363814
0,1.685307
1,1.785307
0,1.685307
0,1.000042
0,1.685307
0,1.000042
0,1.685307
0,1.000042
0,1.685307
0,1.000042
0,1.635307
0,1.635307
0,2.113814
0,1.685307
0,1.000042
0,1.751150
0,1.000042
0,1.685307
0,1.000042
0,1.685307
0,1.685307
1,1.785307
0,1.751150
0,1.000042
0,1.685307
1,1.200042
0,1.685307
1,1.200042
0,1.685307
1,1.200042
0,1.751150
1,1.200042
1,1.100042
1,1.200042
0,1.733380
1,1.633380
1,1.361505
0,2.113814
1,2.063814
0,2.013814
0,1.751150
1,2.363814
1,1.100042
0,2.013814
1,2.063814
1,2.363814
0,1.685307
1,2.363814
0,1.751150
1,2.363814
0,1.751150
0,1.000042
1,1.100042
0,1.000042
0,1.751150
1,2.363814
1,2.063814
0,2.113814
0,1.635307
1,2.363814
0,1.635307
1,2.363814
0,1.050042
0,1.635307
1,2.363814
0,1.685307
1,1.200042
0,1.751150
1,1.200042
0,1.751150
1,1.200042
0,1.751150
1,1.200042
0,1.751150
1,1.200042
0,1.635307
0,0
1,3
1,3
0,1
0,3
0,3
0,1
1,5
0,8
1,4
1,3
1,3
0,1
1,3
1,3
1,0
1,2
1,4
1,0
1,3
1,4
1,4
1,0
1,0
1,0
1,1
1,0
1,0
1,3
1,0
0,1
1,6
0,6
1,1
1,2
1,8
0,6
1,8
0,6
1,8
1,3
1,3
1,3
1,3
1,3
1,2
1,2
1,8
1,1
1,1
1,4
1,2
1,1
1,4
0,1
1,0
1,2
1,2
1,3
1,1
0,7
0,1
0,7
1,7
0,4
0,2
1,3
1,3
0,2
0,1
1,1
1,1
0,1
1,1
1,3
0,1
1,1
1,2
1,3
1,1
1,0
1,5
0,7
0,3
1,2
0,1
1,2
0,1
0,2
1,8
1,1
1,2
0,2
1,0
0,1
1,8
0,7
1,3
1,3
1,3
1,2
0,5
1,7
0,7
1,6
1,0
1,4
1,2
1,2
1,2
1,1
1,1
1,2
1,1
1,2
1,0
1,2
1,2
1,2
1,2
1,2
0,6
1,8
0,6
1,8
0,2
1,5
1,2
1,5
0,2
1,5
1,2
0,0
0,6
1,6
0,8
1,0
0,1
1,8
1,4
0,6
1,8
1,2
1,8
0,4
1,2
1,0
1,2
1,3
1,3
1,7
0,2
1,0
1,3
0,4
1,3
0,4
1,8
1,0
1,5
1,0
1,7
1,0
1,2
0,3
1,7
0,5
1,1
1,3
0,2
1,3
0,5
1,6
1,1
1,8
1,2
1,8
1,3
1,4
1,8
0,1
1,8
1,4
0,5
1,4
1,8
1,1
1,8
0,5
1,7
1,1
1,1
1,3
1,2
1,1
1,5
0,6
1,8
1,6
0,5
1,2
1,4
0,6
1,5
0,6
1,8
0,5
0,5
1,5
0,5
0,3
0,3
0,4
1,7
0,6
0,4
1,5
0,5
1,7
0,6
1,7
0,6
1,2
0,3
1,6
1,0
1,5
1,1
1,5
0,2
1,0
0,4
1,5
1,0
1,6
0,5
1,8
0,1
1,6
1,1
1,7
0,4
1,7
0,5
1,3
1,2
0,4
1,3
1,3
1,4
1,2
0,3
1,7
0,5
1,6
1,0
1,6
1,2
1,1
1,6
1,0
1,5
1,2
1,6
1,2
1,3
1,1
1,1
1,1
1,7
1,0
1,2
0,3
1,7
0,2
1,8
1,8
0,5
1,5
0,3
1,1
1,8
0,2
1,6
0,5
1,7
0,8
1,8
1,0
1,6
1,3
1,3
0,4
1,4
1,1
1,3
0,4
1,8
1,4
0,5
1,8
0,5
1,6
0,5
1,6
0,6
1,3
1,6
0,7
0,1
0,3
1,2
0,3
0,5
1,4
1,7
0,2
1,7
0,3
1,5
0,5
1,5
1,0
1,7
0,4
1,3
0,3
0,4
1,8
1,0
1,2
0,3
1,4
0,4
0,1
1,0
1,5
1,0
1,8
1,0
1,8
0,3
1,0
1,1
1,0
0,1
1,6
1,0
1,6
0,4
1,2
0,3
1,8
1,8
1,5
0,6
1,8
0,6
1,6
0,6
1,5
0,3
1,4
0,8
1,8
0,8
1,7
0,6
1,7
0,6
1,8
0,3
1,3
0,4
1,3
1,3
0,2
0,4
1,1
1,2
1,2
0,2
1,2
0,3
1,2
0,4
0,5
1,6
0,4
1,5
0,5
1,3
1,0
0,3
1,6
0,6
1,7
0,8
1,6
0,3
1,3
0,5
1,0
0,5
1,8
0,3
1,2
1,0
1,6
0,6
1,8
1,1
1,8
1,0
1,2
1,0
1,2
1,0
1,0
1,2
1,3
1,6
0,3
1,8
0,7
1,2
0,7
1,8
0,6
1,7
0,6
1,8
1,0
1,2
1,3
0,1
1,2
0,3
1,7
0,6
1,5
0,6
1,6
0,3
0,8
0,1
1,0
1,8
0,8
1,5
0,8
1,8
0,6
1,5
0,3
1,2
1,1
0,1
0,3
0,1
0,1
0,1
0,1
0,1
0,2
1,4
0,3
0,1
0,3
1,5
0,6
1,8
0,3
1,8
0,5
1,3
0,4
0,1
0,1
1,0
0,4
1,0
0,4
1,6
0,1
0,2
1,4
1,2
1,7
1,0
1,7
0,8
1,8
0,6
1,8
0,6
1,8
0,5
1,4
1,2
4.405792,1920.000000
4.393657,1920.000000
4.527588,1920.000000
4.497770,1920.000000
4.425534,1920.000000
4.421600,1920.000000
4.366352,1920.000000
4.351759,1920.000000
4.497759,1920.000000
4.543497,1920.000000
4.288837,1920.000000
4.395694,1920.000000
4.512590,1920.000000
4.524571,1920.000000
4.409062,1920.000000
4.530442,1920.000000
4.377040,1920.000000
4.585599,1920.000000
4.451809,1920.000000
4.387000,1920.000000
4.423013,1920.000000
4.414853,1920.000000
4.436182,1920.000000
4.446320,1920.000000
4.414661,1920.000000
4.455772,1920.000000
4.438756,1920.000000
4.376353,1920.000000
4.420860,1920.000000
4.352741,1920.000000
4.482599,1920.000000
4.476625,1920.000000
4.282445,1920.000000
4.528317,1920.000000
4.390882,1920.000000
4.479885,1920.000000
4.397831,1920.000000
4.289776,1920.000000
4.363955,1920.000000
4.445560,1920.000000
4.380714,1920.000000
4.422474,1920.000000
4.385401,1920.000000
4.477885,1920.000000
4.466268,1920.000000
4.394953,1920.000000
4.503273,1920.000000
4.375598,1920.000000
4.483682,1920.000000
4.464669,1920.000000
4.481073,1920.000000
4.483285,1920.000000
4.474437,1920.000000
4.343831,1920.000000
4.332066,1920.000000
4.449781,1920.000000
4.531891,1920.000000
4.434310,1920.000000
4.422772,1920.000000
4.376474,1920.000000
4.401134,1920.000000
4.301960,1920.000000
4.175797,1920.000000
4.309230,1920.000000
4.215454,1920.000000
4.394477,1920.000000
4.285891,1920.000000
4.352722,1920.000000
4.279668,1920.000000
4.282959,1920.000000
4.257565,1920.000000
4.292366,1920.000000
4.308355,1920.000000
4.352666,1920.000000
4.184811,1920.000000
4.319831,1920.000000
4.332753,1920.000000
4.471613,1920.000000
4.420528,1920.000000
4.306095,1920.000000
4.318977,1920.000000
4.248027,1920.000000
4.336245,1920.000000
4.332785,1920.000000
4.249544,1920.000000
4.275918,1920.000000
4.289066,1920.000000
4.369218,1920.000000
4.332446,1920.000000
4.365792,1920.000000
4.382348,1920.000000
4.296112,1920.000000
4.307115,1920.000000
4.269172,1920.000000
4.451066,1920.000000
4.428522,1920.000000
4.229105,1920.000000
4.285900,1920.000000
4.332045,1920.000000
4.327025,1920.000000
4.314148,1920.000000
4.368166,1920.000000
4.366679,1920.000000
4.362631,1920.000000
4.311928,1920.000000
4.241454,1920.000000
4.399167,1920.000000
4.436787,1920.000000
4.400605,1920.000000
4.315466,1920.000000
4.404777,1920.000000
4.359486,1920.000000
4.359560,1920.000000
4.370759,1920.000000
4.343020,1920.000000
4.267421,1920.000000
4.256654,1920.000000
4.284763,1920.000000
4.352163,1920.000000
4.397816,1920.000000
4.157744,1920.000000
4.184496,1920.000000
4.208065,1920.000000
4.295266,1920.000000
4.170542,1920.000000
4.184170,1920.000000
4.234148,1920.000000
4.192668,1920.000000
4.401748,1920.000000
4.227994,1920.000000
4.302829,1920.000000
4.231936,1920.000000
4.306648,1920.000000
4.365610,1920.000000
4.424314,1920.000000
4.400329,1920.000000
4.411879,1920.000000
4.384763,1920.000000
4.414266,1920.000000
4.458555,1920.000000
4.282293,1920.000000
4.253240,1920.000000
4.479936,1920.000000
4.407778,1920.000000
4.375854,1920.000000
4.450919,1920.000000
4.421537,1920.000000
4.452240,1920.000000
4.356899,1920.000000
4.354843,1920.000000
4.302479,1920.000000
4.316955,1920.000000
4.428521,1920.000000
4.204864,1920.000000
4.239170,1920.000000
4.232055,1920.000000
4.286107,1920.000000
4.286510,1920.000000
4.288024,1920.000000
4.286682,1920.000000
4.259239,1920.000000
4.306715,1920.000000
4.140814,1920.000000
4.289503,1920.000000
4.110025,1920.000000
4.267868,1920.000000
4.020600,1920.000000
3.989772,1920.000000
4.205665,1920.000000
4.196082,1920.000000
4.130168,1920.000000
4.185030,1920.000000
4.125128,1920.000000
4.191396,1920.000000
4.112939,1920.000000
4.399963,1920.000000
4.263534,1920.000000
4.174532,1920.000000
4.267705,1920.000000
4.222654,1920.000000
4.132656,1920.000000
4.297309,1920.000000
4.170495,1920.000000
4.206921,1920.000000
4.265185,1920.000000
4.188044,1920.000000
4.186615,1920.000000
4.201672,1920.000000
4.145136,1920.000000
4.124236,1920.000000
4.173145,1920.000000
4.204491,1920.000000
4.206362,1920.000000
4.213560,1920.000000
4.125574,1920.000000
4.168778,1920.000000
4.183931,1920.000000
4.196565,1920.000000
4.151220,1920.000000
4.226196,1920.000000
4.299006,1920.000000
4.228677,1920.000000
4.291595,1920.000000
4.307056,1920.000000
4.202770,1920.000000
4.252301,1920.000000
4.157695,1920.000000
4.270945,1920.000000
4.237357,1920.000000
4.291791,1920.000000
4.227871,1920.000000
4.155854,1920.000000
4.187700,1920.000000
4.190957,1920.000000
4.319028,1920.000000
4.240235,1920.000000
4.284487,1920.000000
4.319045,1920.000000
4.333767,1920.000000
4.279925,1920.000000
4.318034,1920.000000
4.211892,1920.000000
4.279380,1920.000000
4.311591,1920.000000
4.387731,1920.000000
4.281812,1920.000000
4.332018,1920.000000
4.185860,1920.000000
4.193533,1920.000000
4.266703,1920.000000
4.078827,1920.000000
4.195511,1920.000000
4.206873,1920.000000
4.093968,1920.000000
4.229665,1920.000000
4.221364,1920.000000
4.226679,1920.000000
4.242548,1920.000000
4.295174,1920.000000
4.251917,1920.000000
4.333146,1920.000000
4.292379,1920.000000
4.284399,1920.000000
4.330409,1920.000000
4.344415,1920.000000
4.297922,1920.000000
4.298262,1920.000000
4.433186,1920.000000
4.290626,1920.000000
4.241905,1920.000000
4.226754,1920.000000
4.274428,1920.000000
4.268875,1920.000000
4.298891,1920.000000
4.464760,1920.000000
4.281392,1920.000000
4.281067,1920.000000
4.308788,1920.000000
4.385328,1920.000000
4.493980,1920.000000
4.504184,1920.000000
4.425014,1920.000000
4.376432,1920.000000
4.342078,1920.000000
4.415996,1920.000000
4.328616,1920.000000
4.296971,1920.000000
4.365499,1920.000000
4.435948,1920.000000
4.345795,1920.000000
4.383463,1920.000000
4.189105,1920.000000
4.286302,1920.000000
4.230765,1920.000000
4.276600,1920.000000
4.492073,1920.000000
4.288990,1920.000000
4.351667,1920.000000
4.264126,1920.000000
4.284514,1920.000000
4.334436,1920.000000
4.423084,1920.000000
4.322419,1920.000000
4.349719,1920.000000
4.330838,1920.000000
4.287216,1920.000000
4.266761,1920.000000
4.404710,1920.000000
4.444442,1920.000000
4.262805,1920.000000
4.333957,1920.000000
4.245189,1920.000000
4.339996,1920.000000
4.314646,1920.000000
4.281892,1920.000000
4.249296,1920.000000
4.204684,1920.000000
4.171226,1920.000000
4.344038,1920.000000
4.390281,1920.000000
4.378749,1920.000000
4.426451,1920.000000
4.228465,1920.000000
4.405810,1920.000000
4.304486,1920.000000
4.389157,1920.000000
4.269325,1920.000000
4.400716,1920.000000
4.348387,1920.000000
4.372069,1920.000000
4.366077,1920.000000
4.348865,1920.000000
4.391991,1920.000000
4.209443,1920.000000
4.316519,1920.000000
4.327136,1920.000000
4.200207,1920.000000
4.333826,1920.000000
4.328779,1920.000000
4.409005,1920.000000
4.389487,1920.000000
4.443807,1920.000000
4.408600,1920.000000
4.485913,1920.000000
4.383296,1920.000000
4.312539,1920.000000
4.367579,1920.000000
4.456906,1920.000000
4.351512,1920.000000
4.434274,1920.000000
4.383932,1920.000000
4.455012,1920.000000
4.388219,1920.000000
4.378771,1920.000000
4.433517,1920.000000
4.363755,1920.000000
4.399092,1920.000000
4.341993,1920.000000
4.434868,1920.000000
4.261635,1920.000000
4.221120,1920.000000
4.346168,1920.000000
4.354019,1920.000000
4.230459,1920.000000
4.413803,1920.000000
4.414517,1920.000000
4.453032,1920.000000
4.317748,1920.000000
4.340538,1920.000000
4.494906,1920.000000
4.419105,1920.000000
4.423254,1920.000000
4.462264,1920.000000
4.437257,1920.000000
4.324104,1920.000000
4.350948,1920.000000
4.384434,1920.000000
4.485408,1920.000000
4.465276,1920.000000
4.515348,1920.000000
4.489457,1920.000000
4.434536,1920.000000
4.417416,1920.000000
4.430552,1920.000000
4.416570,1920.000000
4.435969,1920.000000
4.492061,1920.000000
4.455748,1920.000000
4.505640,1920.000000
4.586900,1920.000000
4.369341,1920.000000
4.426590,1920.000000
4.459167,1920.000000
4.614599,1920.000000
4.421085,1920.000000
4.551821,1920.000000
4.391947,1920.000000
4.291688,1920.000000
4.470322,1920.000000
4.447771,1920.000000
4.411336,1920.000000
4.513183,1920.000000
4.461779,1920.000000
4.468860,1920.000000
4.470425,1920.000000
4.500586,1920.000000
4.347994,1920.000000
4.584534,1920.000000
4.416026,1920.000000
4.564116,1920.000000
4.615200,1920.000000
4.448304,1920.000000
4.570603,1920.000000
4.457267,1920.000000
4.458984,1920.000000
4.420915,1920.000000
4.386429,1920.000000
4.461483,1920.000000
4.461763,1920.000000
4.392059,1920.000000
4.392779,1920.000000
4.588354,1920.000000
4.437656,1920.000000
4.432182,1920.000000
4.455480,1920.000000
4.418755,1920.000000
4.575403,1920.000000
4.498572,1920.000000
4.594612,1920.000000
4.496228,1920.000000
4.487334,1920.000000
4.588567,1920.000000
4.558576,1920.000000
4.627471,1920.000000
4.417590,1920.000000
4.460636,1920.000000
4.471800,1920.000000
4.418081,1920.000000
4.517466,1920.000000
4.493177,1920.000000
4.630776,1920.000000
4.381607,1920.000000
4.590246,1920.000000
4.349304,1920.000000
4.510692,1920.000000
4.523207,1920.000000
4.584230,1920.000000
4.451014,1920.000000
4.480533,1920.000000
4.467824,1920.000000
4.488227,1920.000000
4.321305,1920.000000
4.650159,1920.000000
4.543693,1920.000000
4.427864,1920.000000
4.366741,1920.000000
4.355379,1920.000000
4.365646,1920.000000
4.514791,1920.000000
4.415817,1920.000000
4.365265,1920.000000
4.413200,1920.000000
4.252720,1920.000000
4.335892,1920.000000
4.355189,1920.000000
4.399473,1920.000000
4.479078,1920.000000
4.317219,1920.000000
4.509631,1920.000000
4.436433,1920.000000
4.474018,1920.000000
4.618548,1920.000000
4.448136,1920.000000
4.455334,1920.000000
4.597531,1920.000000
4.503404,1920.000000
4.516438,1920.000000
4.449731,1920.000000
4.398567,1920.000000
4.382685,1920.000000
4.387952,1920.000000
4.395876,1920.000000
4.559991,1920.000000
4.461420,1920.000000
4.430626,1920.000000
4.552798,1920.000000
4.458008,1920.000000
4.310566,1920.000000
4.433477,1920.000000
4.374975,1920.000000
4.369575,1920.000000
4.440378,1920.000000
4.449749,1920.000000
4.517350,1920.000000
4.430814,1920.000000
4.381985,1920.000000
4.352241,1920.000000
4.469359,1920.000000
4.419010,1920.000000
4.353074,1920.000000
4.278827,1920.000000
4.379135,1920.000000
4.483814,1920.000000
4.420030,1920.000000
4.392272,1920.000000
4.460923,1920.000000
4.545291,1920.000000
4.383141,1920.000000
4.453008,1920.000000
4.404677,1920.000000
4.459738,1920.000000
4.476097,1920.000000
4.378346,1920.000000
4.496218,1920.000000
4.458063,1920.000000
4.370784,1920.000000
4.416370,1920.000000
4.486483,1920.000000
4.382066,1920.000000
4.482859,1920.000000
4.405822,1920.000000
4.403477,1920.000000
4.333760,1920.000000
4.346080,1920.000000
4.392121,1920.000000
4.320090,1920.000000
4.383909,1920.000000
4.362228,1920.000000
4.284969,1920.000000
4.343324,1920.000000
4.328223,1920.000000
4.240324,1920.000000
4.397215,1920.000000
4.342756,1920.000000
4.329288,1920.000000
4.277256,1920.000000
4.393708,1920.000000
4.267328,1920.000000
4.467617,1920.000000
4.412730,1920.000000
4.406257,1920.000000
4.331806,1920.000000
4.250591,1920.000000
4.305768,1920.000000
4.271646,1920.000000
4.229281,1920.000000
4.152517,1920.000000
4.312289,1920.000000
4.389542,1920.000000
4.307204,1920.000000
4.351979,1920.000000
4.355718,1920.000000
4.410257,1920.000000
4.362834,1920.000000
4.431794,1920.000000
4.261115,1920.000000
4.363510,1920.000000
4.331550,1920.000000
4.342946,1920.000000
4.445524,1920.000000
4.313977,1920.000000
4.293682,1920.000000
4.430991,1920.000000
4.343542,1920.000000
4.400758,1920.000000
4.352422,1920.000000
4.194846,1920.000000
4.378287,1920.000000
4.400983,1920.000000
4.209496,1920.000000
4.283242,1920.000000
4.385165,1920.000000
4.411123,1920.000000
4.437782,1920.000000
4.280073,1920.000000
4.425411,1920.000000
4.261200,1920.000000
4.284985,1920.000000
4.366894,1920.000000
4.367461,1920.000000
4.202757,1920.000000
4.324678,1920.000000
4.275352,1920.000000
4.346565,1920.000000
4.246150,1920.000000
4.250237,1920.000000
4.131771,1920.000000
4.253084,1920.000000
4.121395,1920.000000
4.190930,1920.000000
4.243482,1920.000000
4.270248,1920.000000
4.412169,1920.000000
4.304137,1920.000000
4.447653,1920.000000
4.391452,1920.000000
4.296301,1920.000000
4.379784,1920.000000
4.447102,1920.000000
4.521696,1920.000000
4.411829,1920.000000
4.325046,1920.000000
4.333593,1920.000000
4.471771,1920.000000
4.248027,1920.000000
4.502177,1920.000000
4.291428,1920.000000
4.301778,1920.000000
4.409807,1920.000000
4.384993,1920.000000
4.439769,1920.000000
4.345610,1920.000000
4.202503,1920.000000
4.172119,1920.000000
4.298470,1920.000000
4.248781,1920.000000
4.296098,1920.000000
4.349072,1920.000000
4.282794,1920.000000
4.262320,1920.000000
4.192238,1920.000000
4.270782,1920.000000
4.328048,1920.000000
4.166643,1920.000000
4.258063,1920.000000
4.215819,1920.000000
4.282208,1920.000000
4.119744,1920.000000
4.086459,1920.000000
4.123867,1920.000000
4.233167,1920.000000
4.187772,1920.000000
4.118788,1920.000000
4.208267,1920.000000
4.156545,1920.000000
4.141877,1920.000000
4.243795,1920.000000
4.241218,1920.000000
4.233539,1920.000000
4.115029,1920.000000
4.168264,1920.000000
4.194014,1920.000000
4.104439,1920.000000
4.191862,1920.000000
4.135687,1920.000000
4.233479,1920.000000
4.169546,1920.000000
4.262842,1920.000000
4.201148,1920.000000
4.140565,1920.000000
4.202503,1920.000000
4.264588,1920.000000
4.256131,1920.000000
4.279622,1920.000000
4.301149,1920.000000
4.097466,1920.000000
4.116433,1920.000000
4.231362,1920.000000
4.130712,1920.000000
4.206492,1920.000000
3.985892,1920.000000
4.230603,1920.000000
4.172823,1920.000000
4.245166,1920.000000
4.332919,1920.000000
4.267519,1920.000000
4.220791,1920.000000
4.147508,1920.000000
4.296147,1920.000000
4.209101,1920.000000
4.105999,1920.000000
4.133775,1920.000000
4.312476,1920.000000
4.264757,1920.000000
4.332694,1920.000000
4.247850,1920.000000
4.254046,1920.000000
4.251628,1920.000000
4.280695,1920.000000
4.312403,1920.000000
4.269888,1920.000000
4.205567,1920.000000
4.259104,1920.000000
4.261423,1920.000000
4.465025,1920.000000
4.359055,1920.000000
4.320291,1920.000000
4.252413,1920.000000
4.244411,1920.000000
4.263761,1920.000000
4.242513,1920.000000
4.232324,1920.000000
4.222600,1920.000000
4.156489,1920.000000
4.224446,1920.000000
4.216820,1920.000000
4.255803,1920.000000
4.102851,1920.000000
4.204922,1920.000000
4.321769,1920.000000
4.280056,1920.000000
4.363620,1920.000000
4.244685,1920.000000
4.198210,1920.000000
4.356783,1920.000000
4.260068,1920.000000
4.378757,1920.000000
4.215522,1920.000000
4.435809,1920.000000
4.211266,1920.000000
4.165860,1920.000000
4.291136,1920.000000
4.281843,1920.000000
4.228819,1920.000000
4.205916,1920.000000
4.323846,1920.000000
4.301270,1920.000000
4.337238,1920.000000
4.373954,1920.000000
4.419130,1920.000000
4.413326,1920.000000
4.535343,1920.000000
4.442743,1920.000000
4.455808,1920.000000
4.290297,1920.000000
4.362427,1920.000000
4.487995,1920.000000
4.345092,1920.000000
4.303531,1920.000000
4.478408,1920.000000
4.326124,1920.000000
4.266437,1920.000000
4.316696,1920.000000
4.254845,1920.000000
4.261257,1920.000000
4.259108,1920.000000
4.416411,1920.000000
4.241276,1920.000000
4.356526,1920.000000
4.212772,1920.000000
4.358700,1920.000000
4.348038,1920.000000
4.275040,1920.000000
4.442385,1920.000000
4.326586,1920.000000
4.204102,1920.000000
4.458183,1920.000000
4.409783,1920.000000
4.272508,1920.000000
4.356128,1920.000000
4.229562,1920.000000
4.312356,1920.000000
4.335924,1920.000000
4.185364,1920.000000
4.323127,1920.000000
4.445974,1920.000000
4.449958,1920.000000
4.346234,1920.000000
4.279317,1920.000000
4.233902,1920.000000
4.294522,1920.000000
4.411844,1920.000000
4.323299,1920.000000
4.282864,1920.000000
4.331473,1920.000000
4.287037,1920.000000
4.446551,1920.000000
4.432342,1920.000000
4.414361,1920.000000
4.267624,1920.000000
4.204922,1920.000000
4.336898,1920.000000
4.353755,1920.000000
4.260262,1920.000000
4.189207,1920.000000
4.262975,1920.000000
4.277961,1920.000000
4.295349,1920.000000
4.379793,1920.000000
4.400238,1920.000000
4.319191,1920.000000
4.279994,1920.000000
4.418797,1920.000000
4.379880,1920.000000
4.187154,1920.000000
4.488130,1920.000000
4.472344,1920.000000
4.330701,1920.000000
4.518017,1920.000000
4.391004,1920.000000
4.496920,1920.000000
4.475078,1920.000000
4.374544,1920.000000
4.370034,1920.000000
4.330167,1920.000000
4.317889,1920.000000
4.326374,1920.000000
4.329778,1920.000000
4.384834,1920.000000
4.401623,1920.000000
4.179562,1920.000000
4.218754,1920.000000
4.386809,1920.000000
4.323775,1920.000000
4.340636,1920.000000
4.475191,1920.000000
4.297322,1920.000000
4.383210,1920.000000
4.420704,1920.000000
4.380356,1920.000000
4.493475,1920.000000
4.419846,1920.000000
4.530593,1920.000000
4.523377,1920.000000
4.480177,1920.000000
4.406620,1920.000000
4.328479,1920.000000
4.394488,1920.000000
4.465742,1920.000000
4.342022,1920.000000
4.342379,1920.000000
4.442937,1920.000000
4.490732,1920.000000
4.480867,1920.000000
4.466615,1920.000000
4.460326,1920.000000
4.556925,1920.000000
4.570467,1920.000000
4.434110,1920.000000
4.485649,1920.000000
4.361619,1920.000000
4.461392,1920.000000
4.511176,1920.000000
4.502049,1920.000000
4.534358,1920.000000
4.462214,1920.000000
4.522652,1920.000000
4.349415,1920.000000
4.394715,1920.000000
4.460825,1920.000000
4.429241,1920.000000
4.511769,1920.000000
4.383504,1920.000000
4.412103,1920.000000
4.484994,1920.000000
4.440885,1920.000000
4.434255,1920.000000
4.526543,1920.000000
4.525839,1920.000000
4.438425,1920.000000
4.522294,1920.000000
4.497644,1920.000000
4.528822,1920.000000
4.457122,1920.000000
4.408354,1920.000000
4.371346,1920.000000
4.550480,1920.000000
4.539368,1920.000000
4.432084,1920.000000
4.529902,1920.000000
4.313800,1920.000000
4.317507,1920.000000
4.535903,1920.000000
4.494363,1920.000000
4.467142,1920.000000
4.480355,1920.000000
4.456629,1920.000000
4.457163,1920.000000
4.509522,1920.000000
4.531422,1920.000000
4.534329,1920.000000
4.458047,1920.000000
4.474096,1920.000000
4.558129,1920.000000
4.534840,1920.000000
4.362752,1920.000000
4.547585,1920.000000
4.538395,1920.000000
4.502179,1920.000000
4.582956,1920.000000
4.528489,1920.000000
4.446224,1920.000000
4.428718,1920.000000
4.616038,1920.000000
4.414274,1920.000000
4.557362,1920.000000
4.419307,1920.000000
4.588374,1920.000000
4.342859,1920.000000
4.418137,1920.000000
4.455930,1920.000000
4.558875,1920.000000
4.397445,1920.000000
4.540665,1920.000000
4.535461,1920.000000
4.444950,1920.000000
4.528504,1920.000000
4.507876,1920.000000
4.373398,1920.000000
4.398436,1920.000000
4.373450,1920.000000
4.318823,1920.000000
4.471993,1920.000000
4.414794,1920.000000
4.483947,1920.000000
4.348829,1920.000000
4.464562,1920.000000
4.360079,1920.000000
4.467014,1920.000000
4.486751,1920.000000
4.503392,1920.000000
4.493175,1920.000000
4.475385,1920.000000
4.430114,1920.000000
4.535522,1920.000000
4.408373,1920.000000
4.530478,1920.000000
4.558860,1920.000000
4.502939,1920.000000
4.511916,1920.000000
4.459043,1920.000000
4.476108,1920.000000
4.395923,1920.000000
4.383077,1920.000000
4.492592,1920.000000
4.337927,1920.000000
4.287976,1920.000000
4.386289,1920.000000
4.433736,1920.000000
4.366127,1920.000000
4.349449,1920.000000
4.332200,1920.000000
4.532708,1920.000000
4.513000,1920.000000
4.431380,1920.000000
4.541109,1920.000000
4.318279,1920.000000
4.375962,1920.000000
4.460500,1920.000000
4.525885,1920.000000
4.377175,1920.000000
4.488930,1920.000000
4.442002,1920.000000
4.438889,1920.000000
4.461554,1920.000000
4.330476,1920.000000
4.504315,1920.000000
4.493548,1920.000000
4.438644,1920.000000
4.530352,1920.000000
4.453591,1920.000000
4.446371,1920.000000
4.500191,1920.000000
4.416691,1920.000000
4.432675,1920.000000
4.491894,1920.000000
4.435749,1920.000000
4.453787,1920.000000
4.512078,1920.000000
4.336260,1920.000000
4.370654,1920.000000
4.358921,1920.000000
4.388880,1920.000000
4.381333,1920.000000
4.215149,1920.000000
4.366458,1920.000000
4.260237,1920.000000
4.476086,1920.000000
4.243137,1920.000000
4.320094,1920.000000
4.239969,1920.000000
4.218681,1920.000000
4.360123,1920.000000
4.307086,1920.000000
4.468258,1920.000000
4.325222,1920.000000
4.298899,1920.000000
4.314218,1920.000000
4.355290,1920.000000
4.491862,1920.000000
4.337838,1920.000000
4.324783,1920.000000
4.398911,1920.000000
4.413768,1920.000000
4.198394,1920.000000
4.260477,1920.000000
4.316595,1920.000000
4.367591,1920.000000
4.289277,1920.000000
4.357004,1920.000000
4.385619,1920.000000
4.337486,1920.000000
4.421144,1920.000000
4.402155,1920.000000
4.421070,1920.000000
4.388699,1920.000000
4.377531,1920.000000
4.394086,1920.000000
4.265682,1920.000000
4.381263,1920.000000
4.282549,1920.000000
4.354925,1920.000000
4.451954,1920.000000
4.286172,1920.000000
4.344429,1920.000000
4.374901,1920.000000
4.355567,1920.000000
4.233966,1920.000000
4.309235,1920.000000
4.398262,1920.000000
4.279039,1920.000000
4.284264,1920.000000
4.409452,1920.000000
4.375672,1920.000000
4.396967,1920.000000
4.282122,1920.000000
4.332697,1920.000000
4.296668,1920.000000
4.269892,1920.000000
4.328437,1920.000000
4.397916,1920.000000
4.326123,1920.000000
4.315498,1920.000000
4.179121,1920.000000
4.229747,1920.000000
4.250364,1920.000000
4.326488,1920.000000
4.168383,1920.000000
4.300262,1920.000000
4.194961,1920.000000
4.301184,1920.000000
4.255829,1920.000000
4.224167,1920.000000
4.289836,1920.000000
4.404971,1920.000000
4.494504,1920.000000
4.252128,1920.000000
4.357853,1920.000000
4.383416,1920.000000
4.393683,1920.000000
4.402373,1920.000000
4.321650,1920.000000
4.450152,1920.000000
4.311188,1920.000000
4.482668,1920.000000
4.396985,1920.000000
4.501193,1920.000000
4.296798,1920.000000
4.182244,1920.000000
4.391805,1920.000000
4.477334,1920.000000
4.420330,1920.000000
4.258951,1920.000000
4.308411,1920.000000
4.367911,1920.000000
4.270827,1920.000000
4.267397,1920.000000
4.278186,1920.000000
4.282500,1920.000000
4.165205,1920.000000
4.258667,1920.000000
4.287483,1920.000000
4.380585,1920.000000
4.366493,1920.000000
4.243932,1920.000000
4.256433,1920.000000
4.164942,1920.000000
4.212781,1920.000000
4.166467,1920.000000
4.182457,1920.000000
4.251649,1920.000000
4.063210,1920.000000
4.212728,1920.000000
4.213898,1920.000000
4.234687,1920.000000
4.108630,1920.000000
4.114850,1920.000000
4.284929,1920.000000
4.290141,1920.000000
4.143855,1920.000000
4.231338,1920.000000
4.171843,1920.000000
4.225427,1920.000000
4.132099,1920.000000
4.214182,1920.000000
4.233780,1920.000000
4.269817,1920.000000
4.233598,1920.000000
4.162005,1920.000000
4.070343,1920.000000
4.200895,1920.000000
4.151308,1920.000000
4.205080,1920.000000
4.352003,1920.000000
4.031934,1920.000000
4.240599,1920.000000
4.187450,1920.000000
4.263855,1920.000000
4.095956,1920.000000
4.335741,1920.000000
4.208920,1920.000000
4.162525,1920.000000
4.175376,1920.000000
4.164574,1920.000000
4.215809,1920.000000
4.303070,1920.000000
4.175697,1920.000000
4.263164,1920.000000
4.197650,1920.000000
4.206756,1920.000000
4.253979,1920.000000
4.287411,1920.000000
4.164933,1920.000000
4.160571,1920.000000
4.293726,1920.000000
4.190021,1920.000000
4.190071,1920.000000
4.306438,1920.000000
4.291143,1920.000000
4.482491,1920.000000
4.362511,1920.000000
4.266214,1920.000000
4.312423,1920.000000
4.327545,1920.000000
4.232457,1920.000000
4.344631,1920.000000
4.371907,1920.000000
4.227679,1920.000000
4.263947,1920.000000
4.219493,1920.000000
4.145625,1920.000000
4.315701,1920.000000
4.184903,1920.000000
4.185189,1920.000000
4.182843,1920.000000
4.282214,1920.000000
4.181697,1920.000000
4.131094,1920.000000
4.240303,1920.000000
4.224679,1920.000000
4.175482,1920.000000
4.301296,1920.000000
4.357963,1920.000000
4.169790,1920.000000
4.341941,1920.000000
4.322581,1920.000000
4.315889,1920.000000
4.386832,1920.000000
4.287571,1920.000000
4.349367,1920.000000
4.232205,1920.000000
4.249302,1920.000000
4.276094,1920.000000
4.294499,1920.000000
4.258086,1920.000000
4.289162,1920.000000
4.253392,1920.000000
4.371890,1920.000000
4.441973,1920.000000
4.266922,1920.000000
4.381247,1920.000000
4.292248,1920.000000
4.413998,1920.000000
4.415417,1920.000000
4.436567,1920.000000
4.439194,1920.000000
4.493287,1920.000000
4.350671,1920.000000
4.440836,1920.000000
4.330565,1920.000000
4.464442,1920.000000
4.458872,1920.000000
4.398231,1920.000000
4.247055,1920.000000
4.287013,1920.000000
4.252740,1920.000000
4.313181,1920.000000
4.270367,1920.000000
4.263640,1920.000000
4.302823,1920.000000
4.293744,1920.000000
4.278570,1920.000000
4.340745,1920.000000
4.342119,1920.000000
4.329937,1920.000000
4.331648,1920.000000
4.282299,1920.000000
4.285107,1920.000000
4.400937,1920.000000
4.372096,1920.000000
4.309541,1920.000000
4.250212,1920.000000
4.396715,1920.000000
4.347340,1920.000000
4.309527,1920.000000
4.231300,1920.000000
4.217417,1920.000000
4.169209,1920.000000
4.276070,1920.000000
4.260656,1920.000000
4.356809,1920.000000
4.330141,1920.000000
4.308254,1920.000000
4.358512,1920.000000
4.345415,1920.000000
4.396302,1920.000000
4.378916,1920.000000
4.392592,1920.000000
4.345461,1920.000000
4.439301,1920.000000
4.297815,1920.000000
4.267603,1920.000000
4.343529,1920.000000
4.255846,1920.000000
4.330841,1920.000000
4.237610,1920.000000
4.240635,1920.000000
4.165605,1920.000000
4.195104,1920.000000
4.363536,1920.000000
4.266164,1920.000000
4.374185,1920.000000
4.347025,1920.000000
4.472936,1920.000000
4.430280,1920.000000
4.294187,1920.000000
4.537505,1920.000000
4.526030,1920.000000
4.396865,1920.000000
4.517619,1920.000000
4.365147,1920.000000
4.434146,1920.000000
4.168322,1920.000000
4.274436,1920.000000
4.390080,1920.000000
4.397579,1920.000000
4.201303,1920.000000
4.316602,1920.000000
4.365369,1920.000000
4.396840,1920.000000
4.407027,1920.000000
4.235081,1920.000000
4.338742,1920.000000
4.293685,1920.000000
4.236379,1920.000000
4.464762,1920.000000
4.426378,1920.000000
4.190242,1920.000000
4.360491,1920.000000
4.401140,1920.000000
4.297958,1920.000000
4.454035,1920.000000
4.442464,1920.000000
4.379724,1920.000000
4.517208,1920.000000
4.399371,1920.000000
4.255152,1920.000000
4.347033,1920.000000
4.439595,1920.000000
4.424043,1920.000000
4.429032,1920.000000
4.480014,1920.000000
4.475601,1920.000000
4.524253,1920.000000
4.453811,1920.000000
4.428781,1920.000000
4.428220,1920.000000
4.435335,1920.000000
4.448456,1920.000000
4.545939,1920.000000
4.493279,1920.000000
4.481969,1920.000000
4.392100,1920.000000
4.442657,1920.000000
4.530655,1920.000000
4.633289,1920.000000
4.401795,1920.000000
4.532280,1920.000000
4.461914,1920.000000
4.395727,1920.000000
4.472417,1920.000000
4.365730,1920.000000
4.537964,1920.000000
4.523538,1920.000000
4.474965,1920.000000
4.417588,1920.000000
4.516771,1920.000000
4.372992,1920.000000
4.523203,1920.000000
4.456159,1920.000000
4.520557,1920.000000
4.479760,1920.000000
4.383650,1920.000000
4.467080,1920.000000
4.470938,1920.000000
4.456529,1920.000000
4.470434,1920.000000
4.333286,1920.000000
4.430512,1920.000000
4.476793,1920.000000
4.457358,1920.000000
4.429622,1920.000000
4.332310,1920.000000
4.460102,1920.000000
4.316962,1920.000000
4.505679,1920.000000
4.417289,1920.000000
4.538855,1920.000000
4.486974,1920.000000
4.464650,1920.000000
4.531183,1920.000000
4.326325,1920.000000
4.457831,1920.000000
4.536290,1920.000000
4.547642,1920.000000
4.528219,1920.000000
4.553242,1920.000000
4.555119,1920.000000
4.439291,1920.000000
4.428400,1920.000000
4.611578,1920.000000
4.447834,1920.000000
4.392259,1920.000000
4.438018,1920.000000
4.586732,1920.000000
4.469683,1920.000000
4.402909,1920.000000
4.415948,1920.000000
4.568761,1920.000000
4.542505,1920.000000
4.361151,1920.000000
4.486593,1920.000000
4.402505,1920.000000
4.440283,1920.000000
4.574645,1920.000000
4.519661,1920.000000
4.379685,1920.000000
4.400009,1920.000000
4.397420,1920.000000
4.380517,1920.000000
4.371446,1920.000000
4.522948,1920.000000
4.349162,1920.000000
4.420894,1920.000000
4.295221,1920.000000
4.549636,1920.000000
4.475651,1920.000000
4.457419,1920.000000
4.438402,1920.000000
4.334937,1920.000000
4.526317,1920.000000
4.481175,1920.000000
4.549441,1920.000000
4.341006,1920.000000
4.361188,1920.000000
4.506530,1920.000000
4.497508,1920.000000
4.556900,1920.000000
4.548603,1920.000000
4.406328,1920.000000
4.441103,1920.000000
4.386152,1920.000000
4.478683,1920.000000
4.431338,1920.000000
4.446121,1920.000000
4.422841,1920.000000
4.515198,1920.000000
4.426795,1920.000000
4.340673,1920.000000
4.402895,1920.000000
4.288837,1920.000000
4.482370,1920.000000
4.425920,1920.000000
4.469405,1920.000000
4.471820,1920.000000
4.440969,1920.000000
4.505078,1920.000000
4.516436,1920.000000
4.476646,1920.000000
4.456682,1920.000000
4.488617,1920.000000
4.406538,1920.000000
4.489851,1920.000000
4.420765,1920.000000
4.439517,1920.000000
4.401442,1920.000000
4.342162,1920.000000
4.491234,1920.000000
4.356418,1920.000000
4.522327,1920.000000
4.369648,1920.000000
4.362401,1920.000000
4.462587,1920.000000
4.569056,1920.000000
4.448127,1920.000000
4.520212,1920.000000
4.477153,1920.000000
4.494442,1920.000000
4.393731,1920.000000
4.454626,1920.000000
4.370564,1920.000000
4.399211,1920.000000
4.354343,1920.000000
4.534096,1920.000000
4.336126,1920.000000
4.266191,1920.000000
4.312339,1920.000000
4.219332,1920.000000
4.451153,1920.000000
4.404354,1920.000000
4.356264,1920.000000
4.348200,1920.000000
4.256954,1920.000000
4.266883,1920.000000
4.218887,1920.000000
4.348774,1920.000000
4.285835,1920.000000
4.263646,1920.000000
4.473690,1920.000000
4.360763,1920.000000
4.362059,1920.000000
4.361278,1920.000000
4.378247,1920.000000
4.481798,1920.000000
4.359109,1920.000000
4.280208,1920.000000
4.275037,1920.000000
4.261069,1920.000000
4.416088,1920.000000
4.270241,1920.000000
4.305086,1920.000000
4.380839,1920.000000
4.394951,1920.000000
4.402952,1920.000000
4.302639,1920.000000
4.361014,1920.000000
4.452026,1920.000000
4.351688,1920.000000
4.312549,1920.000000
4.228848,1920.000000
4.394367,1920.000000
4.356261,1920.000000
4.357289,1920.000000
4.390359,1920.000000
4.410336,1920.000000
4.350933,1920.000000
4.255292,1920.000000
4.235095,1920.000000
4.374941,1920.000000
4.416217,1920.000000
4.373286,1920.000000
4.292864,1920.000000
4.320737,1920.000000
4.406412,1920.000000
4.340084,1920.000000
4.430924,1920.000000
4.273738,1920.000000
4.342141,1920.000000
4.272005,1920.000000
4.317431,1920.000000
4.250335,1920.000000
4.330677,1920.000000
4.332188,1920.000000
4.204547,1920.000000
4.333204,1920.000000
4.282316,1920.000000
4.176434,1920.000000
4.291760,1920.000000
4.150241,1920.000000
4.266446,1920.000000
4.270770,1920.000000
4.366741,1920.000000
4.274306,1920.000000
4.272372,1920.000000
4.308948,1920.000000
4.312102,1920.000000
4.512320,1920.000000
4.315021,1920.000000
4.303075,1920.000000
4.452749,1920.000000
4.345666,1920.000000
4.421414,1920.000000
4.330741,1920.000000
4.353259,1920.000000
4.352391,1920.000000
4.347600,1920.000000
4.421177,1920.000000
4.450965,1920.000000
4.321744,1920.000000
4.323682,1920.000000
4.375866,1920.000000
4.346198,1920.000000
4.408261,1920.000000
4.331012,1920.000000
4.230951,1920.000000
4.398474,1920.000000
4.290034,1920.000000
4.238480,1920.000000
4.302928,1920.000000
4.338039,1920.000000
4.338523,1920.000000
4.197690,1920.000000
4.311807,1920.000000
4.349402,1920.000000
4.227337,1920.000000
4.189732,1920.000000
4.178162,1920.000000
4.248958,1920.000000
4.169669,1920.000000
4.045687,1920.000000
4.206864,1920.000000
4.200929,1920.000000
4.234781,1920.000000
4.137613,1920.000000
4.087857,1920.000000
4.246517,1920.000000
4.203446,1920.000000
4.153453,1920.000000
4.193993,1920.000000
4.187413,1920.000000
4.198427,1920.000000
4.241478,1920.000000
4.244346,1920.000000
4.305982,1920.000000
4.211450,1920.000000
4.241989,1920.000000
4.144470,1920.000000
4.139721,1920.000000
4.156446,1920.000000
4.152915,1920.000000
4.195860,1920.000000
4.179951,1920.000000
4.280334,1920.000000
4.200202,1920.000000
4.193465,1920.000000
4.195523,1920.000000
4.237378,1920.000000
4.058081,1920.000000
4.219631,1920.000000
4.210214,1920.000000
4.179095,1920.000000
4.239640,1920.000000
4.082824,1920.000000
4.257810,1920.000000
4.270537,1920.000000
4.193568,1920.000000
4.295991,1920.000000
4.160273,1920.000000
4.179084,1920.000000
4.249836,1920.000000
4.190967,1920.000000
4.357307,1920.000000
4.236982,1920.000000
4.205471,1920.000000
4.192919,1920.000000
4.210081,1920.000000
4.262041,1920.000000
4.244947,1920.000000
4.253048,1920.000000
4.234492,1920.000000
4.340274,1920.000000
4.331365,1920.000000
4.275511,1920.000000
4.252344,1920.000000
4.308974,1920.000000
4.154290,1920.000000
4.291394,1920.000000
4.304125,1920.000000
4.173521,1920.000000
4.326224,1920.000000
4.333869,1920.000000
4.306794,1920.000000
4.330662,1920.000000
4.124208,1920.000000
4.210758,1920.000000
4.276841,1920.000000
4.184947,1920.000000
4.136726,1920.000000
4.102613,1920.000000
4.262409,1920.000000
4.261006,1920.000000
4.151642,1920.000000
4.226549,1920.000000
4.216819,1920.000000
4.251507,1920.000000
4.299863,1920.000000
4.314620,1920.000000
4.401762,1920.000000
4.363932,1920.000000
4.183899,1920.000000
4.444091,1920.000000
4.235358,1920.000000
4.317742,1920.000000
4.204097,1920.000000
4.249145,1920.000000
4.226713,1920.000000
4.361110,1920.000000
4.291655,1920.000000
4.244611,1920.000000
4.242154,1920.000000
4.301668,1920.000000
4.515624,1920.000000
4.399476,1920.000000
4.306488,1920.000000
4.288290,1920.000000
4.326189,1920.000000
4.437831,1920.000000
4.420559,1920.000000
4.307881,1920.000000
4.384104,1920.000000
4.480351,1920.000000
4.475200,1920.000000
4.464264,1920.000000
4.330902,1920.000000
4.392539,1920.000000
4.267609,1920.000000
4.252317,1920.000000
4.240055,1920.000000
4.312142,1920.000000
4.278665,1920.000000
4.222929,1920.000000
4.216450,1920.000000
4.339934,1920.000000
4.243581,1920.000000
4.439213,1920.000000
4.333865,1920.000000
4.424871,1920.000000
4.239974,1920.000000
4.344463,1920.000000
4.321654,1920.000000
4.353929,1920.000000
4.360122,1920.000000
4.325331,1920.000000
4.288079,1920.000000
4.240733,1920.000000
4.295271,1920.000000
4.284903,1920.000000
4.308970,1920.000000
4.297187,1920.000000
4.441512,1920.000000
4.283205,1920.000000
4.504843,1920.000000
4.262218,1920.000000
4.347713,1920.000000
4.253335,1920.000000
4.303467,1920.000000
4.373868,1920.000000
4.172529,1920.000000
4.259838,1920.000000
4.416872,1920.000000
4.351953,1920.000000
4.362772,1920.000000
4.164016,1920.000000
4.229864,1920.000000
4.289806,1920.000000
4.271964,1920.000000
4.289267,1920.000000
4.247891,1920.000000
4.315541,1920.000000
4.250328,1920.000000
4.339494,1920.000000
4.244829,1920.000000
4.358900,1920.000000
4.394911,1920.000000
4.504945,1920.000000
4.558783,1920.000000
4.389170,1920.000000
4.472263,1920.000000
4.383352,1920.000000
4.375092,1920.000000
4.459613,1920.000000
4.425767,1920.000000
4.557478,1920.000000
4.441525,1920.000000
4.452598,1920.000000
4.296112,1920.000000
4.273562,1920.000000
4.302136,1920.000000
4.270608,1920.000000
4.351451,1920.000000
4.368115,1920.000000
4.473534,1920.000000
4.278017,1920.000000
4.271982,1920.000000
4.221916,1920.000000
4.212876,1920.000000
4.416852,1920.000000
4.353701,1920.000000
4.356129,1920.000000
4.329994,1920.000000
4.403971,1920.000000
4.360320,1920.000000
4.483333,1920.000000
4.452751,1920.000000
4.530389,1920.000000
4.416776,1920.000000
4.407843,1920.000000
4.397020,1920.000000
4.391861,1920.000000
4.460942,1920.000000
4.325562,1920.000000
4.326459,1920.000000
4.533550,1920.000000
4.474041,1920.000000
4.497784,1920.000000
4.412626,1920.000000
4.572141,1920.000000
4.447280,1920.000000
4.534752,1920.000000
4.465794,1920.000000
4.486388,1920.000000
4.392350,1920.000000
4.487680,1920.000000
4.618049,1920.000000
4.354170,1920.000000
4.425372,1920.000000
4.540141,1920.000000
4.430541,1920.000000
4.529261,1920.000000
4.495550,1920.000000
4.329072,1920.000000
4.351683,1920.000000
4.483609,1920.000000
4.493677,1920.000000
4.293563,1920.000000
4.437593,1920.000000
4.477057,1920.000000
4.460522,1920.000000
4.462907,1920.000000
4.420691,1920.000000
4.480391,1920.000000
4.522810,1920.000000
4.405627,1920.000000
4.382938,1920.000000
4.513576,1920.000000
4.476728,1920.000000
4.422326,1920.000000
4.457482,1920.000000
4.442537,1920.000000
4.618740,1920.000000
4.475122,1920.000000
4.298965,1920.000000
4.432791,1920.000000
4.313299,1920.000000
4.446317,1920.000000
4.437459,1920.000000
4.433418,1920.000000
4.436863,1920.000000
4.458932,1920.000000
4.424973,1920.000000
4.561937,1920.000000
4.409630,1920.000000
4.497678,1920.000000
4.554686,1920.000000
4.483010,1920.000000
4.584508,1920.000000
4.552263,1920.000000
4.559765,1920.000000
4.470305,1920.000000
4.405360,1920.000000
4.491160,1920.000000
4.604882,1920.000000
4.566181,1920.000000
4.564725,1920.000000
4.351804,1920.000000
4.578439,1920.000000
4.315105,1920.000000
4.465773,1920.000000
4.575654,1920.000000
4.493678,1920.000000
4.560235,1920.000000
4.390208,1920.000000
4.533862,1920.000000
4.376767,1920.000000
4.488019,1920.000000
4.638897,1920.000000
4.465308,1920.000000
4.447679,1920.000000
4.395393,1920.000000
4.398918,1920.000000
4.516314,1920.000000
4.414643,1920.000000
4.343159,1920.000000
4.379382,1920.000000
84.414427,1920.000000
55.529595,1920.000000
72.254117,1920.000000
99.115321,1920.000000
95.860180,1920.000000
98.415894,1920.000000
50.529493,1920.000000
106.746891,1920.000000
114.680979,1920.000000
208.211506,1920.000000
44.948006,1920.000000
75.366968,1920.000000
72.092788,1920.000000
71.997193,1920.000000
130.614588,1920.000000
183.560211,1920.000000
96.929762,1920.000000
111.623441,1920.000000
34.857418,1920.000000
54.222728,1920.000000
58.028493,1920.000000
