3,18,20,2,0,0.592763
3,12,20,3,3,0.449880
3,20,1,3,0,0.349346
3,2,11,3,3,0.331595
3,7,19,0,1,0.245797
3,18,18,0,0,0.213521
3,20,14,0,0,0.281919
3,8,3,3,0,0.213855
2,15,1,2,0,0.184128
3,18,20,0,2,0.172438
0,0,1,3,2,0.187981
0,2,3,3,2,0.154172
2,6,2,0,2,0.148681
0,3,2,3,2,0.140188
2,9,1,2,2,0.127509
3,17,10,2,1,0.132418
3,18,20,1,0,0.126701
2,20,0,1,0,0.137216
2,12,0,2,0,0.145562
0,0,0,2,0,0.124151
0,3,0,1,0,0.121025
0,0,2,0,0,0.115962
3,8,7,2,0,0.107232
3,11,3,2,0,0.099146
0,2,2,3,0,0.101308
0,0,2,2,0,0.101790
0,3,1,2,0,0.101798
0,2,1,2,0,0.092807
0,0,3,3,0,0.093636
2,2,1,1,0,0.089978
2,1,3,3,0,0.091202
3,1,1,1,0,0.094615
0,0,1,0,0,0.096995
3,7,19,3,2,0.088347
0,3,0,0,2,0.091932
2,3,3,3,2,0.080838
0,3,3,3,2,0.082438
2,13,3,1,2,0.081092
3,7,19,3,2,0.073891
3,11,19,3,0,0.078000
0,1,3,3,0,0.077535
3,18,10,1,2,0.079588
3,19,14,1,1,0.084439
2,12,3,1,1,0.065585
0,2,3,1,1,0.068365
0,3,2,2,1,0.067188
3,4,19,0,0,0.076223
2,9,1,1,0,0.066387
2,6,2,0,0,0.068458
0,0,1,1,0,0.069460
0,1,3,0,0,0.061625
3,3,3,0,3,0.061874
0,0,3,0,3,0.056649
0,1,2,0,3,0.060079
2,12,0,3,3,0.061907
3,12,11,3,2,0.057127
3,6,19,3,3,0.053458
3,10,8,3,3,0.056855
3,8,2,3,3,0.061682
0,1,0,3,3,0.060206
3,8,2,3,3,0.051624
0,1,3,2,3,0.061169
0,2,1,3,3,0.050988
3,6,10,3,1,0.054023
3,10,3,1,0,0.062384
3,19,1,3,1,0.053496
3,7,19,3,2,0.054841
3,7,1,3,1,0.047332
0,1,2,3,1,0.056614
3,4,19,3,3,0.059266
0,3,3,2,3,0.045478
3,10,6,3,2,0.055278
0,1,1,2,2,0.043013
0,2,0,0,2,0.042946
0,0,0,1,2,0.046152
3,6,5,2,2,0.058006
2,16,3,3,2,0.043411
2,17,3,3,2,0.041781
0,2,3,3,2,0.039143
0,2,3,2,2,0.039385
0,3,1,2,2,0.046513
0,1,1,3,2,0.045704
3,7,7,0,1,0.038782
3,9,19,3,2,0.035111
3,7,19,2,2,0.038171
3,8,19,0,2,0.040302
0,1,3,1,2,0.034388
3,10,16,2,0,0.050082
3,10,2,2,1,0.048098
2,20,2,0,1,0.045513
2,2,2,0,1,0.051396
3,18,10,2,0,0.036038
0,3,2,0,0,0.040027
3,10,6,2,3,0.046572
3,4,12,2,2,0.054706
0,1,1,2,2,0.039856
0,3,2,2,2,0.036570
3,14,18,1,3,0.045280
3,14,18,0,3,0.043921
3,10,0,0,0,0.045384
2,3,1,3,0,0.034016
0,3,1,1,0,0.033949
2,17,1,0,0,0.035829
0,1,3,1,0,0.034211
3,10,1,0,2,0.032957
2,12,1,3,2,0.031183
3,18,10,0,2,0.036240
3,7,19,0,2,0.035589
0,0,1,3,2,0.034265
3,19,7,2,1,0.029646
3,8,2,0,3,0.035300
3,8,8,3,3,0.035706
2,0,1,3,3,0.029368
3,10,7,3,3,0.028521
0,0,0,0,3,0.033491
3,19,10,0,2,0.035045
3,19,7,2,2,0.030429
3,8,7,2,1,0.033561
3,8,2,0,3,0.030746
0,2,2,0,3,0.036342
0,3,0,2,3,0.029832
0,0,3,2,3,0.027657
3,19,9,3,1,0.029396
0,0,0,2,1,0.031479
0,1,0,3,1,0.030362
3,9,19,3,2,0.029773
3,7,7,0,0,0.028723
0,1,1,3,0,0.025887
3,4,4,0,2,0.038440
3,4,13,2,0,0.028935
3,2,18,0,3,0.028260
0,0,2,2,3,0.025902
0,0,2,0,3,0.028068
3,18,10,0,0,0.028384
0,0,2,0,0,0.026318
0,0,2,0,0,0.028092
0,0,2,0,0,0.028075
3,6,10,0,3,0.033776
0,2,1,0,3,0.032281
0,1,2,0,3,0.034189
0,3,3,3,3,0.030196
0,3,3,1,3,0.028673
2,8,3,0,3,0.026108
3,13,13,0,3,0.028440
3,13,13,0,1,0.030416
0,3,3,0,1,0.028323
3,8,7,3,0,0.026346
3,4,4,2,2,0.024509
0,3,1,3,2,0.024761
0,1,1,2,2,0.028064
3,4,18,0,0,0.025882
3,10,6,3,2,0.027499
2,15,0,2,2,0.025252
2,6,1,0,2,0.029872
3,6,10,2,0,0.027481
3,10,3,3,0,0.033367
3,6,10,2,0,0.033058
0,3,3,3,0,0.033275
0,2,0,2,0,0.025787
3,12,10,0,1,0.024626
3,6,10,2,3,0.025268
0,3,1,0,3,0.030140
2,12,0,0,3,0.023648
2,0,1,2,3,0.025328
0,3,1,2,3,0.027577
0,2,2,3,3,0.024136
0,3,1,1,3,0.026371
0,1,2,3,3,0.024797
3,12,4,1,3,0.022686
2,13,1,2,3,0.023208
3,11,3,0,0,0.025852
3,3,3,1,3,0.022266
0,0,0,0,3,0.023227
3,19,7,0,0,0.023495
3,6,10,2,0,0.027936
2,1,3,0,0,0.028982
3,3,3,2,2,0.034803
0,2,0,0,2,0.022063
3,7,19,0,2,0.024832
3,19,4,0,3,0.025965
3,7,19,0,1,0.024306
3,19,7,0,1,0.024721
2,20,2,0,1,0.025808
0,0,3,0,1,0.026089
0,0,3,1,1,0.026663
0,0,3,3,1,0.022763
0,3,3,0,1,0.019675
3,12,4,1,2,0.022404
0,0,3,0,2,0.028589
2,17,2,0,2,0.025489
2,9,3,1,2,0.022283
0,2,1,2,2,0.024204
0,2,2,1,2,0.024631
0,0,2,0,2,0.026358
0,0,2,0,2,0.021587
0,2,1,1,2,0.025193
0,1,0,0,2,0.022689
2,10,1,2,2,0.025777
3,9,6,0,0,0.034206
0,0,2,2,0,0.024572
3,6,10,0,3,0.024139
3,10,7,1,1,0.024520
3,10,7,1,2,0.026876
2,3,2,0,2,0.022861
0,1,3,2,2,0.025184
2,1,2,0,2,0.024253
0,1,1,2,2,0.023826
3,12,10,0,1,0.023210
3,12,10,1,1,0.023045
3,13,13,0,3,0.021969
0,3,3,1,3,0.020135
2,1,2,0,3,0.020694
3,13,13,0,2,0.018539
2,0,1,1,2,0.022125
3,10,0,0,0,0.022137
3,6,10,1,0,0.023053
3,12,10,0,1,0.019391
2,8,2,0,1,0.021548
0,0,1,0,1,0.019269
2,14,2,0,1,0.016922
0,0,2,2,1,0.020143
0,0,2,2,1,0.020065
0,3,3,3,1,0.022944
0,1,1,1,1,0.021359
0,1,1,3,1,0.022763
0,1,1,1,1,0.020576
3,4,4,0,0,0.019349
0,3,2,0,0,0.021946
0,1,1,3,0,0.023843
0,2,2,0,0,0.018050
3,4,10,1,1,0.023630
0,3,2,2,1,0.023658
2,20,1,1,1,0.020926
0,1,0,0,1,0.019112
3,6,10,1,0,0.024652
0,2,1,0,0,0.023194
0,3,1,1,0,0.021553
0,2,3,1,0,0.021340
0,2,3,0,0,0.020204
0,2,3,3,0,0.019513
0,1,3,1,0,0.025319
0,1,3,1,0,0.021205
2,15,0,1,0,0.018696
0,2,2,0,0,0.022364
0,2,2,0,0,0.020246
3,9,19,1,2,0.022523
2,15,0,1,2,0.018222
0,1,0,3,2,0.020022
0,0,1,3,2,0.017398
0,0,1,3,2,0.019795
2,19,3,3,2,0.020961
3,12,4,1,2,0.021743
2,14,1,2,2,0.017774
2,14,2,0,2,0.018127
0,3,3,1,2,0.020330
3,10,19,3,2,0.017669
3,9,19,0,2,0.019279
2,9,3,0,2,0.017593
2,1,3,3,2,0.023358
3,1,12,1,2,0.022301
3,9,6,3,0,0.019952
2,8,1,0,0,0.017935
3,19,9,0,1,0.018321
0,0,0,0,1,0.020711
0,2,1,0,1,0.016981
3,4,4,0,2,0.019776
0,0,0,0,2,0.021928
2,15,1,2,2,0.016152
3,10,7,2,3,0.017168
2,6,0,3,3,0.020425
0,1,3,3,3,0.021129
3,6,10,1,0,0.019560
2,3,0,0,0,0.021154
0,3,0,1,0,0.019442
3,1,12,2,2,0.015760
3,10,7,3,1,0.016407
3,6,10,2,1,0.017134
2,5,0,0,1,0.020515
0,3,2,3,1,0.017490
0,3,2,1,1,0.016182
0,0,0,1,1,0.016615
2,11,3,0,1,0.016416
2,0,1,2,1,0.018920
2,17,1,0,1,0.019239
0,1,1,1,1,0.018279
3,4,4,3,0,0.017635
0,0,1,0,0,0.017382
0,1,1,2,0,0.017625
2,1,0,0,0,0.018654
2,14,3,2,0,0.018735
0,1,1,2,0,0.017131
0,3,1,3,0,0.015943
0,2,3,2,0,0.017514
0,3,1,0,0,0.015579
0,3,1,3,0,0.020006
2,6,3,0,0,0.016018
0,0,2,0,0,0.014719
0,0,2,0,0,0.018569
0,1,3,0,0,0.014586
0,1,3,0,0,0.017125
0,0,2,0,0,0.016373
0,0,2,0,0,0.015232
2,20,3,2,0,0.020647
2,15,0,0,0,0.019886
0,1,3,2,0,0.018999
0,1,0,0,0,0.018331
0,2,3,0,0,0.018163
3,10,3,0,0,0.016020
3,4,10,2,1,0.016505
2,19,3,0,1,0.019171
0,1,3,1,1,0.018022
2,7,2,1,1,0.017005
2,13,2,2,1,0.017729
0,3,0,2,1,0.016259
0,3,0,0,1,0.020755
0,3,0,2,1,0.017722
0,3,0,0,1,0.015137
0,2,2,1,1,0.017756
0,2,2,1,1,0.018552
0,2,2,2,1,0.016396
0,2,2,0,1,0.015138
3,12,4,0,2,0.020544
3,1,12,2,2,0.016919
0,1,3,0,2,0.015480
3,7,19,0,1,0.015545
3,10,6,0,2,0.015445
3,19,6,0,2,0.021028
2,7,1,0,2,0.016590
0,1,0,3,2,0.016321
0,0,1,0,2,0.015850
3,12,10,0,1,0.014296
3,6,10,0,0,0.016576
0,2,1,0,0,0.019050
2,20,2,2,0,0.017298
0,1,3,0,0,0.013910
2,15,2,0,0,0.015403
3,6,10,2,0,0.018527
2,11,2,0,0,0.018008
0,0,2,2,0,0.016882
0,2,2,0,0,0.014929
0,2,2,0,0,0.018625
0,2,2,0,0,0.016902
0,0,2,0,0,0.016060
0,0,2,0,0,0.015071
2,13,2,0,0,0.016342
2,13,3,3,0,0.016489
3,4,10,2,1,0.019781
2,1,0,0,1,0.016399
3,6,10,0,0,0.016271
2,2,0,0,0,0.016660
0,2,2,0,0,0.015910
0,2,2,0,0,0.017512
3,1,12,3,2,0.014931
3,1,12,3,2,0.014626
0,0,2,3,2,0.013231
3,8,8,3,1,0.013123
2,8,3,3,1,0.016155
2,19,3,0,1,0.019181
0,0,0,2,1,0.018960
0,3,3,3,1,0.013042
0,3,1,2,1,0.013200
2,9,1,3,1,0.014317
0,3,3,0,1,0.015167
0,1,3,0,1,0.014069
0,3,3,1,1,0.016380
3,10,0,0,0,0.013806
3,12,10,2,1,0.015956
3,12,10,3,1,0.015449
3,19,9,3,1,0.012630
2,19,1,3,1,0.014259
0,0,3,3,1,0.012419
0,2,0,0,1,0.013345
2,2,0,2,1,0.012892
0,1,1,3,1,0.012397
0,3,0,2,1,0.012125
0,3,0,0,1,0.014034
0,1,0,0,1,0.013937
2,6,3,3,1,0.015340
2,19,1,2,1,0.015805
0,0,3,3,1,0.015551
0,2,2,1,1,0.012764
2,16,1,1,1,0.014735
0,2,0,2,1,0.011521
0,1,1,3,1,0.013647
0,1,1,3,1,0.016894
0,1,1,1,1,0.015283
0,1,1,3,1,0.013829
0,1,1,1,1,0.012516
0,0,1,0,1,0.012871
3,19,4,0,3,0.015252
0,3,1,3,3,0.011607
2,9,2,1,3,0.011780
0,1,1,2,3,0.012407
3,9,6,2,0,0.011079
3,10,6,1,2,0.011201
3,1,12,2,2,0.010980
3,1,12,0,2,0.015048
3,12,4,1,2,0.012871
3,10,7,2,3,0.013743
0,0,1,0,3,0.014494
0,0,1,0,3,0.014478
3,10,7,2,2,0.014660
3,10,7,1,3,0.014054
0,2,2,1,3,0.012168
0,2,3,1,3,0.012400
0,2,3,0,3,0.014683
0,0,0,0,3,0.011932
0,2,3,3,3,0.015564
2,8,1,2,3,0.014945
2,8,0,0,3,0.014938
0,2,3,2,3,0.017618
2,18,1,2,3,0.014487
2,15,1,0,3,0.012607
0,1,1,2,3,0.014894
0,1,1,2,3,0.016134
3,6,10,2,0,0.015942
3,12,4,3,2,0.015143
2,13,1,2,2,0.015188
0,3,0,2,2,0.014114
0,3,0,0,2,0.012959
2,13,3,1,2,0.012809
0,2,1,2,2,0.014889
0,2,1,2,2,0.012886
0,1,3,1,2,0.011527
0,0,1,3,2,0.011987
0,0,1,3,2,0.014065
0,1,3,3,2,0.015263
0,0,0,2,2,0.014066
0,1,3,0,2,0.012661
0,0,2,0,2,0.012717
0,0,2,1,2,0.014471
0,0,2,1,2,0.012001
2,15,2,0,2,0.015319
3,1,12,0,2,0.011249
0,2,2,0,2,0.010828
0,0,2,0,2,0.014941
0,2,2,3,2,0.013141
0,2,1,3,2,0.014181
3,6,10,0,3,0.013015
3,10,7,0,3,0.015206
3,6,10,2,3,0.014209
0,2,2,0,3,0.014797
0,2,2,0,3,0.013434
0,3,1,0,3,0.012746
0,3,1,0,3,0.013194
2,12,1,2,3,0.010556
2,0,0,0,3,0.011788
2,9,2,3,3,0.012590
0,0,0,0,3,0.011078
0,0,0,0,3,0.011886
2,8,1,2,3,0.011067
2,12,2,3,3,0.012398
0,2,3,1,3,0.010671
0,2,3,3,3,0.014117
0,2,3,0,3,0.011420
0,0,0,0,3,0.013239
0,2,2,0,3,0.010827
2,20,1,2,3,0.013802
0,1,0,2,3,0.010746
0,1,1,2,3,0.012857
0,1,1,2,3,0.014689
0,3,1,1,3,0.014768
0,3,1,1,3,0.013353
0,0,3,1,3,0.009999
0,3,2,3,3,0.012897
0,3,1,1,3,0.014493
0,2,3,1,3,0.011241
3,10,7,0,2,0.011850
2,11,2,2,2,0.011733
3,10,7,2,1,0.013937
0,3,2,1,1,0.010644
2,8,2,2,1,0.011284
0,3,2,2,1,0.011829
2,6,1,2,1,0.013464
2,1,1,0,1,0.014119
0,1,1,2,1,0.013384
0,1,1,2,1,0.013454
2,10,2,2,1,0.014022
2,19,1,0,1,0.013948
0,3,2,2,1,0.013401
0,2,1,0,1,0.013058
0,2,1,2,1,0.012952
0,2,1,2,1,0.011165
0,2,2,1,1,0.012578
3,4,10,3,1,0.012308
0,3,2,3,1,0.013355
2,6,3,3,1,0.012931
2,5,1,2,1,0.013267
0,0,2,2,1,0.011145
2,13,3,3,1,0.012486
0,3,0,2,1,0.011682
0,3,0,0,1,0.011335
3,7,7,2,0,0.011259
3,7,10,3,2,0.012379
3,7,10,3,2,0.018605
3,10,0,3,0,0.013740
3,12,10,3,1,0.013624
3,7,10,3,2,0.016267
2,10,3,2,2,0.016964
3,7,10,2,2,0.013870
1,0.300000
1,0.400000
1,0.400000
1,0.400000
0,0.300000
0,0.200000
0,0.200000
1,0.400000
1,0.300000
0,0.400000
1,0.400000
1,0.300000
0,0.400000
1,0.100000
1,0.300000
1,0.300000
0,0.500000
0,0.500000
1,0.500000
1,0.500000
0,0.500000
0,0.100000
1,0.300000
1,0.300000
1,0.300000
0,0.400000
1,0.300000
1,0.300000
1,0.200000
1,0.100000
1,0.100000
1,0.100000
0,0.400000
1,0.200000
0,0.500000
1,0.100000
1,0.100000
1,0.100000
1,0.200000
1,0.200000
1,0.200000
1,0.100000
1,0.500000
1,0.100000
1,0.100000
1,0.200000
0,0.400000
1,0.500000
0,0.400000
1,0.500000
0,0.200000
0,0.100000
0,0.100000
0,0.400000
1,0.500000
1,0.500000
1,0.500000
1,0.400000
1,0.300000
1,0.400000
1,0.300000
0,0.100000
1,0.300000
1,0.400000
0,0.400000
1,0.400000
1,0.400000
1,0.400000
1,0.400000
1,0.500000
0,0.300000
1,0.500000
1,0.100000
0,0.600000
0,0.400000
0,0.300000
1,0.200000
1,0.200000
1,0.200000
0,0.100000
1,0.600000
0,0.900000
1,0.200000
0,0.400000
1,0.100000
1,0.200000
1,0.100000
1,0.100000
0,0.300000
0,0.400000
1,0.200000
1,0.100000
1,0.200000
0,0.300000
1,0.100000
0,0.300000
1,0.100000
0,0.400000
1,0.600000
1,0.700000
0,0.400000
0,0.400000
1,0.700000
0,0.400000
0,0.300000
0,0.400000
0,0.600000
1,0.700000
0,0.400000
0,0.100000
1,0.700000
1,0.400000
1,0.400000
1,0.400000
0,0.800000
1,0.700000
0,0.100000
1,0.700000
0,0.300000
0,0.600000
1,0.700000
0,0.100000
1,0.700000
0,0.900000
1,0.700000
1,0.400000
1,0.700000
1,0.400000
1,0.700000
1,0.100000
0,0.400000
0,0.100000
0,0.500000
1,0.200000
1,0.200000
0,0.400000
1,0.900000
0,0.400000
1,0.700000
0,0.400000
1,0.700000
1,0.200000
1,0.200000
1,0.400000
1,0.400000
1,0.400000
1,0.200000
1,0.100000
1,0.200000
1,0.100000
1,0.100000
1,0.600000
0,0.900000
1,0.300000
0,0.900000
1,0.600000
0,0.500000
1,0.600000
0,0.900000
1,0.300000
0,0.500000
1,0.300000
0,0.800000
0,0.500000
1,0.600000
0,0.300000
1,0.200000
1,0.400000
1,0.200000
0,0.800000
1,0.900000
1,0.200000
0,0.800000
1,0.900000
0,0.800000
1,0.900000
0,0.800000
0,0.600000
1,0.900000
1,0.900000
1,0.400000
0,0.200000
0,0.500000
1,0.900000
1,0.200000
1,0.200000
1,0.300000
1,0.200000
1,0.900000
0,0.500000
1,0.200000
0,0.800000
1,0.800000
0,0.500000
1,0.900000
0,0.500000
1,0.600000
0,0.500000
1,0.900000
0,0.700000
1,0.900000
1,0.200000
1,0.100000
1,0.900000
0,0.400000
1,0.900000
0,0.500000
1,0.900000
1,0.200000
1,0.900000
1,0.200000
1,0.900000
0,0.100000
0,0.500000
1,0.900000
1,0.100000
0,0.100000
0,0.400000
0,0.100000
0,0.400000
1,0.200000
0,0.700000
1,0.700000
1,0.100000
1,0.500000
1,0.100000
1,0.900000
1,0.200000
1,0.400000
1,0.900000
0,0.500000
1,0.400000
0,0.500000
1,0.600000
0,0.500000
1,0.700000
0,0.500000
1,0.500000
1,0.200000
1,0.500000
0,0.800000
1,0.200000
0,0.300000
0,0.600000
1,0.900000
0,0.700000
0,0.300000
1,0.700000
0,0.400000
1,0.100000
1,0.600000
0,0.700000
1,0.100000
1,0.200000
0,0.700000
1,0.600000
0,0.200000
1,0.300000
1,0.600000
0,0.600000
1,0.600000
0,0.200000
1,0.300000
1,0.400000
0,0.200000
1,0.300000
0,0.800000
1,0.100000
1,0.100000
1,0.300000
1,0.600000
0,0.700000
1,0.600000
0,0.700000
1,0.100000
0,0.100000
1,0.100000
1,0.600000
0,0.100000
1,0.100000
0,0.600000
1,0.300000
0,0.500000
1,0.900000
1,0.100000
1,0.500000
1,0.900000
0,0.500000
1,0.600000
0,0.400000
1,0.100000
1,0.200000
0,0.100000
1,0.300000
0,0.400000
1,0.300000
0,0.400000
1,0.200000
1,0.300000
0,0.100000
0,0.400000
1,0.900000
0,0.400000
1,0.600000
0,0.400000
1,0.600000
0,0.500000
1,0.300000
0,0.300000
1,0.600000
0,0.800000
1,0.800000
0,0.300000
1,0.600000
1,0.100000
1,0.600000
1,0.100000
1,0.800000
0,0.300000
0,0.100000
0,0.600000
1,0.700000
0,0.800000
1,0.300000
0,0.100000
0,0.100000
0,0.100000
0,0.100000
1,0.400000
0,0.100000
0,0.100000
0,0.200000
1,0.700000
0,0.700000
0,0.100000
1,0.900000
0,0.700000
1,0.900000
0,0.700000
1,0.900000
0,0.600000
1,0.900000
0,0.500000
1,0.900000
0,0.600000
0,0.200000
0,0.500000
1,0.600000
0,0.600000
1,0.600000
0,0.600000
1,0.300000
1,0.400000
1,0.400000
1,0.200000
0,0.200000
0,0.200000
1,0.600000
0,0.900000
0,0.200000
1,0.200000
1,0.400000
0,0.900000
1,0.600000
0,0.700000
1,0.600000
0,0.800000
1,0.200000
1,0.200000
1,0.200000
1,0.400000
1,0.100000
1,0.500000
1,0.400000
1,0.600000
1,0.100000
1,0.600000
0,0.800000
1,0.900000
0,0.800000
1,0.500000
1,0.100000
1,0.500000
0,0.900000
1,0.500000
1,0.100000
1,0.500000
1,0.100000
1,0.900000
0,0.500000
1,0.200000
0,0.300000
1,0.100000
1,0.600000
0,0.300000
1,0.600000
1,0.300000
0,0.300000
1,0.900000
0,0.500000
1,0.900000
0,0.500000
1,0.500000
0,0.300000
1,0.500000
1,0.200000
0,0.800000
1,0.500000
0,0.500000
1,0.600000
1,0.300000
0,0.800000
1,0.300000
0,0.500000
1,0.900000
0,0.800000
1,0.600000
0,0.800000
1,0.600000
1,0.100000
1,0.200000
0,0.800000
1,0.400000
1,0.200000
0,0.400000
1,0.100000
1,0.600000
0,0.900000
1,0.300000
0,0.600000
1,0.200000
0,0.400000
1,0.900000
0,0.600000
0,0.600000
1,0.900000
0,0.700000
1,0.700000
0,0.800000
1,0.900000
0,0.500000
1,0.900000
0,0.600000
1,0.300000
0,0.100000
1,0.100000
0,0.800000
1,0.600000
0,0.800000
1,0.600000
1,0.100000
1,0.600000
1,0.500000
1,0.100000
1,0.300000
0,0.800000
1,0.900000
0,0.500000
0,0.100000
0,0.500000
1,0.900000
0,0.500000
1,0.200000
0,0.400000
1,0.600000
0,0.400000
1,0.500000
0,0.600000
1,0.400000
0,0.500000
1,0.100000
1,0.200000
1,0.400000
0,0.500000
1,0.700000
0,0.500000
1,0.900000
0,0.800000
1,0.700000
0,0.800000
1,0.700000
1,0.100000
0,0.800000
1,0.800000
0,0.800000
1,0.600000
0,0.800000
1,0.900000
1,0.200000
0,0.800000
1,0.600000
1,0.100000
1,0.400000
0,0.400000
0,0.400000
0,0.400000
0,0.400000
0,0.200000
0,0.400000
1,0.400000
1,0.980243
1,1.017554
1,0.875080
0,0.982563
0,1.028760
0,1.095354
1,1.327875
0,1.160564
0,1.118938
1,1.123984
0,1.018938
0,1.006454
0,1.006454
0,1.006454
0,1.080243
0,1.006454
0,1.080243
0,0.806888
0,0.806888
0,1.118938
0,1.118938
0,1.257689
0,1.118938
0,0.826133
1,1.121663
1,1.071663
1,0.937932
1,1.121663
1,1.121663
1,1.121663
0,1.192948
1,1.542948
1,1.071663
0,0.834392
1,1.071663
1,1.023985
1,0.782296
1,0.782296
1,0.984392
0,1.207689
1,1.023985
1,0.782296
1,1.023985
0,1.289263
0,1.289263
1,1.373438
0,1.389263
1,1.373438
1,0.578734
1,1.373438
1,1.373438
1,1.373438
0,1.251066
1,0.578734
1,0.998201
1,0.807188
0,1.251066
0,1.037097
1,1.044177
1,0.536435
0,0.794177
1,0.622292
0,0.812615
1,0.578734
0,1.018376
0,0.990345
1,0.984392
0,0.812615
0,0.785141
0,1.000479
1,0.833562
1,0.767090
0,0.972980
0,0.972980
0,0.679511
0,1.171337
0,1.222007
0,1.222007
0,1.222007
0,1.222007
0,1.146488
0,1.222007
0,1.066501
0,0.972980
1,0.984392
0,0.785141
0,1.180044
0,1.185309
1,0.833562
1,0.486435
0,1.018376
0,1.180044
1,1.005299
1,0.622292
1,0.998201
1,0.486435
0,0.809947
1,0.896303
0,1.046303
1,1.453256
1,0.956513
1,0.956513
1,1.005299
1,0.956513
0,0.809947
1,0.956513
1,0.782296
0,0.784392
1,0.978760
0,1.202276
1,1.044177
0,1.543292
1,1.166456
0,0.972815
1,0.965736
1,1.166456
0,1.267810
1,1.168042
0,0.844177
1,0.486435
0,1.223145
0,1.223145
1,1.005299
1,0.486435
0,1.223145
1,0.822980
0,1.223145
1,0.956513
0,1.144117
1,1.015913
1,0.733011
0,1.298101
1,0.486435
0,1.130044
1,0.586435
1,0.586435
1,0.767090
1,0.536435
0,1.018376
1,0.486435
1,1.221663
1,0.486435
0,1.298101
1,1.221663
0,1.335428
1,1.118938
1,1.118938
0,1.244117
1,0.767090
1,0.923273
1,0.923273
1,0.767090
1,0.521408
0,1.018376
1,0.671408
0,1.018376
1,0.521408
0,0.933943
1,0.521408
0,0.893135
1,0.486435
0,0.933943
1,0.759983
1,0.517090
0,0.933943
1,0.521408
1,0.876133
1,0.521408
1,0.914356
1,0.826133
1,0.876133
0,1.223438
1,0.521408
0,0.933943
1,0.521408
0,0.744177
0,1.646403
1,1.141098
1,0.984392
0,0.999176
1,0.978760
0,1.002276
1,0.759983
0,0.744177
1,0.759983
1,0.759983
1,0.759983
1,0.759983
0,0.744177
1,0.521408
1,1.221663
0,1.028298
1,1.321663
1,0.622292
1,1.221663
1,0.622292
1,1.321663
1,0.622292
0,0.987719
1,0.586435
1,0.736435
0,1.116931
1,0.944672
1,1.221663
1,0.521408
0,0.893135
1,0.521408
0,0.893135
1,0.943135
1,1.221663
1,0.628734
0,0.893135
0,1.144454
1,0.628734
0,1.103256
1,0.671408
0,0.893135
1,1.399243
0,1.148101
0,1.672242
1,0.978760
0,1.078298
0,0.872815
0,1.228298
0,1.298101
0,1.078298
0,1.298101
1,0.914356
0,1.078298
1,0.978760
0,1.228298
0,0.987719
1,0.521408
0,0.987719
1,0.521408
0,0.987719
1,0.822980
0,0.987719
1,1.028760
1,0.978760
1,0.521408
0,0.987719
1,1.028760
1,0.822980
1,0.978760
1,0.822980
0,0.972980
0,0.987719
1,0.759983
1,1.141098
0,0.987719
1,0.759983
1,1.141098
1,1.141098
1,0.521408
1,1.241098
0,0.972980
0,0.872815
0,0.872815
1,0.855641
0,0.987719
0,1.672242
1,1.005299
1,0.521408
0,1.216931
0,1.044117
1,0.521408
0,1.166931
0,0.872815
1,0.521408
0,0.659983
1,0.521408
0,0.659983
1,0.521408
0,0.955641
0,1.216931
1,0.628734
0,0.659983
0,1.672242
1,1.005641
1,1.005641
1,1.005641
1,0.521408
0,1.103256
1,0.521408
0,1.298101
0,1.018376
1,0.521408
0,1.018376
1,0.521408
1,1.005641
1,1.005641
1,1.005641
1,1.005641
1,0.521408
1,1.453256
1,0.978760
0,1.018376
0,1.018376
1,1.499243
0,1.672242
0,1.018376
1,0.436435
0,1.018376
1,0.436435
0,1.018376
1,0.855641
0,1.018376
0,1.078298
0,0.659983
1,0.622292
0,0.659983
1,0.622292
1,0.667090
1,0.978760
0,0.659983
1,0.667090
0,0.659983
1,0.622292
1,0.667090
1,0.667090
0,0.659983
1,0.855641
1,0.667090
1,0.978760
1,0.667090
0,1.001087
0,0.893135
1,0.521408
0,0.893135
0,0.893135
1,0.521408
0,0.659983
1,0.521408
1,1.303256
1,1.173273
1,0.521408
0,0.659983
0,1.228298
1,1.453256
1,1.499243
1,1.453256
1,1.499243
1,1.005641
1,0.521408
1,1.005641
0,1.228298
0,0.659983
1,0.521408
0,0.659983
1,0.521408
1,1.123273
1,1.005641
0,1.055641
1,1.173273
1,1.549243
0,1.672242
0,0.659983
1,0.521408
0,1.103256
0,1.103256
1,1.303256
1,0.436435
0,1.103256
1,0.436435
0,1.103256
1,0.943135
0,0.993135
0,0.955299
1,1.173273
1,1.123273
0,1.672242
1,1.123273
0,1.672242
0,1.223145
0,1.672242
0,0.659983
1,0.436435
0,0.659983
1,0.436435
0,0.659983
1,0.436435
0,1.699243
1,0.944672
0,1.351086
1,0.944672
0,1.223145
0,1.699243
0,1.223145
0,1.249176
0,1.223145
0,1.699243
0,1.087719
0,1.087719
1,0.667090
1,1.005641
0,0.955641
1,0.759983
0,0.872815
1,0.521408
0,0.659983
1,0.944672
0,0.972815
0,1.699243
0,0.659983
1,1.094454
1,1.094454
0,0.659983
0,1.699243
0,1.672242
0,0.659983
1,0.521408
0,0.659983
1,0.521408
0,0.659983
1,0.521408
0,0.659983
1,1.094454
1,1.594454
1,1.394454
1,1.594454
1,0.436435
1,1.272815
1,1.005641
1,1.005641
0,1.223145
1,1.272815
1,0.436435
1,1.005641
0,1.266931
1,1.005641
1,1.005641
1,1.272815
1,1.005641
0,1.316931
1,1.272815
1,0.922815
1,1.272815
1,0.436435
1,1.272815
1,0.436435
0,0.805641
1,0.944672
0,0.805641
1,0.944672
1,1.005299
0,1.266931
1,1.005299
0,1.266931
1,1.350479
1,1.499243
1,1.350479
0,0.659983
1,0.944672
1,0.944672
1,0.944672
0,0.805641
1,0.944672
0,0.659983
1,0.944672
0,0.659983
1,0.944672
0,0.805641
0,1.699243
0,0.805641
1,0.944672
0,0.805641
1,0.944672
0,0.872815
0,1.266931
0,1.223145
0,1.699243
0,0.805641
1,0.436435
0,0.805641
1,0.436435
0,0.659983
1,0.436435
0,0.659983
1,0.436435
0,0.659983
0,1.078298
1,1.049176
0,0.659983
0,1.078298
0,0.659983
1,0.436435
0,0.659983
1,0.855641
1,0.436435
0,1.223145
0,1.223145
0,1.223145
0,0.853657
1,0.953657
1,1.303256
0,1.093135
0,0.853657
1,0.436435
0,0.853657
0,0
0,0
1,1
1,2
0,0
0,0
0,0
1,2
0,2
0,0
1,2
0,0
0,1
1,2
0,2
1,1
1,2
0,0
1,2
1,2
1,0
1,2
1,0
1,0
1,0
1,0
1,1
1,0
1,0
1,0
1,1
0,0
0,2
1,2
0,2
1,2
0,1
0,1
0,1
0,1
0,1
0,1
0,1
0,1
0,2
0,1
0,2
0,1
0,2
1,2
0,2
1,2
0,2
0,1
1,2
1,1
1,1
1,1
1,1
0,2
1,1
0,2
1,1
0,1
1,3
0,1
0,1
0,1
0,0
1,3
0,1
1,3
0,1
0,1
0,1
0,1
0,1
1,1
1,1
1,1
1,1
0,1
1,1
0,1
1,1
1,1
1,1
1,1
0,1
0,1
1,1
1,1
1,1
0,1
1,3
0,1
1,1
1,1
1,3
1,3
1,1
0,2
1,3
0,2
1,2
1,2
0,2
1,2
0,2
1,1
1,4
1,0
1,1
0,0
0,2
1,1
0,2
1,1
0,0
0,2
1,4
0,2
1,4
0,2
1,4
0,2
1,4
0,2
1,4
0,2
1,0
1,0
1,0
1,4
1,0
1,0
1,1
0,2
1,4
1,0
1,1
1,0
1,0
1,1
1,1
1,1
1,1
0,1
0,1
0,1
0,4
0,1
0,4
1,1
0,1
0,1
0,4
1,4
0,4
0,0
0,4
1,4
0,1
0,4
1,4
0,1
0,0
0,1
0,1
0,2
0,1
0,1
0,1
0,1
0,1
1,4
0,1
0,2
0,1
0,1
0,2
0,1
0,1
0,1
1,0
1,0
1,0
1,0
0,1
1,0
0,1
0,3
1,4
0,3
0,1
0,3
1,4
0,2
1,4
0,3
1,4
0,3
0,3
1,4
0,3
1,4
0,3
0,0
0,0
0,0
0,0
0,0
0,1
0,3
1,4
0,2
0,1
0,2
0,1
0,1
1,0
0,0
0,0
0,0
1,0
0,0
1,3
1,3
0,0
0,0
0,0
0,0
0,0
0,0
0,3
1,4
1,0
0,0
1,0
0,2
0,3
1,4
0,0
1,0
0,3
0,3
0,3
1,3
0,2
0,1
1,3
1,0
0,1
1,3
0,2
1,3
1,0
0,4
1,4
0,4
1,3
1,0
1,3
0,2
1,2
1,2
0,3
1,2
1,3
0,3
1,3
0,4
1,4
0,4
1,3
1,0
1,3
1,3
1,0
1,3
1,0
1,2
0,4
1,3
1,0
1,0
1,4
1,0
1,4
1,0
1,1
1,1
0,2
1,1
0,1
1,1
1,0
1,1
1,1
0,1
0,1
0,0
0,1
0,0
0,2
1,4
0,2
1,4
0,2
1,3
0,2
1,4
0,2
1,3
1,0
1,3
1,1
1,3
0,0
1,1
1,1
1,3
0,3
1,3
0,0
1,1
1,2
1,2
0,0
1,2
1,2
0,0
1,3
0,0
0,1
0,0
0,2
1,3
0,2
1,3
0,2
1,3
0,2
0,1
0,2
1,3
0,3
1,4
1,0
1,3
1,0
0,1
1,0
0,2
1,3
1,0
1,0
1,3
0,4
0,1
0,1
0,1
0,2
1,3
0,3
0,0
0,2
0,2
0,2
0,0
1,1
0,2
1,1
1,0
1,3
1,0
1,3
0,3
1,3
0,1
0,0
0,2
1,0
1,0
1,0
1,0
1,0
1,0
1,4
1,0
0,0
0,3
0,1
0,2
1,0
0,2
1,1
0,1
0,0
0,1
1,4
0,1
1,3
0,1
1,3
0,1
0,1
1,3
0,2
1,0
1,4
0,1
0,0
0,2
1,4
0,2
1,4
0,2
1,3
1,3
1,3
0,4
1,4
0,1
0,3
0,1
1,3
0,4
0,1
0,4
0,1
0,1
0,1
0,3
0,3
1,4
0,3
1,4
0,3
1,4
0,4
1,4
0,3
1,4
0,0
1,2
0,3
0,1
0,0
0,1
0,2
0,1
1,4
0,0
0,0
0,0
1,3
0,0
1,3
1,0
1,4
0,4
1,4
1,0
1,4
0,4
1,3
1,0
1,3
0,4
1,0
1,0
1,4
0,4
1,4
0,4
1,3
0,4
1,3
0,4
1,4
0,2
0,2
1,3
0,2
1,3
0,4
1,3
0,2
0,2
1,3
0,1
1,3
0,1
0,4
0,1
0,0
1,1
0,4
1,4
4.937442,960.000000
1.761953,960.000000
1.943802,960.000000
2.794980,960.000000
2.157743,960.000000
4.254360,960.000000
1.674849,960.000000
2.053829,960.000000
2.871387,960.000000
5.568566,960.000000
1.358522,960.000000
1.378388,960.000000
3.019618,960.000000
2.125652,960.000000
3.277874,960.000000
5.457011,960.000000
2.993639,960.000000
3.734790,960.000000
1.123188,960.000000
0.970373,960.000000
0.794636,960.000000
1.570935,960.000000
1.855170,960.000000
0.904663,960.000000
0.990239,960.000000
1.500640,960.000000
2.593265,960.000000
1.492999,960.000000
1.301981,960.000000
1.248496,960.000000
3.803557,960.000000
0.504288,960.000000
0.809918,960.000000
2.663559,960.000000
1.535787,960.000000
2.040076,960.000000
3.513209,960.000000
1.716109,960.000000
2.136349,960.000000
1.060534,960.000000
0.961204,960.000000
0.926057,960.000000
1.661095,960.000000
0.942866,960.000000
1.201123,960.000000
1.544956,960.000000
1.318790,960.000000
2.137877,960.000000
1.046780,960.000000
1.595385,960.000000
1.448683,960.000000
3.172432,960.000000
0.673913,960.000000
0.982598,960.000000
2.001872,960.000000
1.372276,960.000000
1.763481,960.000000
2.917232,960.000000
1.670264,960.000000
1.613723,960.000000
0.608202,960.000000
0.941338,960.000000
0.484422,960.000000
3.213692,960.000000
1.078871,960.000000
2.487823,960.000000
4.090848,960.000000
1.402839,960.000000
2.924872,960.000000
1.149166,960.000000
2.082864,960.000000
3.088384,960.000000
3.597257,960.000000
0.967317,960.000000
1.891845,960.000000
2.289164,960.000000
1.995759,960.000000
2.770530,960.000000
3.410823,960.000000
2.703291,960.000000
2.584096,960.000000
0.626540,960.000000
0.825199,960.000000
0.673913,960.000000
1.468549,960.000000
1.541900,960.000000
0.974957,960.000000
1.191954,960.000000
1.917824,960.000000
1.890317,960.000000
1.213348,960.000000
1.923937,960.000000
1.604554,960.000000
4.909935,960.000000
0.684610,960.000000
0.907719,960.000000
2.472541,960.000000
1.784875,960.000000
1.867395,960.000000
3.852457,960.000000
1.775706,960.000000
1.888789,960.000000
0.904663,960.000000
1.198067,960.000000
0.901606,960.000000
3.572807,960.000000
2.107314,960.000000
2.199003,960.000000
2.865275,960.000000
2.428225,960.000000
4.373555,960.000000
1.956028,960.000000
2.655919,960.000000
3.074631,960.000000
5.391301,960.000000
1.046780,960.000000
2.075223,960.000000
3.368035,960.000000
2.620771,960.000000
4.368971,960.000000
5.479934,960.000000
3.258008,960.000000
2.975301,960.000000
1.389085,960.000000
1.595385,960.000000
1.170560,960.000000
1.315734,960.000000
1.389085,960.000000
0.794636,960.000000
1.133885,960.000000
1.346297,960.000000
2.072167,960.000000
1.670264,960.000000
1.103322,960.000000
0.988711,960.000000
3.523906,960.000000
0.495119,960.000000
0.709060,960.000000
2.394606,960.000000
1.734446,960.000000
2.041604,960.000000
2.958492,960.000000
1.570935,960.000000
1.467021,960.000000
0.667800,960.000000
0.773242,960.000000
0.715173,960.000000
1.731390,960.000000
1.590801,960.000000
1.069703,960.000000
1.271418,960.000000
2.119539,960.000000
1.671792,960.000000
1.233214,960.000000
2.151630,960.000000
2.114955,960.000000
4.731142,960.000000
0.867987,960.000000
1.306565,960.000000
2.512273,960.000000
1.959084,960.000000
2.081336,960.000000
3.901358,960.000000
2.315142,960.000000
1.899486,960.000000
0.776298,960.000000
1.288228,960.000000
0.831312,960.000000
3.066990,960.000000
1.245439,960.000000
1.997288,960.000000
3.213692,960.000000
1.364635,960.000000
2.787339,960.000000
1.233214,960.000000
2.379324,960.000000
3.985406,960.000000
4.066398,960.000000
1.433401,960.000000
2.058413,960.000000
2.767473,960.000000
2.041604,960.000000
3.332888,960.000000
3.727149,960.000000
3.204523,960.000000
2.567286,960.000000
0.770186,960.000000
1.155279,960.000000
0.961204,960.000000
4.824359,960.000000
4.393421,960.000000
2.632997,960.000000
4.031251,960.000000
3.860098,960.000000
5.324063,960.000000
3.606426,960.000000
3.711868,960.000000
4.511089,960.000000
12.410078,960.000000
1.823079,960.000000
2.533667,960.000000
7.141029,960.000000
5.484518,960.000000
5.904758,960.000000
8.695154,960.000000
4.802965,960.000000
4.876316,960.000000
2.738439,960.000000
2.428225,960.000000
2.521442,960.000000
1.580104,960.000000
0.611259,960.000000
0.724341,960.000000
1.207236,960.000000
0.611259,960.000000
1.097209,960.000000
0.380508,960.000000
0.730454,960.000000
1.470077,960.000000
1.888789,960.000000
0.585280,960.000000
0.681553,960.000000
1.022330,960.000000
0.709060,960.000000
1.071231,960.000000
1.581632,960.000000
1.448683,960.000000
1.069703,960.000000
0.481366,960.000000
0.562358,960.000000
0.372868,960.000000
1.433401,960.000000
1.191954,960.000000
1.017746,960.000000
1.236271,960.000000
1.245439,960.000000
1.787931,960.000000
0.880212,960.000000
1.485358,960.000000
1.885733,960.000000
3.004336,960.000000
0.628068,960.000000
1.031499,960.000000
1.853642,960.000000
1.246968,960.000000
1.474661,960.000000
2.519914,960.000000
1.716109,960.000000
1.609138,960.000000
0.647934,960.000000
0.935226,960.000000
0.652519,960.000000
4.414815,960.000000
2.073695,960.000000
1.823079,960.000000
3.155623,960.000000
1.934634,960.000000
4.561517,960.000000
1.907127,960.000000
1.635117,960.000000
2.434337,960.000000
5.611354,960.000000
1.123188,960.000000
1.454796,960.000000
4.112242,960.000000
2.837768,960.000000
4.145862,960.000000
6.405990,960.000000
3.305381,960.000000
3.271762,960.000000
1.520506,960.000000
1.162920,960.000000
1.323375,960.000000
2.683425,960.000000
1.196539,960.000000
1.624420,960.000000
2.813318,960.000000
1.088040,960.000000
2.739967,960.000000
1.509809,960.000000
1.725277,960.000000
2.738439,960.000000
3.944146,960.000000
0.984126,960.000000
1.732918,960.000000
2.521442,960.000000
2.351818,960.000000
3.488759,960.000000
3.346641,960.000000
2.185250,960.000000
2.266241,960.000000
0.770186,960.000000
0.855762,960.000000
0.877156,960.000000
3.788275,960.000000
2.099673,960.000000
1.904071,960.000000
3.149510,960.000000
1.809326,960.000000
4.254360,960.000000
1.856698,960.000000
2.412943,960.000000
4.234494,960.000000
5.269049,960.000000
1.098737,960.000000
2.414472,960.000000
3.442914,960.000000
2.495463,960.000000
5.970469,960.000000
5.692346,960.000000
3.737846,960.000000
3.050181,960.000000
1.389085,960.000000
1.353938,960.000000
1.268362,960.000000
4.929801,960.000000
3.941090,960.000000
2.287635,960.000000
3.643101,960.000000
3.699643,960.000000
5.291972,960.000000
2.963076,960.000000
3.343585,960.000000
3.530019,960.000000
9.618154,960.000000
1.607610,960.000000
2.171496,960.000000
6.036179,960.000000
3.828007,960.000000
5.826823,960.000000
10.693970,960.000000
5.340872,960.000000
4.720445,960.000000
2.321255,960.000000
2.140933,960.000000
2.105786,960.000000
3.552941,960.000000
1.919352,960.000000
1.682489,960.000000
2.665088,960.000000
2.067582,960.000000
3.261065,960.000000
1.528147,960.000000
2.160799,960.000000
2.364043,960.000000
5.269049,960.000000
1.228630,960.000000
1.497584,960.000000
3.085328,960.000000
2.133293,960.000000
3.675192,960.000000
5.434089,960.000000
3.624764,960.000000
3.447499,960.000000
1.378388,960.000000
1.121660,960.000000
1.117075,960.000000
3.296212,960.000000
1.989647,960.000000
1.621363,960.000000
2.113427,960.000000
2.405303,960.000000
2.703291,960.000000
1.534259,960.000000
2.197475,960.000000
2.391549,960.000000
5.855858,960.000000
1.060534,960.000000
1.428817,960.000000
3.536131,960.000000
2.417528,960.000000
2.483238,960.000000
4.430097,960.000000
3.141869,960.000000
2.926401,960.000000
1.081928,960.000000
1.431873,960.000000
1.167504,960.000000
1.150694,960.000000
0.669328,960.000000
0.663216,960.000000
0.942866,960.000000
0.666272,960.000000
1.254608,960.000000
0.634181,960.000000
1.016217,960.000000
1.266833,960.000000
2.446563,960.000000
0.536379,960.000000
0.799221,960.000000
1.419648,960.000000
0.985655,960.000000
1.838360,960.000000
1.816966,960.000000
1.306565,960.000000
0.974957,960.000000
0.621956,960.000000
0.398846,960.000000
0.463028,960.000000
0.805333,960.000000
0.935226,960.000000
0.829784,960.000000
0.835896,960.000000
1.361579,960.000000
1.404367,960.000000
0.788524,960.000000
1.132357,960.000000
1.152222,960.000000
2.455732,960.000000
0.533323,960.000000
0.871044,960.000000
1.364635,960.000000
0.988711,960.000000
1.309622,960.000000
2.110370,960.000000
1.187370,960.000000
1.398254,960.000000
0.467613,960.000000
0.757961,960.000000
0.504288,960.000000
1.020802,960.000000
0.663216,960.000000
0.586808,960.000000
0.984126,960.000000
0.539436,960.000000
1.262249,960.000000
0.657103,960.000000
0.793108,960.000000
1.254608,960.000000
1.748200,960.000000
0.424825,960.000000
0.845065,960.000000
1.251552,960.000000
0.817558,960.000000
1.933105,960.000000
2.018682,960.000000
1.205708,960.000000
0.875628,960.000000
0.426353,960.000000
0.356058,960.000000
0.988711,960.000000
4.516802,960.000000
1.962631,960.000000
1.727237,960.000000
2.823192,960.000000
1.903018,960.000000
3.995574,960.000000
1.670682,960.000000
2.149111,960.000000
2.493030,960.000000
5.686126,960.000000
0.952273,960.000000
1.490315,960.000000
3.853420,960.000000
2.366162,960.000000
3.899276,960.000000
5.013574,960.000000
3.012730,960.000000
3.321493,960.000000
1.325234,960.000000
0.998129,960.000000
1.095955,960.000000
1.870919,960.000000
1.815892,960.000000
1.126526,960.000000
1.537700,960.000000
1.364976,960.000000
2.424246,960.000000
1.247279,960.000000
1.140282,960.000000
1.494901,960.000000
3.570643,960.000000
0.722994,960.000000
0.923231,960.000000
2.367691,960.000000
1.583556,960.000000
2.170511,960.000000
3.610384,960.000000
1.727237,960.000000
1.797550,960.000000
0.898775,960.000000
0.849862,960.000000
0.888075,960.000000
1.808249,960.000000
1.080670,960.000000
1.449045,960.000000
1.802135,960.000000
1.111240,960.000000
1.912189,960.000000
1.134168,960.000000
1.432231,960.000000
1.708895,960.000000
2.733009,960.000000
0.652682,960.000000
1.105126,960.000000
1.725709,960.000000
1.420003,960.000000
2.029886,960.000000
2.515958,960.000000
1.626354,960.000000
1.883147,960.000000
0.580841,960.000000
0.892661,960.000000
0.499829,960.000000
2.520544,960.000000
1.343577,960.000000
1.864805,960.000000
3.011201,960.000000
1.687496,960.000000
2.716195,960.000000
1.482673,960.000000
2.083384,960.000000
2.772751,960.000000
4.779709,960.000000
0.993544,960.000000
1.565213,960.000000
2.454817,960.000000
2.350877,960.000000
2.852234,960.000000
3.864120,960.000000
2.260694,960.000000
2.376862,960.000000
0.906417,960.000000
1.190724,960.000000
0.781078,960.000000
1.716538,960.000000
1.259508,960.000000
1.427646,960.000000
1.718066,960.000000
1.993201,960.000000
2.103255,960.000000
1.118883,960.000000
1.805192,960.000000
2.026829,960.000000
3.819793,960.000000
0.750508,960.000000
1.277850,960.000000
1.922889,960.000000
1.445988,960.000000
2.097141,960.000000
3.631784,960.000000
1.907604,960.000000
2.127712,960.000000
0.817763,960.000000
1.134168,960.000000
0.764264,960.000000
3.636369,960.000000
2.297378,960.000000
2.046700,960.000000
2.910318,960.000000
1.967216,960.000000
4.662012,960.000000
2.052814,960.000000
2.327949,960.000000
2.780393,960.000000
5.563844,960.000000
1.071499,960.000000
1.805192,960.000000
3.894691,960.000000
2.707024,960.000000
4.215682,960.000000
5.438505,960.000000
3.217553,960.000000
3.205324,960.000000
1.410832,960.000000
1.459745,960.000000
1.311477,960.000000
1.753222,960.000000
1.236580,960.000000
1.100541,960.000000
1.438345,960.000000
1.227408,960.000000
2.094084,960.000000
1.426117,960.000000
1.178496,960.000000
1.250336,960.000000
3.345949,960.000000
0.467730,960.000000
0.742865,960.000000
2.120069,960.000000
1.559099,960.000000
2.178153,960.000000
2.580156,960.000000
1.320649,960.000000
1.554514,960.000000
0.664910,960.000000
0.889604,960.000000
0.739808,960.000000
2.228595,960.000000
1.247279,960.000000
1.404718,960.000000
1.883147,960.000000
1.785321,960.000000
2.317249,960.000000
1.190724,960.000000
1.896904,960.000000
2.370748,960.000000
3.781580,960.000000
0.999658,960.000000
1.493372,960.000000
2.150640,960.000000
1.565213,960.000000
2.303493,960.000000
3.694454,960.000000
2.329478,960.000000
2.153697,960.000000
0.799420,960.000000
1.031757,960.000000
0.791778,960.000000
2.566399,960.000000
1.496429,960.000000
1.381790,960.000000
2.664225,960.000000
2.032943,960.000000
2.847649,960.000000
1.238108,960.000000
2.479273,960.000000
4.201925,960.000000
4.767481,960.000000
1.137225,960.000000
1.832706,960.000000
2.558757,960.000000
2.204138,960.000000
3.098327,960.000000
4.217210,960.000000
2.751351,960.000000
2.598499,960.000000
0.966030,960.000000
1.317592,960.000000
0.976730,960.000000
5.631099,960.000000
3.544658,960.000000
3.196153,960.000000
4.266123,960.000000
3.913033,960.000000
5.868021,960.000000
3.153354,960.000000
4.206511,960.000000
4.987589,960.000000
11.303469,960.000000
1.933589,960.000000
3.009673,960.000000
6.054502,960.000000
4.217210,960.000000
6.184427,960.000000
9.603745,960.000000
5.407934,960.000000
5.288709,960.000000
2.144526,960.000000
2.243880,960.000000
2.101727,960.000000
1.152511,960.000000
0.571670,960.000000
0.538042,960.000000
0.833048,960.000000
0.885018,960.000000
1.079141,960.000000
0.395889,960.000000
0.998129,960.000000
1.178496,960.000000
2.138411,960.000000
0.593069,960.000000
0.721465,960.000000
1.163210,960.000000
0.820820,960.000000
1.196838,960.000000
1.866333,960.000000
1.285493,960.000000
1.082198,960.000000
0.382132,960.000000
0.585426,960.000000
0.421874,960.000000
1.507129,960.000000
0.998129,960.000000
1.112769,960.000000
1.572856,960.000000
1.257979,960.000000
1.705838,960.000000
0.862090,960.000000
1.418474,960.000000
1.852577,960.000000
2.685625,960.000000
0.562499,960.000000
1.195309,960.000000
1.494901,960.000000
1.427646,960.000000
1.647754,960.000000
2.515958,960.000000
2.043643,960.000000
1.531586,960.000000
0.619054,960.000000
0.833048,960.000000
0.638925,960.000000
3.735724,960.000000
2.431889,960.000000
1.838820,960.000000
2.587799,960.000000
1.985559,960.000000
3.725024,960.000000
1.959574,960.000000
2.188853,960.000000
2.491502,960.000000
6.097300,960.000000
1.305363,960.000000
1.601898,960.000000
4.839321,960.000000
2.651997,960.000000
3.922204,960.000000
6.089658,960.000000
3.423904,960.000000
3.394862,960.000000
1.349691,960.000000
1.383318,960.000000
1.207538,960.000000
2.266808,960.000000
1.527000,960.000000
1.291607,960.000000
2.086441,960.000000
1.575913,960.000000
2.473159,960.000000
1.690553,960.000000
1.760865,960.000000
2.158282,960.000000
4.509159,960.000000
0.855976,960.000000
1.436817,960.000000
2.925604,960.000000
2.632126,960.000000
2.786508,960.000000
3.647069,960.000000
2.486916,960.000000
2.239294,960.000000
1.109712,960.000000
1.063856,960.000000
0.923231,960.000000
3.776994,960.000000
2.428832,960.000000
1.672210,960.000000
2.729952,960.000000
2.074213,960.000000
3.867177,960.000000
2.210252,960.000000
2.173568,960.000000
3.277165,960.000000
6.271553,960.000000
1.184610,960.000000
1.653868,960.000000
4.113270,960.000000
2.951589,960.000000
5.154198,960.000000
5.912348,960.000000
3.474345,960.000000
3.072342,960.000000
1.442931,960.000000
1.537700,960.000000
1.710423,960.000000
5.342207,960.000000
3.636369,960.000000
2.587799,960.000000
3.978760,960.000000
3.474345,960.000000
5.415577,960.000000
2.887390,960.000000
3.252709,960.000000
3.793808,960.000000
9.401979,960.000000
1.858691,960.000000
2.650469,960.000000
6.078958,960.000000
3.746423,960.000000
5.996418,960.000000
9.661829,960.000000
5.540916,960.000000
4.547372,960.000000
2.309607,960.000000
1.822006,960.000000
2.054342,960.000000
3.507973,960.000000
1.951931,960.000000
1.585084,960.000000
2.791093,960.000000
2.020715,960.000000
3.186982,960.000000
1.406246,960.000000
2.256108,960.000000
2.969931,960.000000
5.403348,960.000000
1.302306,960.000000
1.678324,960.000000
3.324550,960.000000
2.274450,960.000000
3.361234,960.000000
5.146556,960.000000
3.706682,960.000000
2.812493,960.000000
1.206009,960.000000
1.236580,960.000000
1.086784,960.000000
3.047886,960.000000
1.869390,960.000000
1.522414,960.000000
2.474688,960.000000
2.123126,960.000000
3.345949,960.000000
1.441402,960.000000
2.379919,960.000000
2.731481,960.000000
5.547030,960.000000
1.124997,960.000000
1.539228,960.000000
3.026487,960.000000
2.321835,960.000000
2.947003,960.000000
4.394520,960.000000
2.983688,960.000000
3.098327,960.000000
1.040928,960.000000
1.343577,960.000000
0.918646,960.000000
1.095955,960.000000
0.837634,960.000000
0.713823,960.000000
0.860562,960.000000
0.810120,960.000000
1.268679,960.000000
0.645039,960.000000
0.729108,960.000000
1.028700,960.000000
2.269865,960.000000
0.444802,960.000000
0.649625,960.000000
1.516300,960.000000
1.099012,960.000000
1.574384,960.000000
2.311135,960.000000
1.293135,960.000000
0.927817,960.000000
0.880432,960.000000
0.346976,960.000000
0.573198,960.000000
1.187667,960.000000
0.842219,960.000000
0.825405,960.000000
1.238108,960.000000
1.105126,960.000000
1.490315,960.000000
0.848333,960.000000
1.102069,960.000000
1.268679,960.000000
2.275979,960.000000
0.417288,960.000000
0.810120,960.000000
1.204480,960.000000
1.011886,960.000000
1.479616,960.000000
1.927475,960.000000
1.189195,960.000000
1.374147,960.000000
0.369904,960.000000
0.738279,960.000000
0.484544,960.000000
1.021057,960.000000
0.794835,960.000000
0.461616,960.000000
0.727580,960.000000
0.744393,960.000000
1.062327,960.000000
0.852919,960.000000
0.701595,960.000000
1.073027,960.000000
2.172039,960.000000
0.360733,960.000000
0.534985,960.000000
1.357333,960.000000
1.053156,960.000000
1.461273,960.000000
2.077270,960.000000
1.276321,960.000000
0.964502,960.000000
0.576255,960.000000
0.385189,960.000000
0.993544,960.000000
4.345676,960.000000
1.900660,960.000000
1.737047,960.000000
2.796707,960.000000
1.885369,960.000000
3.685109,960.000000
1.579551,960.000000
2.275287,960.000000
2.830347,960.000000
5.665282,960.000000
1.128469,960.000000
1.587196,960.000000
3.747802,960.000000
2.263055,960.000000
3.680522,960.000000
5.377813,960.000000
3.313540,960.000000
3.171335,960.000000
1.102475,960.000000
1.155993,960.000000
1.039782,960.000000
1.804327,960.000000
1.899131,960.000000
1.041311,960.000000
1.339484,960.000000
1.423584,960.000000
2.120849,960.000000
1.373124,960.000000
1.221744,960.000000
1.287495,960.000000
3.819669,960.000000
0.590229,960.000000
1.143760,960.000000
2.328806,960.000000
1.568847,960.000000
2.266113,960.000000
3.625475,960.000000
1.865491,960.000000
1.770687,960.000000
0.880756,960.000000
0.866995,960.000000
0.894518,960.000000
1.544382,960.000000
1.085655,960.000000
1.474044,960.000000
1.717169,960.000000
1.238564,960.000000
2.185071,960.000000
1.029078,960.000000
1.370065,960.000000
1.787507,960.000000
2.943500,960.000000
0.662096,960.000000
1.056602,960.000000
1.770687,960.000000
1.489335,960.000000
1.882311,960.000000
2.445016,960.000000
1.678942,960.000000
1.876195,960.000000
0.584113,960.000000
0.741609,960.000000
0.544356,960.000000
2.891511,960.000000
1.324193,960.000000
1.776804,960.000000
3.276842,960.000000
1.451107,960.000000
2.882336,960.000000
1.334896,960.000000
1.862433,960.000000
2.960320,960.000000
4.264635,960.000000
0.836413,960.000000
1.617778,960.000000
2.709549,960.000000
2.296695,960.000000
3.247789,960.000000
3.630062,960.000000
2.399144,960.000000
2.339509,960.000000
0.870053,960.000000
1.123882,960.000000
0.766075,960.000000
1.824206,960.000000
1.412880,960.000000
1.233976,960.000000
1.440404,960.000000
1.841026,960.000000
2.108616,960.000000
1.281378,960.000000
1.792095,960.000000
2.042866,960.000000
3.981753,960.000000
0.813476,960.000000
1.324193,960.000000
2.200362,960.000000
1.539795,960.000000
1.885369,960.000000
3.278371,960.000000
2.085680,960.000000
2.200362,960.000000
0.659038,960.000000
1.084125,960.000000
0.827238,960.000000
3.744744,960.000000
2.316573,960.000000
1.989347,960.000000
2.824231,960.000000
2.244706,960.000000
4.853335,960.000000
1.935829,960.000000
2.567344,960.000000
2.821173,960.000000
5.721858,960.000000
1.029078,960.000000
1.749280,960.000000
3.553607,960.000000
2.524529,960.000000
4.093376,960.000000
5.504727,960.000000
3.082647,960.000000
3.394582,960.000000
1.324193,960.000000
1.467927,960.000000
1.247738,960.000000
1.631540,960.000000
1.310431,960.000000
0.943449,960.000000
1.539795,960.000000
1.084125,960.000000
2.264584,960.000000
1.448049,960.000000
1.149876,960.000000
1.315018,960.000000
2.977140,960.000000
0.669742,960.000000
0.897576,960.000000
2.276816,960.000000
1.322664,960.000000
2.019929,960.000000
2.737073,960.000000
1.614720,960.000000
1.613191,960.000000
0.605520,960.000000
0.770662,960.000000
0.683504,960.000000
2.229415,960.000000
1.154464,960.000000
1.389944,960.000000
1.848671,960.000000
1.743164,960.000000
2.188129,960.000000
1.200336,960.000000
1.970998,960.000000
2.310456,960.000000
4.195826,960.000000
0.905222,960.000000
1.418996,960.000000
2.140727,960.000000
1.625424,960.000000
2.263055,960.000000
3.662173,960.000000
2.506180,960.000000
2.082622,960.000000
0.793598,960.000000
0.989322,960.000000
0.782895,960.000000
2.552053,960.000000
1.359362,960.000000
1.815031,960.000000
2.749306,960.000000
1.873136,960.000000
2.750835,960.000000
1.276791,960.000000
2.263055,960.000000
4.133133,960.000000
4.567395,960.000000
1.078009,960.000000
1.821147,960.000000
2.616275,960.000000
2.371620,960.000000
3.467978,960.000000
4.402253,960.000000
2.587222,960.000000
2.651444,960.000000
0.922042,960.000000
1.059660,960.000000
0.984735,960.000000
5.628584,960.000000
3.521496,960.000000
2.781416,960.000000
4.365555,960.000000
4.090318,960.000000
5.555187,960.000000
3.183567,960.000000
4.139249,960.000000
4.882387,960.000000
11.746477,960.000000
2.201891,960.000000
2.810469,960.000000
6.278447,960.000000
4.416015,960.000000
5.689747,960.000000
8.708173,960.000000
5.680573,960.000000
5.636229,960.000000
2.425138,960.000000
2.318102,960.000000
2.192716,960.000000
1.348658,960.000000
0.663625,960.000000
0.689620,960.000000
0.978618,960.000000
0.853233,960.000000
1.062718,960.000000
0.460256,960.000000
0.938862,960.000000
1.162109,960.000000
1.945004,960.000000
0.542827,960.000000
0.698795,960.000000
1.016845,960.000000
0.680445,960.000000
1.160580,960.000000
1.779862,960.000000
1.356304,960.000000
1.160580,960.000000
0.444965,960.000000
0.550473,960.000000
0.400622,960.000000
1.530620,960.000000
1.018375,960.000000
0.970973,960.000000
1.600958,960.000000
1.226331,960.000000
1.625424,960.000000
0.970973,960.000000
1.527562,960.000000
1.677413,960.000000
2.958791,960.000000
0.755371,960.000000
1.084125,960.000000
1.526033,960.000000
1.247738,960.000000
1.773746,960.000000
2.622391,960.000000
1.686587,960.000000
1.787507,960.000000
0.460256,960.000000
0.918984,960.000000
0.509187,960.000000
3.675935,960.000000
2.538291,960.000000
1.761513,960.000000
2.515355,960.000000
2.111675,960.000000
3.571956,960.000000
2.088738,960.000000
2.218711,960.000000
2.616275,960.000000
6.316675,960.000000
1.087184,960.000000
1.590255,960.000000
5.059762,960.000000
2.825760,960.000000
3.769209,960.000000
5.989449,960.000000
3.316598,960.000000
2.828818,960.000000
1.474044,960.000000
1.484747,960.000000
1.373124,960.000000
2.541349,960.000000
1.480160,960.000000
1.475573,960.000000
2.318102,960.000000
1.643773,960.000000
2.562756,960.000000
1.519916,960.000000
1.614720,960.000000
2.296695,960.000000
4.388491,960.000000
0.759958,960.000000
1.151405,960.000000
2.954204,960.000000
2.649915,960.000000
3.032187,960.000000
3.883891,960.000000
2.018400,960.000000
2.241647,960.000000
0.964856,960.000000
0.952624,960.000000
1.001555,960.000000
3.926706,960.000000
2.247764,960.000000
1.801269,960.000000
3.006193,960.000000
2.100971,960.000000
4.078086,960.000000
2.081093,960.000000
2.009226,960.000000
3.227911,960.000000
5.986391,960.000000
1.233976,960.000000
1.893015,960.000000
3.914473,960.000000
3.055124,960.000000
5.412982,960.000000
5.931344,960.000000
3.573486,960.000000
2.960320,960.000000
1.516858,960.000000
1.261500,960.000000
1.478631,960.000000
5.156095,960.000000
3.585718,960.000000
2.712607,960.000000
3.827315,960.000000
3.533729,960.000000
5.617880,960.000000
2.737073,960.000000
3.380820,960.000000
4.114784,960.000000
8.929891,960.000000
1.747751,960.000000
2.737073,960.000000
6.085782,960.000000
3.993986,960.000000
5.960397,960.000000
9.790769,960.000000
5.281480,960.000000
4.224878,960.000000
2.397615,960.000000
2.042866,960.000000
2.182013,960.000000
2.998547,960.000000
1.919009,960.000000
1.636127,960.000000
2.467953,960.000000
1.974056,960.000000
3.215678,960.000000
1.741635,960.000000
2.357858,960.000000
2.833406,960.000000
5.464971,960.000000
1.188104,960.000000
1.714111,960.000000
3.165218,960.000000
2.382324,960.000000
3.533729,960.000000
5.685160,960.000000
3.614771,960.000000
2.663676,960.000000
1.252325,960.000000
1.305844,960.000000
1.108591,960.000000
3.230969,960.000000
1.891486,960.000000
1.701878,960.000000
2.422080,960.000000
2.333393,960.000000
3.079589,960.000000
1.492393,960.000000
2.284462,960.000000
2.573460,960.000000
5.651520,960.000000
1.068835,960.000000
1.550498,960.000000
2.903744,960.000000
2.183542,960.000000
2.992431,960.000000
4.316624,960.000000
2.847167,960.000000
3.281429,960.000000
1.129998,960.000000
1.360891,960.000000
0.928158,960.000000
1.146818,960.000000
0.796656,960.000000
0.596345,960.000000
0.766075,960.000000
0.756900,960.000000
1.425113,960.000000
0.715615,960.000000
0.896047,960.000000
1.015316,960.000000
2.188129,960.000000
0.446495,960.000000
0.662096,960.000000
1.350187,960.000000
0.929687,960.000000
1.590255,960.000000
2.244706,960.000000
1.417467,960.000000
1.065776,960.000000
0.789011,960.000000
0.458727,960.000000
0.625398,960.000000
1.056602,960.000000
0.847116,960.000000
0.853233,960.000000
1.185045,960.000000
1.113178,960.000000
1.403705,960.000000
0.749255,960.000000
1.212569,960.000000
1.313489,960.000000
2.237060,960.000000
0.562705,960.000000
0.784424,960.000000
1.282907,960.000000
1.026020,960.000000
1.276791,960.000000
1.923596,960.000000
1.188104,960.000000
1.289024,960.000000
0.500013,960.000000
0.955682,960.000000
0.435791,960.000000
1.007671,960.000000
0.792069,960.000000
0.481664,960.000000
0.903693,960.000000
0.729376,960.000000
1.172813,960.000000
0.689620,960.000000
0.717144,960.000000
1.026020,960.000000
2.137669,960.000000
0.386860,960.000000
0.581055,960.000000
1.237035,960.000000
0.970973,960.000000
1.463340,960.000000
2.139198,960.000000
1.168225,960.000000
0.961798,960.000000
0.597875,960.000000
0.425087,960.000000
1.056602,960.000000
4.367558,960.000000
1.962724,960.000000
1.817394,960.000000
2.672548,960.000000
1.896943,960.000000
3.824482,960.000000
1.684302,960.000000
2.175365,960.000000
2.761276,960.000000
5.410877,960.000000
1.092272,960.000000
1.486959,960.000000
3.738813,960.000000
2.446139,960.000000
3.741873,960.000000
5.236480,960.000000
3.227863,960.000000
3.105479,960.000000
1.254430,960.000000
1.277377,960.000000
1.092272,960.000000
1.961194,960.000000
1.803626,960.000000
0.940823,960.000000
1.352337,960.000000
1.476250,960.000000
2.363530,960.000000
1.359986,960.000000
1.309503,960.000000
1.434946,960.000000
3.504755,960.000000
0.682288,960.000000
0.965299,960.000000
2.354351,960.000000
1.438005,960.000000
2.199842,960.000000
3.445093,960.000000
1.837281,960.000000
1.970373,960.000000
0.974478,960.000000
0.870452,960.000000
0.894929,960.000000
1.847990,960.000000
1.049438,960.000000
1.373754,960.000000
1.844930,960.000000
1.216185,960.000000
1.754672,960.000000
1.162642,960.000000
1.246781,960.000000
1.892354,960.000000
3.010632,960.000000
0.535427,960.000000
1.179470,960.000000
1.890824,960.000000
1.488488,960.000000
1.896943,960.000000
2.608297,960.000000
1.490018,960.000000
1.702659,960.000000
0.555315,960.000000
0.847505,960.000000
0.520130,960.000000
2.845414,960.000000
1.401290,960.000000
1.829632,960.000000
3.007572,960.000000
1.610872,960.000000
3.042758,960.000000
1.370694,960.000000
1.763851,960.000000
3.019811,960.000000
4.191632,960.000000
0.937763,960.000000
1.468601,960.000000
2.511920,960.000000
2.441549,960.000000
2.967798,960.000000
3.686800,960.000000
2.530277,960.000000
2.502741,960.000000
0.812320,960.000000
1.130517,960.000000
0.789373,960.000000
1.698070,960.000000
1.448714,960.000000
1.165702,960.000000
1.592514,960.000000
1.927539,960.000000
2.153948,960.000000
1.162642,960.000000
1.716427,960.000000
2.033095,960.000000
4.135030,960.000000
0.797022,960.000000
1.480839,960.000000
1.942837,960.000000
1.500727,960.000000
1.803626,960.000000
3.273756,960.000000
2.152418,960.000000
2.212080,960.000000
0.777135,960.000000
1.073914,960.000000
0.812320,960.000000
3.890263,960.000000
2.302338,960.000000
1.941307,960.000000
2.813289,960.000000
2.279391,960.000000
4.652100,960.000000
1.921420,960.000000
2.412483,960.000000
2.778104,960.000000
5.640346,960.000000
1.060146,960.000000
1.695010,960.000000
3.998878,960.000000
2.631243,960.000000
3.934627,960.000000
5.563856,960.000000
3.096300,960.000000
3.099360,960.000000
1.442595,960.000000
1.488488,960.000000
1.353867,960.000000
1.809745,960.000000
1.176411,960.000000
1.003544,960.000000
1.491548,960.000000
1.101451,960.000000
2.092756,960.000000
1.257490,960.000000
1.214655,960.000000
1.311032,960.000000
3.220214,960.000000
0.440580,960.000000
0.951531,960.000000
2.104995,960.000000
1.441065,960.000000
1.938247,960.000000
2.677137,960.000000
1.497667,960.000000
1.594044,960.000000
0.680758,960.000000
1.011193,960.000000
0.865863,960.000000
1.950486,960.000000
1.225364,960.000000
1.531323,960.000000
1.950486,960.000000
1.774560,960.000000
2.195253,960.000000
1.217715,960.000000
2.026975,960.000000
2.424721,960.000000
4.127381,960.000000
1.006604,960.000000
1.457892,960.000000
1.958135,960.000000
1.592514,960.000000
2.349762,960.000000
3.386961,960.000000
2.227378,960.000000
2.441549,960.000000
0.790903,960.000000
1.066266,960.000000
0.699115,960.000000
2.482854,960.000000
1.490018,960.000000
1.592514,960.000000
2.961679,960.000000
1.884705,960.000000
2.464496,960.000000
1.376813,960.000000
2.235027,960.000000
3.804594,960.000000
4.630683,960.000000
0.968359,960.000000
1.759262,960.000000
2.794931,960.000000
2.283981,960.000000
3.438974,960.000000
4.275771,960.000000
3.178909,960.000000
2.562403,960.000000
0.797022,960.000000
1.228424,960.000000
1.020372,960.000000
5.680120,960.000000
3.405319,960.000000
2.995334,960.000000
4.235996,960.000000
4.113613,960.000000
5.755080,960.000000
3.255399,960.000000
4.211519,960.000000
4.589378,960.000000
11.650901,960.000000
2.253385,960.000000
2.889778,960.000000
6.090105,960.000000
4.629153,960.000000
5.822391,960.000000
9.122154,960.000000
5.260957,960.000000
5.490426,960.000000
2.181484,960.000000
2.440019,960.000000
2.190663,960.000000
1.188649,960.000000
0.752658,960.000000
0.628745,960.000000
0.894929,960.000000
0.823028,960.000000
1.076974,960.000000
0.527778,960.000000
0.920935,960.000000
1.064736,960.000000
2.230438,960.000000
0.616506,960.000000
0.593560,960.000000
1.052497,960.000000
0.862803,960.000000
1.171821,960.000000
1.958135,960.000000
1.099921,960.000000
1.041789,960.000000
0.477295,960.000000
0.495653,960.000000
0.414574,960.000000
1.503786,960.000000
1.075444,960.000000
0.988246,960.000000
1.508376,960.000000
1.113689,960.000000
1.584865,960.000000
0.936233,960.000000
1.424237,960.000000
1.924479,960.000000
2.810229,960.000000
0.599679,960.000000
1.124398,960.000000
1.675123,960.000000
1.358456,960.000000
1.788328,960.000000
2.703144,960.000000
1.653706,960.000000
1.695010,960.000000
0.608857,960.000000
0.908697,960.000000
0.491063,960.000000
3.746462,960.000000
2.297749,960.000000
1.722547,960.000000
2.683256,960.000000
2.121822,960.000000
3.839780,960.000000
2.071339,960.000000
2.195253,960.000000
2.617475,960.000000
5.989138,960.000000
1.014253,960.000000
1.564978,960.000000
4.968767,960.000000
2.940262,960.000000
3.919329,960.000000
6.162005,960.000000
3.553708,960.000000
2.840825,960.000000
1.321741,960.000000
1.335509,960.000000
1.323271,960.000000
2.345172,960.000000
1.514495,960.000000
1.587925,960.000000
2.493562,960.000000
1.459422,960.000000
2.690905,960.000000
1.482369,960.000000
1.736315,960.000000
2.388006,960.000000
4.376737,960.000000
0.766426,960.000000
1.356926,960.000000
2.513449,960.000000
2.407894,960.000000
2.924964,960.000000
4.027944,960.000000
2.352821,960.000000
2.092756,960.000000
0.974478,960.000000
0.991306,960.000000
0.980597,960.000000
3.734224,960.000000
2.248795,960.000000
1.730196,960.000000
3.143724,960.000000
2.045333,960.000000
3.980521,960.000000
1.956605,960.000000
2.305398,960.000000
3.298233,960.000000
6.111522,960.000000
1.087683,960.000000
1.863288,960.000000
3.943806,960.000000
2.970857,960.000000
5.345096,960.000000
6.065628,960.000000
3.558298,960.000000
3.116188,960.000000
1.497667,960.000000
1.274317,960.000000
1.416588,960.000000
5.141633,960.000000
3.734224,960.000000
2.589939,960.000000
3.783177,960.000000
3.272227,960.000000
5.548558,960.000000
2.967798,960.000000
3.503225,960.000000
4.323194,960.000000
9.047194,960.000000
1.958135,960.000000
2.643482,960.000000
5.640346,960.000000
3.862727,960.000000
6.050330,960.000000
9.634635,960.000000
5.381811,960.000000
4.485352,960.000000
2.369649,960.000000
1.999439,960.000000
2.112644,960.000000
3.002983,960.000000
1.728666,960.000000
1.681242,960.000000
2.363530,960.000000
2.167716,960.000000
3.148313,960.000000
1.496137,960.000000
2.429311,960.000000
2.958619,960.000000
5.560797,960.000000
1.486959,960.000000
1.695010,960.000000
3.628668,960.000000
2.126412,960.000000
3.723515,960.000000
5.138574,960.000000
3.494047,960.000000
2.729150,960.000000
1.216185,960.000000
1.188649,960.000000
1.251370,960.000000
3.180439,960.000000
1.832692,960.000000
1.910711,960.000000
2.418602,960.000000
2.427781,960.000000
3.263048,960.000000
1.451773,960.000000
2.436960,960.000000
2.469085,960.000000
5.352745,960.000000
1.043319,960.000000
1.594044,960.000000
3.117718,960.000000
2.088167,960.000000
2.989215,960.000000
4.451697,960.000000
2.814819,960.000000
3.307412,960.000000
1.035670,960.000000
1.112159,960.000000
0.936233,960.000000
1.099921,960.000000
0.885750,960.000000
0.567553,960.000000
0.806201,960.000000
0.806201,960.000000
1.281966,960.000000
0.694526,960.000000
0.746539,960.000000
1.116749,960.000000
2.401775,960.000000
0.431402,960.000000
0.715943,960.000000
1.398231,960.000000
1.008133,960.000000
1.560389,960.000000
2.236557,960.000000
1.301854,960.000000
1.014253,960.000000
0.826088,960.000000
0.435991,960.000000
0.549196,960.000000
1.127457,960.000000
0.879631,960.000000
0.790903,960.000000
0.992835,960.000000
1.028021,960.000000
1.356926,960.000000
0.784784,960.000000
1.168762,960.000000
1.300324,960.000000
2.386477,960.000000
0.614977,960.000000
0.893399,960.000000
1.266668,960.000000
0.847505,960.000000
1.405880,960.000000
2.023916,960.000000
1.312562,960.000000
1.285026,960.000000
0.488004,960.000000
0.760307,960.000000
0.483414,960.000000
1.075444,960.000000
0.847505,960.000000
0.484944,960.000000
0.904107,960.000000
0.801611,960.000000
1.174881,960.000000
0.689937,960.000000
0.745009,960.000000
0.919405,960.000000
2.114174,960.000000
0.354912,960.000000
0.584381,960.000000
1.373754,960.000000
0.954591,960.000000
1.459422,960.000000
2.111114,960.000000
1.150404,960.000000
0.919405,960.000000
0.579791,960.000000
0.440580,960.000000
0.950001,960.000000
56.247159,960.000000
35.131938,960.000000
31.093767,960.000000
45.849975,960.000000
36.955475,960.000000
60.028423,960.000000
30.918677,960.000000
39.510798,960.000000
49.455828,960.000000
98.422025,960.000000
19.928573,960.000000
29.544429,960.000000
60.281779,960.000000
43.498937,960.000000
62.756707,960.000000
90.174679,960.000000
54.295119,960.000000
51.297458,960.000000
21.896211,960.000000
23.238481,960.000000
20.709819,960.000000
