3,19,8,3,1,0.518977
3,20,18,0,0,0.477910
3,11,2,3,0,0.424554
3,3,4,2,1,0.291978
0,2,1,2,1,0.279240
2,20,1,2,1,0.274765
2,12,1,3,1,0.288276
0,3,1,2,1,0.236426
0,0,2,0,1,0.209143
0,2,2,3,1,0.227762
0,3,0,2,1,0.195212
0,3,3,3,1,0.177186
0,0,1,3,1,0.170426
2,20,3,3,1,0.187749
3,18,6,3,1,0.194048
0,2,3,3,1,0.150177
3,2,3,2,2,0.160613
2,14,2,2,2,0.136362
0,3,2,3,2,0.133576
0,2,1,3,2,0.120111
3,13,13,0,0,0.108711
0,1,3,0,0,0.117110
3,1,14,0,1,0.115174
3,10,17,0,1,0.107148
0,0,3,0,1,0.099577
0,2,0,2,1,0.102226
0,3,0,1,1,0.107458
0,0,2,2,1,0.096830
0,3,1,1,1,0.091299
2,18,0,2,1,0.101955
2,18,3,1,1,0.091316
0,2,3,1,1,0.084088
3,9,2,3,1,0.088052
0,3,0,0,1,0.093207
3,9,2,0,1,0.098797
3,3,13,0,1,0.086259
0,2,3,0,1,0.084265
0,2,2,3,1,0.079679
0,2,2,1,1,0.076536
2,15,3,3,1,0.075576
0,1,3,3,1,0.089473
0,0,2,3,1,0.085147
0,0,0,0,1,0.087065
0,1,1,2,1,0.087273
0,0,0,0,1,0.072706
3,11,16,0,1,0.076973
3,8,1,3,0,0.097606
2,14,2,2,0,0.080191
3,3,11,1,3,0.085943
3,1,9,2,2,0.073710
3,18,8,2,0,0.062519
0,0,1,0,0,0.064002
0,3,2,2,0,0.074849
3,6,8,2,3,0.063840
2,17,2,2,3,0.058484
3,17,11,2,0,0.068983
3,16,18,3,3,0.083158
0,0,0,3,3,0.073852
2,20,2,3,3,0.058448
2,0,3,0,3,0.073484
3,16,11,2,3,0.064686
0,2,2,2,3,0.064125
3,3,4,0,2,0.056658
3,3,4,0,2,0.073887
0,3,0,1,2,0.055500
0,3,3,0,2,0.059491
3,2,9,0,2,0.055622
2,1,1,0,2,0.055165
3,4,1,1,0,0.049318
3,0,4,1,2,0.072362
0,2,1,0,2,0.046993
3,2,1,0,1,0.052482
3,1,16,1,3,0.052198
3,8,2,1,0,0.066456
3,9,8,2,3,0.053437
0,1,0,3,3,0.056413
2,18,1,1,3,0.063463
2,18,1,0,3,0.050642
0,0,1,0,3,0.040896
3,17,7,1,2,0.052253
0,1,1,0,2,0.051243
2,7,1,1,2,0.060704
2,20,3,3,2,0.057998
3,4,17,1,2,0.052776
2,9,3,3,2,0.043355
0,3,3,3,2,0.056518
0,3,3,0,2,0.052912
3,13,3,2,0,0.048394
3,3,4,3,3,0.057843
0,3,1,2,3,0.045396
3,8,6,3,3,0.038199
2,1,1,1,3,0.047277
2,6,0,0,3,0.057041
3,17,4,1,2,0.047300
0,3,0,0,2,0.041579
0,2,1,1,2,0.049700
0,0,2,0,2,0.052705
3,17,7,1,2,0.049851
2,11,1,2,2,0.039458
0,1,1,1,2,0.046321
0,2,2,1,2,0.036032
0,2,2,3,2,0.037543
0,2,2,3,2,0.050530
2,3,1,1,2,0.047944
0,2,1,1,2,0.046484
0,2,1,1,2,0.040277
3,1,16,2,3,0.049441
2,1,1,1,3,0.045265
3,9,8,2,3,0.052540
0,1,3,3,3,0.039665
0,0,2,3,3,0.034773
0,2,3,3,3,0.037560
0,3,1,1,3,0.042338
2,18,1,2,3,0.045759
2,7,0,1,3,0.046652
0,1,1,2,3,0.045254
2,1,0,3,3,0.041527
2,20,3,3,3,0.043940
0,1,0,1,3,0.043053
2,1,3,0,3,0.035590
3,16,1,3,2,0.037665
0,2,0,3,2,0.035614
0,2,3,0,2,0.034982
3,2,1,1,3,0.034694
3,8,6,3,3,0.032731
0,3,3,3,3,0.032656
3,1,9,1,2,0.049880
0,0,1,0,2,0.045504
0,2,1,1,2,0.040194
3,6,2,0,0,0.041228
3,9,2,3,1,0.046772
2,12,0,1,1,0.034815
2,9,3,3,1,0.039094
3,1,9,1,2,0.040801
2,12,3,3,2,0.045200
0,0,0,3,2,0.032698
0,3,2,0,2,0.037610
3,3,8,1,0,0.036023
3,3,3,3,3,0.035517
0,3,3,3,3,0.031412
3,4,2,1,3,0.035268
2,17,1,1,3,0.033065
3,11,17,1,3,0.031647
2,12,3,1,3,0.034726
0,3,3,3,3,0.034337
2,7,1,1,3,0.035909
2,18,0,2,3,0.036926
2,18,1,1,3,0.038156
0,2,0,2,3,0.028459
3,2,3,1,3,0.035539
2,18,3,1,3,0.038776
3,17,4,1,2,0.034645
3,11,3,1,3,0.028399
0,2,1,2,3,0.028345
3,17,19,2,1,0.027963
0,2,1,1,1,0.031041
2,8,3,1,1,0.034040
3,4,7,1,2,0.034462
3,3,3,1,1,0.030000
0,0,1,1,1,0.028740
0,0,1,0,1,0.033418
3,17,7,1,2,0.026966
2,17,3,1,2,0.030828
0,2,1,1,2,0.032080
0,2,1,1,2,0.031733
0,2,3,1,2,0.035344
0,2,3,3,2,0.032077
0,2,3,3,2,0.029450
0,2,3,3,2,0.032916
3,13,3,1,0,0.033086
3,2,3,3,0,0.032299
2,2,1,2,0,0.028857
0,2,1,2,0,0.027370
3,9,8,1,3,0.025846
3,9,8,1,3,0.032620
0,1,1,3,3,0.030090
0,2,2,1,3,0.031918
2,20,0,1,3,0.031329
0,3,1,1,3,0.036949
2,18,0,1,3,0.032913
3,2,1,1,1,0.034649
3,13,13,1,3,0.033809
3,19,13,1,3,0.030899
3,3,11,1,3,0.027344
3,13,13,1,2,0.030411
3,4,13,1,2,0.037858
0,0,2,1,2,0.030952
0,2,2,3,2,0.025787
2,13,0,1,2,0.029245
3,1,11,2,1,0.029305
0,3,0,1,1,0.027201
2,1,3,3,1,0.033200
0,2,2,3,1,0.033083
3,18,8,3,0,0.030187
2,18,3,3,0,0.029492
0,0,3,0,0,0.026959
2,15,3,2,0,0.027545
3,8,6,2,2,0.028828
3,9,8,2,3,0.028255
0,0,3,2,3,0.028723
0,1,3,1,3,0.026637
2,9,3,3,3,0.027152
0,2,3,3,3,0.031879
3,6,8,2,1,0.029530
0,0,0,0,1,0.030793
0,3,1,0,1,0.023189
0,3,1,2,1,0.029834
0,3,1,2,1,0.032293
0,3,1,2,1,0.028780
0,0,2,0,1,0.032980
0,0,2,0,1,0.033627
0,2,3,3,1,0.024148
3,1,9,1,2,0.029372
0,1,3,1,2,0.031235
0,3,1,1,2,0.029134
2,18,2,0,2,0.029501
3,2,1,3,1,0.030536
0,0,2,0,1,0.029800
0,3,2,3,1,0.026469
0,1,1,3,1,0.027994
3,6,17,0,2,0.026487
0,3,1,3,2,0.024472
3,18,8,2,0,0.024247
3,1,16,3,3,0.031125
2,7,1,1,3,0.028325
2,17,0,0,3,0.030555
2,1,1,1,3,0.029946
3,6,2,0,0,0.029314
3,8,6,1,3,0.030279
2,20,0,0,3,0.028869
2,3,1,1,3,0.029120
0,3,0,0,3,0.026445
2,10,2,0,3,0.024061
3,12,1,3,2,0.043210
0,0,3,0,2,0.027142
3,1,11,1,0,0.025727
3,3,11,3,3,0.028038
0,3,3,1,3,0.023438
3,8,6,1,2,0.025120
3,12,5,1,0,0.030534
2,18,1,0,0,0.029917
3,12,5,0,0,0.030423
2,12,1,0,0,0.030828
2,5,1,2,0,0.025438
3,2,3,1,0,0.024076
3,2,1,1,1,0.027210
2,1,2,1,1,0.029286
3,2,1,1,1,0.023651
2,20,2,0,1,0.029247
3,11,3,1,0,0.028435
2,18,0,2,0,0.028773
0,2,1,1,0,0.028262
0,2,1,1,0,0.027541
0,3,1,1,0,0.024682
0,3,1,1,0,0.025198
2,14,1,1,0,0.022168
0,1,1,0,0,0.021592
0,2,1,1,0,0.024195
0,3,1,0,0,0.026606
0,2,2,0,0,0.022711
0,1,2,1,0,0.025550
0,2,2,1,0,0.021599
0,3,1,3,0,0.024436
0,3,1,2,0,0.021198
0,3,1,2,0,0.026358
0,2,2,3,0,0.020487
3,13,3,2,0,0.020816
0,3,1,2,0,0.021391
2,17,3,2,0,0.020488
3,17,7,3,2,0.026387
2,9,3,3,2,0.022732
3,1,9,3,0,0.021668
3,1,9,3,2,0.024932
2,17,3,0,2,0.026820
2,7,3,3,2,0.024933
3,1,11,0,0,0.025310
0,1,3,3,0,0.022517
0,3,3,3,0,0.020733
0,0,2,3,0,0.020762
3,8,6,2,3,0.020042
2,6,1,2,3,0.020989
3,11,3,1,0,0.024726
2,8,0,2,0,0.028611
3,11,3,1,0,0.023465
0,1,0,2,0,0.026150
2,1,3,0,0,0.024922
0,2,2,3,0,0.024349
3,8,3,2,0,0.021933
3,3,8,0,0,0.024460
0,3,1,2,0,0.020141
2,17,3,3,0,0.017985
0,3,3,2,0,0.018198
0,3,3,0,0,0.018987
0,3,3,0,0,0.023049
2,18,2,0,0,0.024338
3,2,1,1,1,0.024890
0,1,2,0,1,0.024231
3,8,6,0,3,0.022845
3,6,2,0,0,0.024492
0,2,3,0,0,0.024349
2,10,1,0,0,0.023222
0,0,0,1,0,0.022887
3,13,11,1,0,0.030238
2,14,2,1,0,0.024223
3,17,4,3,2,0.020169
2,13,2,1,2,0.021335
2,14,0,0,2,0.020266
3,9,8,0,3,0.018538
3,9,8,0,3,0.023604
3,11,3,1,0,0.023639
3,16,1,0,2,0.026085
0,2,1,1,2,0.023593
0,2,1,1,2,0.024567
0,2,1,1,2,0.021417
2,5,1,0,2,0.023321
0,3,0,0,2,0.019827
0,3,0,0,2,0.020808
0,3,0,0,2,0.018792
0,2,3,3,2,0.017641
0,2,3,3,2,0.019328
0,2,3,1,2,0.023469
0,3,1,1,2,0.021868
0,3,0,0,2,0.021668
3,9,8,2,3,0.020993
0,3,1,3,3,0.019327
0,3,1,1,3,0.018792
0,3,1,0,3,0.017553
2,15,2,1,3,0.018398
0,3,1,1,3,0.020679
2,20,2,0,3,0.021899
0,2,0,2,3,0.023516
0,1,3,3,3,0.019442
0,3,2,1,3,0.017082
2,14,1,2,3,0.021767
0,0,2,2,3,0.018359
0,3,1,2,3,0.022670
2,12,0,2,3,0.016611
2,12,0,2,3,0.020248
3,8,3,3,0,0.019140
3,3,11,0,3,0.020828
3,1,9,3,2,0.019348
2,19,0,2,2,0.023123
3,19,13,3,3,0.029163
0,1,0,1,3,0.023727
3,2,1,1,1,0.020382
2,19,0,2,1,0.023094
2,11,3,3,1,0.018944
2,18,0,2,1,0.022393
3,8,6,1,3,0.022337
0,2,0,2,3,0.021331
0,2,0,0,3,0.017484
0,1,0,2,3,0.019803
2,7,1,1,3,0.021595
2,5,2,0,3,0.020867
0,0,3,3,3,0.019580
3,9,8,0,3,0.018386
2,1,3,2,3,0.016616
3,3,11,0,3,0.017576
3,1,11,0,0,0.021854
3,3,2,3,2,0.017427
0,0,3,2,2,0.016153
3,1,11,1,0,0.016641
0,3,1,1,0,0.018565
3,16,1,2,2,0.024154
3,3,3,0,2,0.035232
3,3,3,0,3,0.025194
3,16,1,0,2,0.022589
2,16,3,0,2,0.017812
3,17,4,2,2,0.018119
3,6,8,1,1,0.020105
3,8,3,2,0,0.019994
0,1,1,3,0,0.017836
2,16,3,0,0,0.016441
0,0,2,0,0,0.017466
3,2,1,2,1,0.021889
0,2,2,2,1,0.022306
2,1,1,1,1,0.018721
0,2,2,0,1,0.021257
0,2,2,0,1,0.022149
2,17,1,0,1,0.022784
2,11,1,1,1,0.020321
3,1,9,1,0,0.021099
3,1,9,0,2,0.016742
2,2,1,1,2,0.015485
0,3,3,0,2,0.017413
0,1,3,1,2,0.016044
0,2,3,0,2,0.016418
0,2,3,0,2,0.018842
0,0,2,3,2,0.016912
0,2,3,0,2,0.015665
0,2,3,3,2,0.017865
0,1,3,1,2,0.017176
0,0,2,3,2,0.020135
0,3,3,3,2,0.016275
2,1,1,0,2,0.015246
3,2,1,1,1,0.019280
0,2,1,1,1,0.016285
0,2,1,1,1,0.018927
3,6,2,2,0,0.021272
3,17,4,0,2,0.019314
0,1,0,2,2,0.019454
0,0,3,0,2,0.019617
0,1,1,0,2,0.017797
0,2,3,3,2,0.016036
0,2,3,3,2,0.019692
3,8,6,0,3,0.019413
2,8,1,1,3,0.019165
2,8,2,0,3,0.018238
2,18,3,0,3,0.019649
3,2,1,0,1,0.019488
2,20,2,0,1,0.018964
0,2,2,0,1,0.019130
0,2,2,0,1,0.020781
0,2,2,0,1,0.019356
0,2,2,0,1,0.018035
0,0,2,1,1,0.017527
2,9,3,2,1,0.014739
2,1,1,1,1,0.015979
0,1,3,2,1,0.017592
0,0,2,1,1,0.017719
0,2,2,0,1,0.016942
0,3,3,0,1,0.017422
2,12,2,2,1,0.017973
0,3,0,2,1,0.014628
0,3,0,0,1,0.017944
0,3,0,0,1,0.016216
0,0,1,1,1,0.015360
0,0,1,0,1,0.019477
0,3,0,0,1,0.014864
0,0,2,3,1,0.014184
0,3,3,3,1,0.017784
0,3,2,2,1,0.018478
0,1,2,0,1,0.017125
2,20,1,1,1,0.017312
0,3,0,1,1,0.018498
3,4,13,1,3,0.026242
3,4,13,0,3,0.029975
3,4,13,1,3,0.026873
0,1,3,1,3,0.013744
0,2,1,0,3,0.014398
0,2,1,2,3,0.016626
0,2,1,2,3,0.017835
0,2,1,3,3,0.018707
0,0,1,1,3,0.013756
3,11,3,2,0,0.016031
3,8,6,1,3,0.020612
3,11,3,0,0,0.019064
0,2,3,1,0,0.019916
3,11,3,1,0,0.016806
2,18,1,0,0,0.018959
0,2,1,1,0,0.018111
0,3,1,0,0,0.016914
0,3,1,0,0,0.018105
0,3,1,0,0,0.016569
2,17,1,2,0,0.016948
0,3,0,0,0,0.013959
3,18,13,1,2,0.035115
0,1,1,0,2,0.033870
0,2,1,2,2,0.018418
2,13,3,2,2,0.017128
0,2,1,0,2,0.015704
0,3,0,0,2,0.015173
0,2,3,2,2,0.013959
3,3,11,1,3,0.014458
3,3,11,2,3,0.018057
3,3,11,0,3,0.017265
3,8,3,1,0,0.019648
0,2,0,2,0,0.012743
3,13,13,1,2,0.016930
2,20,3,0,2,0.016553
2,7,0,0,2,0.018230
0,3,3,0,2,0.017378
0,3,3,0,2,0.017255
2,11,3,1,2,0.015833
3,13,18,3,3,0.041906
2,13,0,2,3,0.036261
3,3,11,1,3,0.015004
0,1,0,1,3,0.016158
0,1,3,1,3,0.015100
3,1,9,1,2,0.016100
2,5,0,0,2,0.018296
2,18,2,3,2,0.015479
2,18,0,0,2,0.014860
2,20,2,3,2,0.017948
2,20,0,0,2,0.017609
2,20,2,3,2,0.017305
0,3,0,0,2,0.017575
0,3,0,0,2,0.015398
0,1,1,3,2,0.016834
2,4,2,3,2,0.014952
3,4,17,0,2,0.015685
3,4,13,3,0,0.045790
2,15,2,1,0,0.016546
2,4,2,1,0,0.014725
2,13,2,1,0,0.013589
3,13,13,1,3,0.015579
2,17,2,0,3,0.018004
2,1,2,3,3,0.017727
3,1,9,0,2,0.018498
0,2,2,1,2,0.014923
1,0.500000
1,0.300000
1,0.400000
1,0.300000
1,0.300000
1,0.300000
1,0.400000
1,0.400000
0,0.200000
1,0.500000
1,0.500000
1,0.200000
1,0.400000
1,0.200000
1,0.400000
1,0.200000
0,0.200000
0,0.200000
1,0.100000
1,0.100000
0,0.100000
0,0.100000
0,0.100000
0,0.100000
0,0.100000
1,0.400000
0,0.300000
0,0.100000
0,0.200000
1,0.700000
0,0.300000
0,0.300000
1,0.300000
0,0.600000
0,0.300000
0,0.300000
0,0.100000
1,0.300000
1,0.100000
1,0.100000
1,0.100000
1,0.400000
0,0.600000
1,0.100000
0,0.300000
0,0.400000
1,0.500000
1,0.300000
0,0.400000
1,0.300000
1,0.300000
0,0.400000
1,0.200000
1,0.300000
1,0.300000
1,0.300000
0,0.800000
1,0.500000
0,0.700000
1,0.400000
1,0.300000
1,0.300000
1,0.400000
1,0.400000
0,0.500000
1,0.400000
0,0.100000
0,0.200000
0,0.800000
0,0.800000
0,0.100000
0,0.200000
0,0.800000
1,0.700000
1,0.700000
1,0.200000
1,0.700000
0,0.200000
0,0.200000
1,0.100000
0,0.200000
1,0.700000
0,0.900000
1,0.700000
0,0.800000
0,0.800000
0,0.100000
1,0.300000
1,0.200000
1,0.200000
0,0.900000
1,0.700000
0,0.600000
1,0.700000
0,0.600000
1,0.700000
0,0.500000
0,0.400000
0,0.400000
0,0.400000
1,0.100000
1,0.400000
0,0.700000
1,0.600000
0,0.300000
1,0.700000
0,0.400000
1,0.600000
0,0.400000
1,0.400000
1,0.200000
0,0.900000
1,0.600000
0,0.400000
0,0.400000
0,0.400000
1,0.500000
0,0.800000
0,0.400000
0,0.300000
1,0.500000
1,0.500000
0,0.300000
1,0.700000
0,0.800000
0,0.800000
1,0.700000
0,0.400000
1,0.700000
0,0.200000
1,0.500000
0,0.400000
1,0.100000
1,0.400000
1,0.100000
1,0.500000
0,0.200000
1,0.600000
1,0.100000
1,0.100000
1,0.600000
1,0.100000
0,0.600000
0,0.600000
0,0.800000
1,0.600000
1,0.400000
1,0.600000
1,0.400000
1,0.600000
0,0.600000
1,0.600000
0,0.400000
1,0.500000
0,0.300000
1,0.700000
0,0.600000
1,0.400000
1,0.100000
1,0.100000
0,0.200000
1,0.100000
0,0.600000
0,0.300000
1,0.700000
0,0.600000
0,0.100000
1,0.400000
0,0.800000
1,0.400000
1,0.200000
0,0.300000
0,0.300000
1,0.100000
1,0.600000
1,0.200000
1,0.400000
0,0.500000
1,0.600000
0,0.500000
1,0.100000
0,0.500000
1,0.100000
0,0.500000
1,0.100000
1,0.100000
1,0.100000
1,0.400000
0,0.500000
1,0.600000
0,0.500000
1,0.500000
0,0.800000
1,0.500000
1,0.100000
0,0.200000
1,0.200000
1,0.200000
1,0.200000
1,0.200000
1,0.100000
1,0.500000
1,0.500000
1,0.300000
0,0.300000
1,0.100000
1,0.300000
0,0.400000
1,0.600000
0,0.500000
1,0.200000
0,0.700000
1,0.600000
0,0.500000
1,0.600000
0,0.500000
1,0.900000
0,0.500000
1,0.900000
1,0.200000
1,0.900000
1,0.100000
1,0.300000
1,0.100000
1,0.700000
0,0.600000
1,0.700000
0,0.600000
1,0.700000
0,0.600000
1,0.700000
0,0.600000
1,0.700000
1,0.100000
1,0.900000
0,0.400000
1,0.500000
0,0.400000
1,0.400000
0,0.100000
0,0.300000
1,0.700000
0,0.300000
1,0.300000
1,0.100000
1,0.400000
0,0.600000
1,0.700000
0,0.400000
1,0.700000
0,0.400000
1,0.700000
0,0.400000
1,0.400000
0,0.200000
1,0.400000
0,0.100000
1,0.700000
0,0.300000
1,0.700000
0,0.600000
1,0.300000
0,0.200000
0,0.400000
1,0.300000
1,0.300000
0,0.400000
0,0.400000
1,0.100000
1,0.100000
1,0.100000
1,0.400000
1,0.400000
0,0.700000
1,0.400000
0,0.700000
1,0.400000
1,0.100000
1,0.300000
1,0.300000
1,0.300000
1,0.500000
0,0.400000
1,0.500000
0,0.400000
1,0.900000
0,0.800000
1,0.600000
0,0.100000
1,0.300000
0,0.100000
1,0.100000
1,0.300000
0,0.100000
0,0.400000
1,0.500000
0,0.400000
1,0.900000
0,0.400000
1,0.900000
0,0.400000
0,0.400000
0,0.100000
0,0.100000
1,0.500000
0,0.100000
1,0.400000
1,0.400000
1,0.400000
1,0.700000
0,0.400000
1,0.700000
0,0.400000
1,0.700000
0,0.400000
1,0.400000
0,0.300000
1,0.400000
1,0.400000
0,0.100000
0,0.700000
1,0.400000
0,0.600000
1,0.600000
1,0.100000
0,0.100000
1,0.100000
0,0.100000
1,0.400000
0,0.500000
0,0.100000
1,0.100000
0,0.100000
1,0.600000
0,0.700000
1,0.600000
1,0.400000
1,0.400000
1,0.500000
0,0.500000
1,0.500000
0,0.400000
1,0.500000
0,0.800000
1,0.800000
0,0.400000
1,0.500000
0,0.400000
1,0.800000
1,0.400000
1,0.900000
0,0.400000
1,0.800000
0,0.500000
1,0.500000
0,0.500000
1,0.200000
0,0.300000
0,0.300000
0,0.300000
1,0.200000
1,0.300000
1,0.800000
0,0.700000
1,0.900000
1,0.900000
1,0.900000
1,0.900000
1,0.300000
1,0.100000
1,0.300000
0,0.900000
1,0.300000
0,0.500000
1,0.600000
0,0.700000
1,0.800000
0,0.500000
1,0.700000
0,0.400000
1,0.800000
0,0.300000
1,0.300000
0,0.300000
1,0.300000
1,0.100000
0,0.300000
1,0.200000
1,0.400000
0,0.300000
0,0.100000
0,0.400000
0,0.100000
1,0.400000
0,0.100000
1,0.100000
0,0.300000
1,0.700000
0,0.400000
1,0.900000
0,0.400000
1,0.900000
0,0.100000
1,0.500000
0,0.700000
1,0.700000
1,0.300000
1,0.700000
0,0.700000
1,0.700000
0,0.400000
1,0.700000
0,0.500000
1,0.700000
0,0.500000
1,0.100000
1,0.300000
1,0.300000
1,0.300000
0,0.400000
1,0.700000
0,0.700000
1,0.600000
1,0.700000
1,0.400000
0,0.300000
1,0.300000
0,0.200000
1,0.400000
1,0.400000
0,0.800000
1,0.600000
0,0.400000
1,0.600000
0,0.500000
1,0.100000
0,0.400000
0,0.700000
1,0.100000
0,0.100000
0,0.300000
1,0.500000
1,0.200000
1,0.300000
1,0.900000
0,0.700000
1,0.900000
0,0.700000
1,0.700000
0,0.300000
1,0.700000
0,0.300000
1,0.200000
0,0.300000
1,0.900000
0,0.300000
0,0.400000
0,0.400000
1,0.900000
0,0.200000
1,0.200000
1,0.400000
0,0.200000
0,0.400000
1,0.400000
0,0.100000
1,0.600000
1,0.400000
1,0.600000
0,0.700000
1,0.900000
0,0.700000
1,0.500000
0,0.400000
1,0.500000
0,0.400000
0,0.400000
0,0.400000
0,0.400000
1,0.300000
0,0.600000
1,0.900000
0,0.600000
1,0.900000
0,0.600000
1,0.900000
0,0.600000
1,0.900000
1,0.200000
1,0.900000
0,0.200000
0,0.900000
1,0.200000
1,0.200000
1,0.200000
1,0.200000
0,0.500000
1,0.900000
0,0.500000
1,0.200000
0,0.911631
1,1.016469
0,0.776724
0,0.886853
0,1.109601
1,1.270569
0,1.112047
0,1.107430
1,0.840885
1,0.890885
1,0.840885
1,0.840885
1,0.840885
1,0.840885
1,0.823259
1,0.956059
0,1.107430
1,0.956059
1,1.214709
1,0.956059
1,1.214709
1,0.956059
1,0.956059
0,1.059601
0,1.227421
0,1.227421
0,0.918416
1,0.973319
0,1.227421
0,0.918416
0,1.227421
0,1.227421
0,0.918416
0,1.227421
1,1.118416
0,1.227421
1,0.703119
1,0.703119
1,0.703119
1,0.703119
0,0.957123
0,0.957123
0,1.078746
0,0.903333
0,0.957123
1,0.958619
1,0.703119
0,1.112299
0,1.112299
0,0.955869
0,1.007123
1,0.533417
1,0.818294
1,0.818294
1,1.090873
1,1.318643
1,0.880690
0,0.968416
1,0.968643
0,1.315523
1,0.959496
0,1.315523
1,1.090873
0,0.990873
0,1.078746
0,0.968416
0,1.078746
0,0.851706
0,1.014649
1,0.697322
0,0.674270
0,0.674270
1,0.972251
1,1.325537
0,0.851706
1,0.547790
0,1.315523
1,0.533417
1,0.533417
1,1.248457
1,0.547790
0,1.048457
1,0.547790
0,1.052096
0,1.315523
1,0.547790
0,1.315523
0,1.315523
1,1.082241
1,0.547790
0,0.840184
1,1.302096
1,0.547790
1,1.252096
1,0.751706
0,1.048457
1,0.751706
0,1.048457
1,0.751706
1,1.501975
1,0.751706
1,0.751706
1,0.972251
1,1.501975
1,0.972251
1,1.508665
1,0.972251
1,1.558665
1,0.751706
1,1.508665
0,0.740184
0,0.740184
1,1.551975
1,0.547790
0,0.857123
1,0.547790
0,0.857123
1,0.547790
1,1.501975
0,0.740184
0,1.137987
0,0.740184
0,0.740184
1,0.722385
0,0.740184
1,1.558665
0,0.755869
1,0.547790
1,1.501975
1,0.547790
0,0.968416
1,1.093867
1,1.093867
0,0.755869
0,1.275533
1,0.993867
1,0.973544
1,1.508665
0,1.569706
1,1.093867
1,0.993867
0,1.502545
1,1.190954
0,1.652545
1,0.497790
1,1.252096
1,0.497790
1,1.302096
1,1.298457
1,1.551975
1,0.497790
1,1.302096
0,1.325533
1,1.662988
1,1.147886
0,1.052096
1,0.497790
0,1.652545
1,1.662988
0,0.951706
0,1.315523
1,1.298457
0,1.362299
0,0.951706
0,1.315523
0,1.312299
0,1.315523
0,0.951706
0,0.951706
0,1.315523
1,0.973544
0,1.339203
0,0.951706
0,0.951706
1,1.001706
0,1.312299
0,0.524270
0,1.362299
0,0.524270
1,1.209598
0,0.524270
1,1.209598
0,1.100350
0,1.362299
1,1.475788
0,0.983358
1,0.739807
1,0.739807
1,0.739807
1,1.157191
1,0.739807
0,0.857123
1,0.483259
0,0.857123
1,0.739807
1,0.739807
1,0.739807
1,0.739807
0,0.951706
0,0.524270
1,0.533417
1,0.533417
0,0.524270
1,0.533417
0,0.857123
1,0.722385
1,0.497790
1,0.497790
1,0.722385
1,0.497790
0,0.755869
0,0.820971
0,0.755869
1,0.497790
0,0.524270
1,0.497790
0,0.524270
1,0.483259
0,0.857123
1,0.483259
0,0.820971
0,0.857123
0,0.857123
1,0.972251
0,0.540184
1,0.497790
0,0.540184
1,0.497790
0,0.540184
0,0.890184
0,1.012299
1,0.801706
0,0.524270
0,1.121973
0,0.524270
1,0.483259
0,1.012299
1,0.739807
1,0.739807
1,1.373619
0,1.040184
0,1.123619
0,0.740184
0,0.740184
1,0.923544
0,0.674270
1,0.533259
0,0.524270
0,0.890184
0,0.419128
0,0.890184
0,0.419128
0,1.040184
0,0.419128
0,1.040184
0,1.415523
1,0.801706
0,0.524270
1,0.801706
0,0.419128
1,0.801706
0,0.740184
1,0.801706
0,1.415523
0,1.415523
0,1.415523
0,1.415523
0,0.740184
0,0.740184
1,1.298457
1,0.547790
0,0.992844
0,0.755869
1,0.483259
0,0.540184
1,0.483259
0,1.227732
0,0.740184
0,0.740184
0,0.740184
1,0.801706
0,0.419128
1,0.801706
0,0.419128
1,0.497790
0,0.755869
1,0.497790
0,1.227732
1,1.358665
0,1.339203
0,1.339203
1,1.252096
0,1.339203
1,0.497790
1,0.497790
0,0.524270
1,0.497790
0,0.540184
1,0.497790
1,1.252096
1,0.801706
1,1.252096
1,1.352845
0,1.137462
1,1.302096
0,1.087462
0,0.740184
0,0.851706
1,0.801706
0,0.419128
0,1.387987
0,0.540184
1,0.547790
0,0.540184
1,0.547790
1,1.001706
1,1.001706
1,1.001706
1,1.001706
0,1.339203
1,0.547790
1,1.001706
1,0.547790
1,1.001706
0,0.951706
0,1.312299
0,0.740184
0,1.362299
0,0.755869
1,0.547790
0,0.755869
1,0.547790
0,0.951706
1,1.627732
0,0.890184
0,0.419128
0,0.951706
1,0.533417
1,1.627732
0,1.312299
0,0.755869
0,0.890184
0,1.000350
0,1.040184
0,0.524270
0,0.890184
0,0.540184
0,0.890184
0,0.540184
1,0.547790
0,1.002096
0,0.951706
0,1.002096
1,0.497790
0,1.002096
0,0.951706
1,1.162299
1,1.162299
0,0.583259
0,1.339203
1,0.533259
1,0.533259
0,1.087987
1,0.937987
1,1.871280
0,1.619706
0,1.087987
0,1.002096
0,1.002096
1,0.533417
0,1.227732
1,0.801706
0,0.524270
1,0.801706
0,0.524270
1,0.547790
0,0.755869
1,0.547790
1,1.452096
1,0.842844
1,1.352096
1,0.842844
0,0.905869
1,0.547790
1,1.352096
0,0.674270
0,1.112299
0,0.419128
0,1.112299
0,0.747790
0,1.112299
0,1.040184
0,0.540184
0,1.112299
0,0.747790
0,0.674270
1,0.547790
0,0.540184
1,0.547790
1,1.352096
0,0.890184
0,0.540184
0,1.040184
1,1.001706
1,0.801706
0,0.540184
0,1.040184
0,0.590184
0,1.040184
0,0.524270
0,0.890184
1,1.001706
0,0.890184
1,1.001706
1,0.483259
1,1.001706
0,0.740184
1,0.483259
0,0.755869
0,0.890184
0,0.755869
0,0.890184
0,0.524270
0,0.524270
0,0.740184
0,1.112299
0,0.583417
0,0.524270
0,0.583417
1,1.162299
1,1.042884
0,0.524270
1,0.497790
0,0.524270
1,0.497790
0,0.837462
1,0.937462
0,1.037462
0,0.740184
0,0.740184
0,0.740184
1,1.477732
1,0.801706
1,0.801706
0,0.419128
0,0.890184
0,0.419128
1,0.497790
0,0.419128
1,0.497790
0,0.419128
1,0.483259
0,0.524270
0,1.312299
0,0.419128
0,1.362299
1,1.123654
1,0.497790
1,1.675788
0,1.509598
0,0.583417
0,0.583417
0,1.362299
0,1.112299
1,1.162299
0,1.312299
1,1.527732
0,0.740184
1,1.675788
0,1.312299
0,0.419128
1,0.497790
0,0.419128
0,1.362299
1,0.814836
0,1.509598
0,1.362299
1,1.565523
1,0.751706
0,0.755869
1,0.497790
1,1.452096
1,0.855869
1,1.352096
1,0.497790
1,1.352096
1,0.497790
1,1.452096
1,0.497790
1,1.452096
0,1.052096
1,1.116380
1,1.659598
0,0.583259
1,0.855869
1,1.659598
1,0.751706
0,0.755869
1,0.855869
1,1.565523
1,1
0,0
0,1
0,0
0,0
0,0
0,1
0,2
0,2
1,1
0,3
0,3
0,2
0,0
0,2
0,2
0,2
0,2
0,0
0,0
0,0
0,4
0,0
1,0
0,2
0,2
1,1
0,2
0,2
1,1
0,0
0,2
0,2
0,2
0,2
0,2
0,2
0,2
0,2
0,2
0,4
0,0
0,4
1,3
0,0
0,4
1,3
0,4
0,1
1,1
1,1
0,0
1,2
1,1
1,1
0,1
0,0
0,1
0,0
0,1
0,0
1,1
0,0
0,0
0,0
1,1
0,0
0,0
1,1
0,1
1,1
1,1
0,1
1,1
1,1
0,2
1,1
0,0
0,1
0,0
0,2
1,2
0,0
0,1
0,1
0,2
0,2
1,4
0,2
0,2
0,3
1,4
0,2
1,3
0,1
1,3
0,1
1,3
0,1
1,3
0,1
0,4
0,3
1,3
0,3
1,4
0,3
1,4
0,3
0,2
0,3
0,3
1,4
0,3
1,2
0,1
1,4
0,1
1,1
0,1
0,2
0,2
0,4
1,1
0,2
0,1
1,4
0,3
0,2
0,3
0,2
0,2
0,4
1,2
1,1
1,1
0,3
1,2
0,3
1,1
0,2
1,1
0,2
0,2
0,2
1,2
0,3
1,1
0,3
1,3
0,2
1,3
0,3
0,1
0,2
0,1
0,2
1,4
0,1
0,3
0,1
0,3
1,1
0,1
0,1
0,3
0,1
0,3
0,3
1,4
0,2
1,0
0,1
0,0
0,1
0,1
1,4
0,1
1,4
0,3
1,4
0,1
0,0
0,1
1,4
0,0
1,4
0,2
0,2
1,4
0,3
1,4
0,3
1,3
0,0
0,3
0,3
1,0
0,2
0,4
0,4
0,4
1,3
0,2
1,3
0,2
0,4
0,4
0,2
0,3
1,4
1,1
1,4
0,3
1,2
0,3
1,2
0,1
1,2
0,4
1,0
1,0
1,0
0,4
1,2
0,4
1,4
0,1
1,3
0,1
1,3
0,3
1,0
0,0
1,4
0,3
1,4
0,3
1,4
0,3
0,3
1,4
0,3
0,2
1,1
1,4
0,1
0,1
0,1
1,4
0,3
1,4
1,0
0,1
1,0
0,1
1,0
0,1
1,0
1,4
1,0
0,1
0,4
1,1
1,1
1,1
1,1
1,1
1,1
0,4
0,4
1,2
1,2
0,4
1,2
0,1
1,2
0,1
1,1
1,1
0,1
1,4
0,2
1,4
0,3
1,4
0,3
1,2
0,0
1,1
1,1
1,2
0,1
0,3
0,3
1,2
0,1
1,2
0,1
1,2
0,1
1,2
0,4
0,4
1,2
1,0
1,2
0,4
0,4
1,2
0,3
1,2
0,4
1,2
0,4
0,1
0,1
0,1
0,1
0,4
0,1
1,2
0,4
0,1
0,4
0,4
0,1
0,4
0,1
0,1
1,2
0,3
0,1
0,1
0,1
1,2
0,2
1,1
1,2
0,1
1,4
0,1
1,2
0,1
1,2
0,1
1,2
0,3
1,2
1,0
1,2
1,0
1,2
1,0
0,0
0,0
0,0
0,1
0,4
0,1
0,1
0,1
1,2
0,2
1,4
1,0
1,4
0,1
1,4
0,1
1,4
0,1
1,2
0,1
1,4
0,4
1,4
0,4
1,2
0,4
1,2
0,3
1,4
0,1
1,3
0,2
0,2
1,3
0,2
0,1
0,0
0,1
1,3
0,0
0,1
1,4
0,1
1,4
0,1
1,4
0,1
1,4
0,1
0,1
0,4
1,3
0,2
1,3
0,3
1,4
0,1
1,2
0,3
1,2
0,2
0,1
0,1
0,2
1,2
0,3
1,2
0,3
0,2
1,2
1,2
1,0
0,0
1,2
0,0
0,0
0,3
1,4
0,3
1,2
0,3
1,4
0,1
1,0
0,0
0,0
0,0
1,2
0,3
1,1
1,2
0,3
1,4
0,3
1,2
0,3
1,4
0,1
1,2
0,1
1,2
0,4
0,4
0,1
1,2
1,0
1,2
1,1
1,1
1,4
0,1
1,1
1,4
1,1
1,2
0,1
1,2
0,1
1,4
0,1
1,0
1,0
1,0
1,0
1,0
1,4
1,0
1,1
0,2
1,2
0,1
1,2
0,3
1,1
0,3
1,0
1,1
0,1
0,2
1,0
1,0
1,4
0,4
1,4
0,3
1,4
14.000775,960.000000
2.840809,960.000000
2.451623,960.000000
3.757998,960.000000
1.727787,960.000000
9.355333,960.000000
2.701991,960.000000
1.323728,960.000000
1.983113,960.000000
8.415834,960.000000
1.036176,960.000000
1.013866,960.000000
8.916570,960.000000
3.693547,960.000000
8.581920,960.000000
8.985979,960.000000
5.024711,960.000000
5.151135,960.000000
2.263227,960.000000
0.827949,960.000000
0.845302,960.000000
3.269657,960.000000
2.540863,960.000000
0.708963,960.000000
0.694089,960.000000
0.716399,960.000000
3.549771,960.000000
1.135332,960.000000
0.572624,960.000000
0.798203,960.000000
3.393601,960.000000
0.369355,960.000000
0.359439,960.000000
4.323185,960.000000
1.616237,960.000000
3.001937,960.000000
3.790224,960.000000
1.826942,960.000000
1.688125,960.000000
1.422883,960.000000
0.473468,960.000000
0.602370,960.000000
2.201255,960.000000
0.937021,960.000000
0.902316,960.000000
1.192346,960.000000
0.832907,960.000000
2.399566,960.000000
0.912232,960.000000
0.664343,960.000000
0.820513,960.000000
2.625145,960.000000
0.349524,960.000000
0.389186,960.000000
2.746611,960.000000
1.219614,960.000000
2.352467,960.000000
2.332636,960.000000
1.450151,960.000000
1.303897,960.000000
0.530483,960.000000
0.607328,960.000000
0.260284,960.000000
4.407468,960.000000
0.741188,960.000000
2.030211,960.000000
3.445658,960.000000
0.718878,960.000000
3.182896,960.000000
1.110543,960.000000
1.060965,960.000000
1.517081,960.000000
3.492757,960.000000
0.597413,960.000000
0.800682,960.000000
3.641490,960.000000
1.819506,960.000000
3.475405,960.000000
2.260748,960.000000
1.760012,960.000000
2.022775,960.000000
0.567666,960.000000
0.498257,960.000000
0.307382,960.000000
1.078317,960.000000
0.872570,960.000000
0.495778,960.000000
0.865133,960.000000
0.671779,960.000000
1.286544,960.000000
0.646990,960.000000
0.602370,960.000000
0.451158,960.000000
2.426834,960.000000
0.242931,960.000000
0.428848,960.000000
1.784801,960.000000
1.070881,960.000000
1.246882,960.000000
1.978155,960.000000
0.966767,960.000000
1.065923,960.000000
0.535440,960.000000
0.470989,960.000000
0.260284,960.000000
9.065303,960.000000
3.398559,960.000000
2.741653,960.000000
3.344024,960.000000
1.831900,960.000000
9.754435,960.000000
3.034162,960.000000
1.445193,960.000000
2.030211,960.000000
7.746533,960.000000
0.790766,960.000000
1.274150,960.000000
8.559610,960.000000
3.475405,960.000000
8.299326,960.000000
7.962197,960.000000
4.437214,960.000000
4.020761,960.000000
1.750097,960.000000
1.197304,960.000000
1.137811,960.000000
2.104578,960.000000
1.383221,960.000000
0.634596,960.000000
0.889922,960.000000
0.751104,960.000000
2.488806,960.000000
1.950887,960.000000
0.386707,960.000000
0.518088,960.000000
3.237431,960.000000
0.265241,960.000000
0.453637,960.000000
3.507630,960.000000
1.722829,960.000000
3.229995,960.000000
2.573089,960.000000
1.321249,960.000000
1.197304,960.000000
0.599892,960.000000
0.423890,960.000000
0.426369,960.000000
1.365869,960.000000
0.803161,960.000000
0.418933,960.000000
0.659385,960.000000
0.614765,960.000000
1.016345,960.000000
0.547835,960.000000
0.528004,960.000000
0.785808,960.000000
2.069874,960.000000
0.240452,960.000000
0.386707,960.000000
1.849252,960.000000
0.937021,960.000000
1.452630,960.000000
1.546828,960.000000
1.105585,960.000000
0.860175,960.000000
0.344566,960.000000
0.510651,960.000000
0.270199,960.000000
2.483848,960.000000
0.634596,960.000000
0.944457,960.000000
1.536912,960.000000
0.485863,960.000000
1.878999,960.000000
0.664343,960.000000
0.778372,960.000000
1.403052,960.000000
2.114494,960.000000
0.572624,960.000000
0.525525,960.000000
2.035169,960.000000
1.070881,960.000000
2.154156,960.000000
1.960803,960.000000
1.395615,960.000000
1.323728,960.000000
0.421411,960.000000
0.570145,960.000000
0.260284,960.000000
6.432721,960.000000
3.785266,960.000000
2.183903,960.000000
3.515067,960.000000
1.908746,960.000000
6.953288,960.000000
3.259741,960.000000
1.631110,960.000000
2.354946,960.000000
10.812921,960.000000
0.892401,960.000000
1.479898,960.000000
10.416299,960.000000
5.411418,960.000000
7.900225,960.000000
6.752498,960.000000
3.353939,960.000000
4.117437,960.000000
2.726780,960.000000
1.435278,960.000000
1.469982,960.000000
1.368348,960.000000
0.431327,960.000000
0.461074,960.000000
0.629638,960.000000
0.255326,960.000000
0.897358,960.000000
0.247889,960.000000
0.260284,960.000000
0.448679,960.000000
0.934542,960.000000
0.223100,960.000000
0.356960,960.000000
1.073360,960.000000
0.406538,960.000000
0.984120,960.000000
1.085754,960.000000
0.842823,960.000000
0.671779,960.000000
0.272678,960.000000
0.218142,960.000000
0.163607,960.000000
1.167558,960.000000
0.532961,960.000000
0.406538,960.000000
0.406538,960.000000
0.490820,960.000000
1.298939,960.000000
0.396623,960.000000
0.513130,960.000000
0.528004,960.000000
1.284065,960.000000
0.198311,960.000000
0.312340,960.000000
1.209699,960.000000
0.770935,960.000000
1.013866,960.000000
1.447672,960.000000
0.783329,960.000000
0.909753,960.000000
0.409017,960.000000
0.478426,960.000000
0.176001,960.000000
11.107909,960.000000
3.740646,960.000000
2.064916,960.000000
4.119916,960.000000
1.355953,960.000000
11.301263,960.000000
3.061430,960.000000
1.321249,960.000000
1.871562,960.000000
7.186304,960.000000
0.880006,960.000000
1.135332,960.000000
9.804013,960.000000
4.695019,960.000000
9.323108,960.000000
9.300798,960.000000
5.384151,960.000000
4.578511,960.000000
2.664807,960.000000
0.989077,960.000000
1.303897,960.000000
4.045550,960.000000
1.368348,960.000000
1.821985,960.000000
2.786273,960.000000
0.619723,960.000000
4.062902,960.000000
1.336122,960.000000
0.803161,960.000000
1.266713,960.000000
3.703463,960.000000
0.567666,960.000000
0.902316,960.000000
4.625610,960.000000
2.275622,960.000000
4.271129,960.000000
2.679681,960.000000
1.970718,960.000000
2.312805,960.000000
0.860175,960.000000
0.443721,960.000000
0.478426,960.000000
8.988458,960.000000
3.252305,960.000000
2.419397,960.000000
3.418390,960.000000
1.341080,960.000000
8.537300,960.000000
2.637540,960.000000
1.742660,960.000000
2.496243,960.000000
7.198699,960.000000
0.989077,960.000000
1.380742,960.000000
9.152064,960.000000
3.601828,960.000000
11.239290,960.000000
8.220002,960.000000
5.037106,960.000000
3.926563,960.000000
2.131846,960.000000
0.996514,960.000000
1.184910,960.000000
7.806027,960.000000
4.139747,960.000000
1.950887,960.000000
2.682160,960.000000
1.871562,960.000000
7.694477,960.000000
2.332636,960.000000
1.551786,960.000000
1.933535,960.000000
8.388566,960.000000
1.182431,960.000000
1.041134,960.000000
8.938880,960.000000
3.475405,960.000000
7.739097,960.000000
10.659230,960.000000
5.054458,960.000000
3.760477,960.000000
2.870555,960.000000
1.135332,960.000000
1.311333,960.000000
5.384151,960.000000
1.968239,960.000000
1.584011,960.000000
1.809590,960.000000
0.996514,960.000000
4.065381,960.000000
1.333643,960.000000
1.103106,960.000000
1.333643,960.000000
4.548764,960.000000
0.880006,960.000000
0.748625,960.000000
4.519018,960.000000
1.923619,960.000000
4.625610,960.000000
5.433728,960.000000
3.557208,960.000000
2.751569,960.000000
1.368348,960.000000
0.589976,960.000000
0.627159,960.000000
4.300875,960.000000
1.789759,960.000000
1.338601,960.000000
1.720350,960.000000
1.303897,960.000000
3.351460,960.000000
1.343559,960.000000
0.979162,960.000000
1.246882,960.000000
4.908204,960.000000
0.689132,960.000000
0.872570,960.000000
5.190797,960.000000
2.126888,960.000000
3.522504,960.000000
3.931521,960.000000
2.491285,960.000000
2.580525,960.000000
1.179952,960.000000
0.691611,960.000000
0.800682,960.000000
2.045085,960.000000
0.949415,960.000000
0.589976,960.000000
0.798203,960.000000
0.490820,960.000000
1.948408,960.000000
0.599892,960.000000
0.493299,960.000000
0.691611,960.000000
2.146719,960.000000
0.508173,960.000000
0.406538,960.000000
2.704470,960.000000
1.031219,960.000000
2.932528,960.000000
2.121930,960.000000
1.737702,960.000000
0.994035,960.000000
1.001472,960.000000
0.223100,960.000000
0.347045,960.000000
0.726315,960.000000
0.441243,960.000000
0.585018,960.000000
0.617244,960.000000
0.389186,960.000000
0.763498,960.000000
0.451158,960.000000
0.463553,960.000000
0.478426,960.000000
1.316291,960.000000
0.233016,960.000000
0.337129,960.000000
1.301418,960.000000
0.607328,960.000000
1.197304,960.000000
1.140290,960.000000
0.716399,960.000000
0.580060,960.000000
0.309861,960.000000
0.277636,960.000000
0.138818,960.000000
1.331164,960.000000
0.337129,960.000000
0.381749,960.000000
0.505694,960.000000
0.153691,960.000000
1.135332,960.000000
0.374312,960.000000
0.218142,960.000000
0.324735,960.000000
0.991556,960.000000
0.205748,960.000000
0.176001,960.000000
1.229530,960.000000
0.443721,960.000000
1.269192,960.000000
1.251840,960.000000
0.927105,960.000000
0.542877,960.000000
0.347045,960.000000
0.054536,960.000000
0.304904,960.000000
12.918723,960.000000
2.992879,960.000000
2.412652,960.000000
3.409452,960.000000
1.537353,960.000000
9.142290,960.000000
2.593663,960.000000
1.596863,960.000000
2.144855,960.000000
8.668687,960.000000
0.967045,960.000000
1.197647,960.000000
9.757232,960.000000
3.545830,960.000000
8.668687,960.000000
9.075341,960.000000
5.127816,960.000000
4.805468,960.000000
2.095263,960.000000
0.957126,960.000000
1.294352,960.000000
3.193727,960.000000
2.053110,960.000000
0.823228,960.000000
1.252199,960.000000
0.721564,960.000000
3.000318,960.000000
1.217484,960.000000
0.639737,960.000000
0.818268,960.000000
3.196206,960.000000
0.416573,960.000000
0.600064,960.000000
4.061587,960.000000
1.713405,960.000000
3.478881,960.000000
4.153332,960.000000
1.884497,960.000000
1.651415,960.000000
1.103423,960.000000
0.389297,960.000000
0.483522,960.000000
2.330825,960.000000
0.803391,960.000000
1.239801,960.000000
1.487761,960.000000
0.699248,960.000000
2.801950,960.000000
0.994320,960.000000
0.743880,960.000000
0.696768,960.000000
2.722602,960.000000
0.173572,960.000000
0.570308,960.000000
2.077906,960.000000
1.217484,960.000000
2.219243,960.000000
2.115100,960.000000
1.205086,960.000000
1.549751,960.000000
0.530635,960.000000
0.580227,960.000000
0.272756,960.000000
3.729321,960.000000
1.321628,960.000000
1.445608,960.000000
2.777154,960.000000
0.751319,960.000000
3.635096,960.000000
1.222443,960.000000
0.969524,960.000000
1.227403,960.000000
3.868178,960.000000
0.503359,960.000000
0.600064,960.000000
3.516075,960.000000
2.184529,960.000000
3.223482,960.000000
2.821786,960.000000
1.785313,960.000000
2.015916,960.000000
0.820748,960.000000
0.644696,960.000000
0.391777,960.000000
1.438169,960.000000
0.676931,960.000000
0.823228,960.000000
0.803391,960.000000
0.664533,960.000000
1.668772,960.000000
0.547992,960.000000
0.592625,960.000000
0.699248,960.000000
1.877058,960.000000
0.267797,960.000000
0.617421,960.000000
1.785313,960.000000
0.882738,960.000000
1.671251,960.000000
1.430730,960.000000
1.083586,960.000000
1.009198,960.000000
0.404175,960.000000
0.304991,960.000000
0.195889,960.000000
8.708360,960.000000
3.674769,960.000000
2.434969,960.000000
3.573106,960.000000
1.564628,960.000000
10.820981,960.000000
3.052389,960.000000
1.425771,960.000000
2.065508,960.000000
7.009833,960.000000
0.929851,960.000000
1.041433,960.000000
8.629013,960.000000
4.138455,960.000000
8.891851,960.000000
6.893292,960.000000
3.625177,960.000000
4.145894,960.000000
2.298591,960.000000
1.128219,960.000000
1.257158,960.000000
2.511836,960.000000
1.197647,960.000000
0.865381,960.000000
1.239801,960.000000
0.471124,960.000000
2.814348,960.000000
1.820027,960.000000
0.607502,960.000000
0.503359,960.000000
3.039991,960.000000
0.334746,960.000000
0.461206,960.000000
3.178849,960.000000
1.696047,960.000000
2.950726,960.000000
2.209325,960.000000
1.190209,960.000000
1.267076,960.000000
0.751319,960.000000
0.530635,960.000000
0.426491,960.000000
1.614221,960.000000
0.495920,960.000000
0.776115,960.000000
1.024075,960.000000
0.676931,960.000000
1.500159,960.000000
0.453767,960.000000
0.605023,960.000000
0.684370,960.000000
1.594384,960.000000
0.381859,960.000000
0.456247,960.000000
1.162933,960.000000
0.681890,960.000000
1.200127,960.000000
1.614221,960.000000
1.361301,960.000000
1.088545,960.000000
0.292593,960.000000
0.421532,960.000000
0.220685,960.000000
1.772915,960.000000
0.907534,960.000000
0.773636,960.000000
1.244760,960.000000
0.667013,960.000000
1.728282,960.000000
0.768676,960.000000
0.709166,960.000000
1.676211,960.000000
2.422571,960.000000
0.463685,960.000000
0.535594,960.000000
2.067988,960.000000
1.170372,960.000000
2.306029,960.000000
2.053110,960.000000
1.443128,960.000000
1.160453,960.000000
0.614941,960.000000
0.483522,960.000000
0.225644,960.000000
8.629013,960.000000
3.203645,960.000000
2.677970,960.000000
3.873137,960.000000
1.924171,960.000000
7.359457,960.000000
2.920970,960.000000
1.750599,960.000000
2.628377,960.000000
9.796905,960.000000
1.247240,960.000000
1.485281,960.000000
9.105096,960.000000
4.069026,960.000000
7.029670,960.000000
8.120695,960.000000
4.319466,960.000000
4.406252,960.000000
2.125018,960.000000
1.081106,960.000000
1.029035,960.000000
1.105902,960.000000
0.483522,960.000000
0.409134,960.000000
0.562870,960.000000
0.364501,960.000000
0.860422,960.000000
0.245481,960.000000
0.290113,960.000000
0.376899,960.000000
1.024075,960.000000
0.247960,960.000000
0.193409,960.000000
1.083586,960.000000
0.510798,960.000000
1.143096,960.000000
1.192688,960.000000
0.790993,960.000000
0.689329,960.000000
0.292593,960.000000
0.223164,960.000000
0.146296,960.000000
0.999279,960.000000
0.525675,960.000000
0.577747,960.000000
0.624860,960.000000
0.384338,960.000000
1.294352,960.000000
0.411614,960.000000
0.414093,960.000000
0.701727,960.000000
1.081106,960.000000
0.257879,960.000000
0.317389,960.000000
0.994320,960.000000
0.719084,960.000000
1.428250,960.000000
1.378658,960.000000
0.954647,960.000000
0.860422,960.000000
0.300032,960.000000
0.309950,960.000000
0.195889,960.000000
10.104376,960.000000
4.250037,960.000000
2.454805,960.000000
3.292911,960.000000
1.596863,960.000000
8.539747,960.000000
3.178849,960.000000
1.405934,960.000000
2.070467,960.000000
8.757952,960.000000
0.962085,960.000000
1.222443,960.000000
13.045183,960.000000
4.113659,960.000000
8.574462,960.000000
9.184444,960.000000
5.249316,960.000000
4.490558,960.000000
2.345703,960.000000
1.130698,960.000000
1.239801,960.000000
3.885535,960.000000
1.383618,960.000000
1.125739,960.000000
1.926650,960.000000
0.924891,960.000000
3.344982,960.000000
1.710925,960.000000
0.704207,960.000000
1.123259,960.000000
5.055907,960.000000
0.570308,960.000000
0.679411,960.000000
4.597181,960.000000
2.762276,960.000000
4.039271,960.000000
3.359860,960.000000
1.696047,960.000000
2.107661,960.000000
1.068708,960.000000
0.567829,960.000000
0.577747,960.000000
8.646370,960.000000
3.131737,960.000000
2.112620,960.000000
3.183808,960.000000
1.567108,960.000000
8.130613,960.000000
2.744919,960.000000
1.430730,960.000000
2.298591,960.000000
8.066143,960.000000
1.006718,960.000000
1.140617,960.000000
9.424965,960.000000
4.059107,960.000000
11.292105,960.000000
7.942163,960.000000
4.698845,960.000000
3.754117,960.000000
2.730041,960.000000
1.299311,960.000000
1.244760,960.000000
8.081021,960.000000
4.232680,960.000000
2.221723,960.000000
3.297870,960.000000
1.896895,960.000000
7.356977,960.000000
2.328346,960.000000
1.681170,960.000000
1.993600,960.000000
7.475998,960.000000
1.195168,960.000000
1.212525,960.000000
9.028229,960.000000
3.580544,960.000000
8.162848,960.000000
9.481996,960.000000
5.455123,960.000000
3.967362,960.000000
2.682929,960.000000
0.947208,960.000000
1.234841,960.000000
5.328663,960.000000
2.095263,960.000000
1.232362,960.000000
1.777874,960.000000
1.061269,960.000000
4.269874,960.000000
1.284434,960.000000
1.138137,960.000000
1.296832,960.000000
4.153332,960.000000
0.758758,960.000000
0.905055,960.000000
4.802988,960.000000
1.877058,960.000000
4.832743,960.000000
5.331143,960.000000
3.890495,960.000000
2.390336,960.000000
1.276995,960.000000
0.639737,960.000000
0.808350,960.000000
4.815386,960.000000
1.438169,960.000000
1.532394,960.000000
2.368019,960.000000
1.078627,960.000000
4.312027,960.000000
1.289393,960.000000
0.994320,960.000000
1.396016,960.000000
4.314506,960.000000
0.667013,960.000000
0.669492,960.000000
3.992158,960.000000
1.914252,960.000000
3.672290,960.000000
4.163251,960.000000
2.658133,960.000000
2.640775,960.000000
1.026555,960.000000
0.887697,960.000000
0.530635,960.000000
2.201886,960.000000
1.033994,960.000000
0.478563,960.000000
0.766197,960.000000
0.409134,960.000000
1.998559,960.000000
0.602543,960.000000
0.280195,960.000000
0.483522,960.000000
2.390336,960.000000
0.309950,960.000000
0.342185,960.000000
2.836664,960.000000
1.140617,960.000000
2.521755,960.000000
2.635816,960.000000
1.455526,960.000000
1.138137,960.000000
1.056310,960.000000
0.218205,960.000000
0.466165,960.000000
1.145576,960.000000
0.488481,960.000000
0.488481,960.000000
0.587666,960.000000
0.309950,960.000000
1.120780,960.000000
0.389297,960.000000
0.314909,960.000000
0.366981,960.000000
1.157974,960.000000
0.198368,960.000000
0.426491,960.000000
1.091025,960.000000
0.706686,960.000000
1.091025,960.000000
1.036473,960.000000
0.691809,960.000000
0.738921,960.000000
0.270277,960.000000
0.312430,960.000000
0.128939,960.000000
1.195168,960.000000
0.500879,960.000000
0.233083,960.000000
0.381859,960.000000
0.228123,960.000000
1.113341,960.000000
0.401695,960.000000
0.208287,960.000000
0.210766,960.000000
1.160453,960.000000
0.111582,960.000000
0.163654,960.000000
1.296832,960.000000
0.627339,960.000000
1.207566,960.000000
1.210045,960.000000
0.778595,960.000000
0.404175,960.000000
0.552951,960.000000
0.121500,960.000000
0.384338,960.000000
12.442726,960.000000
3.152852,960.000000
2.359058,960.000000
3.668818,960.000000
1.537977,960.000000
8.912822,960.000000
2.825412,960.000000
1.528054,960.000000
2.277198,960.000000
8.265384,960.000000
0.935189,960.000000
1.364334,960.000000
10.105994,960.000000
4.021064,960.000000
9.059178,960.000000
8.374530,960.000000
5.040594,960.000000
4.266645,960.000000
2.398747,960.000000
1.183250,960.000000
1.208056,960.000000
2.919675,960.000000
2.418592,960.000000
0.940150,960.000000
1.071622,960.000000
0.642477,960.000000
3.284324,960.000000
1.148521,960.000000
0.553175,960.000000
0.893019,960.000000
3.438122,960.000000
0.424184,960.000000
0.530850,960.000000
3.991297,960.000000
1.210536,960.000000
3.142929,960.000000
4.204629,960.000000
2.019214,960.000000
1.786037,960.000000
1.240304,960.000000
0.419223,960.000000
0.575501,960.000000
2.299523,960.000000
0.897980,960.000000
1.103870,960.000000
1.396582,960.000000
0.684648,960.000000
2.512855,960.000000
0.900460,960.000000
0.610229,960.000000
0.850848,960.000000
2.703862,960.000000
0.391936,960.000000
0.563098,960.000000
2.378902,960.000000
1.178288,960.000000
2.331771,960.000000
2.292081,960.000000
1.408985,960.000000
1.364334,960.000000
0.548214,960.000000
0.396897,960.000000
0.218293,960.000000
4.063235,960.000000
0.930228,960.000000
1.542938,960.000000
3.033783,960.000000
0.955034,960.000000
3.673779,960.000000
0.989762,960.000000
0.858290,960.000000
1.475961,960.000000
3.229751,960.000000
0.468835,960.000000
0.729299,960.000000
3.467889,960.000000
1.932393,960.000000
3.879670,960.000000
2.790683,960.000000
1.575186,960.000000
1.979525,960.000000
0.786353,960.000000
0.607749,960.000000
0.493641,960.000000
1.463558,960.000000
0.806197,960.000000
0.741702,960.000000
0.900460,960.000000
0.716896,960.000000
1.528054,960.000000
0.570540,960.000000
0.654880,960.000000
0.699531,960.000000
1.800921,960.000000
0.245580,960.000000
0.518447,960.000000
1.463558,960.000000
0.865732,960.000000
1.493326,960.000000
1.771154,960.000000
0.945111,960.000000
1.136118,960.000000
0.488680,960.000000
0.379533,960.000000
0.240619,960.000000
8.813598,960.000000
3.376107,960.000000
2.418592,960.000000
3.584478,960.000000
1.634720,960.000000
10.344133,960.000000
2.917194,960.000000
1.441233,960.000000
2.103555,960.000000
7.340117,960.000000
1.004646,960.000000
1.091467,960.000000
8.396856,960.000000
4.085560,960.000000
8.443987,960.000000
7.374846,960.000000
4.021064,960.000000
4.656100,960.000000
1.952238,960.000000
1.116273,960.000000
1.217978,960.000000
2.723707,960.000000
1.004646,960.000000
0.992243,960.000000
1.215498,960.000000
0.592865,960.000000
2.837815,960.000000
1.590069,960.000000
0.508525,960.000000
0.560617,960.000000
2.763397,960.000000
0.253022,960.000000
0.456432,960.000000
3.450525,960.000000
1.691774,960.000000
3.100759,960.000000
2.416112,960.000000
1.245265,960.000000
1.344489,960.000000
0.525889,960.000000
0.414261,960.000000
0.377052,960.000000
1.475961,960.000000
0.545734,960.000000
0.642477,960.000000
0.746663,960.000000
0.451471,960.000000
1.386660,960.000000
0.498602,960.000000
0.654880,960.000000
0.649919,960.000000
1.944796,960.000000
0.337363,960.000000
0.493641,960.000000
1.421388,960.000000
0.729299,960.000000
1.213017,960.000000
1.768673,960.000000
1.240304,960.000000
1.151002,960.000000
0.384494,960.000000
0.406820,960.000000
0.156278,960.000000
2.021695,960.000000
0.895499,960.000000
0.697051,960.000000
1.508209,960.000000
0.721857,960.000000
1.996889,960.000000
0.587904,960.000000
0.677206,960.000000
1.575186,960.000000
2.200299,960.000000
0.347285,960.000000
0.627594,960.000000
1.820766,960.000000
1.163405,960.000000
2.371461,960.000000
2.078749,960.000000
1.443713,960.000000
1.262629,960.000000
0.436587,960.000000
0.508525,960.000000
0.248061,960.000000
8.577940,960.000000
3.063550,960.000000
2.599676,960.000000
3.490215,960.000000
2.019214,960.000000
7.126785,960.000000
3.080914,960.000000
2.165570,960.000000
2.319368,960.000000
10.612038,960.000000
1.267590,960.000000
1.356892,960.000000
8.630033,960.000000
4.075638,960.000000
7.476551,960.000000
7.221048,960.000000
4.293931,960.000000
4.770208,960.000000
2.354096,960.000000
1.113793,960.000000
1.136118,960.000000
1.041855,960.000000
0.411781,960.000000
0.396897,960.000000
0.506044,960.000000
0.228216,960.000000
0.816120,960.000000
0.290231,960.000000
0.312557,960.000000
0.461393,960.000000
1.304799,960.000000
0.218293,960.000000
0.295192,960.000000
1.019530,960.000000
0.553175,960.000000
0.860771,960.000000
1.307280,960.000000
0.808678,960.000000
0.617671,960.000000
0.372091,960.000000
0.235658,960.000000
0.181084,960.000000
1.292396,960.000000
0.424184,960.000000
0.570540,960.000000
0.719376,960.000000
0.476277,960.000000
1.237823,960.000000
0.431626,960.000000
0.533331,960.000000
0.528369,960.000000
1.426349,960.000000
0.342324,960.000000
0.305115,960.000000
1.332086,960.000000
0.639997,960.000000
1.138599,960.000000
1.017049,960.000000
0.828523,960.000000
0.843406,960.000000
0.267906,960.000000
0.210852,960.000000
0.163720,960.000000
9.758709,960.000000
4.194707,960.000000
2.383864,960.000000
3.415796,960.000000
1.642162,960.000000
8.888016,960.000000
3.152852,960.000000
1.475961,960.000000
1.823246,960.000000
8.394375,960.000000
1.029452,960.000000
1.118754,960.000000
12.938848,960.000000
4.348505,960.000000
9.178247,960.000000
8.920264,960.000000
5.122454,960.000000
4.279048,960.000000
2.723707,960.000000
1.128676,960.000000
1.289916,960.000000
3.646493,960.000000
1.627278,960.000000
1.399063,960.000000
2.009292,960.000000
0.768988,960.000000
4.415481,960.000000
1.565263,960.000000
0.803717,960.000000
1.175808,960.000000
4.120289,960.000000
0.496121,960.000000
0.627594,960.000000
4.718115,960.000000
2.785722,960.000000
4.083080,960.000000
3.204945,960.000000
1.860456,960.000000
2.026656,960.000000
0.756585,960.000000
0.587904,960.000000
0.530850,960.000000
8.987240,960.000000
2.994093,960.000000
2.383864,960.000000
3.661376,960.000000
1.498287,960.000000
8.543212,960.000000
2.872543,960.000000
1.413946,960.000000
2.282159,960.000000
7.533604,960.000000
0.974879,960.000000
1.265110,960.000000
9.364293,960.000000
3.993778,960.000000
11.234671,960.000000
8.017323,960.000000
4.529589,960.000000
3.668818,960.000000
2.502933,960.000000
0.972398,960.000000
1.222939,960.000000
8.136392,960.000000
3.889592,960.000000
2.039059,960.000000
3.075953,960.000000
1.587589,960.000000
7.139188,960.000000
2.540142,960.000000
1.500767,960.000000
2.252391,960.000000
7.749417,960.000000
1.158444,960.000000
1.242784,960.000000
9.408944,960.000000
3.619206,960.000000
7.955308,960.000000
10.334210,960.000000
5.293616,960.000000
3.706027,960.000000
2.480607,960.000000
1.106351,960.000000
1.282474,960.000000
5.306019,960.000000
2.339213,960.000000
1.217978,960.000000
1.627278,960.000000
1.071622,960.000000
4.035948,960.000000
1.237823,960.000000
0.880616,960.000000
1.250226,960.000000
4.425403,960.000000
0.702012,960.000000
0.697051,960.000000
5.139818,960.000000
2.006811,960.000000
4.765247,960.000000
5.621056,960.000000
3.825097,960.000000
2.158128,960.000000
1.379218,960.000000
0.649919,960.000000
0.823562,960.000000
4.924006,960.000000
1.696735,960.000000
1.629759,960.000000
2.180454,960.000000
1.136118,960.000000
3.668818,960.000000
1.294877,960.000000
1.155963,960.000000
1.374256,960.000000
4.824781,960.000000
0.625113,960.000000
0.682167,960.000000
3.760601,960.000000
2.163090,960.000000
3.371145,960.000000
3.706027,960.000000
2.721226,960.000000
3.088356,960.000000
1.034413,960.000000
0.826042,960.000000
0.503563,960.000000
2.254872,960.000000
1.230381,960.000000
0.501083,960.000000
0.788833,960.000000
0.486199,960.000000
2.041540,960.000000
0.699531,960.000000
0.317518,960.000000
0.444029,960.000000
2.073788,960.000000
0.401858,960.000000
0.344804,960.000000
2.302004,960.000000
1.146041,960.000000
2.297042,960.000000
2.696420,960.000000
1.609914,960.000000
1.118754,960.000000
1.235342,960.000000
0.327440,960.000000
0.456432,960.000000
0.897980,960.000000
0.391936,960.000000
0.367130,960.000000
0.476277,960.000000
0.439067,960.000000
1.066661,960.000000
0.533331,960.000000
0.332401,960.000000
0.414261,960.000000
1.443713,960.000000
0.245580,960.000000
0.364649,960.000000
1.064181,960.000000
0.597826,960.000000
1.046816,960.000000
1.029452,960.000000
0.716896,960.000000
0.709454,960.000000
0.359688,960.000000
0.426664,960.000000
0.131472,960.000000
1.049297,960.000000
0.535811,960.000000
0.218293,960.000000
0.374572,960.000000
0.248061,960.000000
1.180769,960.000000
0.426664,960.000000
0.188526,960.000000
0.260464,960.000000
1.138599,960.000000
0.138914,960.000000
0.181084,960.000000
1.337047,960.000000
0.496121,960.000000
1.188211,960.000000
1.309761,960.000000
0.764027,960.000000
0.389455,960.000000
0.453951,960.000000
0.121550,960.000000
0.488680,960.000000
12.573645,960.000000
3.042891,960.000000
2.251144,960.000000
3.807337,960.000000
1.623206,960.000000
9.404173,960.000000
2.722718,960.000000
1.620724,960.000000
2.042659,960.000000
8.751415,960.000000
0.977895,960.000000
1.059800,960.000000
10.414333,960.000000
3.874350,960.000000
9.297448,960.000000
7.813232,960.000000
4.857209,960.000000
4.502288,960.000000
2.032731,960.000000
1.082138,960.000000
1.196308,960.000000
3.186846,960.000000
2.735128,960.000000
0.824013,960.000000
1.017606,960.000000
0.563406,960.000000
3.621190,960.000000
1.335298,960.000000
0.511285,960.000000
0.888544,960.000000
3.023036,960.000000
0.416970,960.000000
0.493911,960.000000
3.678275,960.000000
1.320406,960.000000
2.968432,960.000000
3.966183,960.000000
2.308229,960.000000
1.687738,960.000000
1.223610,960.000000
0.459164,960.000000
0.610564,960.000000
2.717754,960.000000
0.749554,960.000000
1.084620,960.000000
1.501590,960.000000
0.742108,960.000000
2.400062,960.000000
0.925774,960.000000
0.682541,960.000000
0.714806,960.000000
2.623439,960.000000
0.327620,960.000000
0.573334,960.000000
2.489413,960.000000
1.226092,960.000000
2.139456,960.000000
2.159311,960.000000
1.253393,960.000000
1.489180,960.000000
0.496393,960.000000
0.451718,960.000000
0.273016,960.000000
3.271232,960.000000
1.027534,960.000000
1.675328,960.000000
2.625921,960.000000
0.948111,960.000000
3.459862,960.000000
1.288141,960.000000
0.833941,960.000000
1.300551,960.000000
3.432560,960.000000
0.610564,960.000000
0.766928,960.000000
3.298534,960.000000
2.077406,960.000000
4.117583,960.000000
2.988288,960.000000
1.809354,960.000000
2.000465,960.000000
0.709843,960.000000
0.814085,960.000000
0.414488,960.000000
1.605833,960.000000
0.675095,960.000000
0.546033,960.000000
0.734662,960.000000
0.761964,960.000000
1.449469,960.000000
0.506321,960.000000
0.496393,960.000000
0.757000,960.000000
2.002947,960.000000
0.332584,960.000000
0.429380,960.000000
1.509036,960.000000
0.913364,960.000000
1.705111,960.000000
1.814318,960.000000
1.020088,960.000000
1.114403,960.000000
0.382223,960.000000
0.426898,960.000000
0.235787,960.000000
8.865586,960.000000
3.162026,960.000000
2.539052,960.000000
3.616226,960.000000
1.695183,960.000000
9.957651,960.000000
2.779803,960.000000
1.427131,960.000000
1.903669,960.000000
7.242380,960.000000
0.766928,960.000000
1.387420,960.000000
9.292484,960.000000
3.529357,960.000000
8.763825,960.000000
7.624602,960.000000
4.293803,960.000000
4.338478,960.000000
1.903669,960.000000
1.166524,960.000000
1.092065,960.000000
2.871636,960.000000
1.129295,960.000000
0.915846,960.000000
1.322888,960.000000
0.620492,960.000000
3.075157,960.000000
1.581013,960.000000
0.508803,960.000000
0.650275,960.000000
2.727682,960.000000
0.282944,960.000000
0.454200,960.000000
3.010626,960.000000
1.598387,960.000000
2.787249,960.000000
2.298301,960.000000
1.327852,960.000000
1.394865,960.000000
0.712325,960.000000
0.310246,960.000000
0.501357,960.000000
1.367564,960.000000
0.521213,960.000000
0.704879,960.000000
0.945629,960.000000
0.608082,960.000000
1.372528,960.000000
0.508803,960.000000
0.637866,960.000000
0.866206,960.000000
1.968200,960.000000
0.392151,960.000000
0.399597,960.000000
1.387420,960.000000
0.881098,960.000000
1.290623,960.000000
1.511518,960.000000
0.987823,960.000000
1.022570,960.000000
0.399597,960.000000
0.330102,960.000000
0.181184,960.000000
2.119600,960.000000
0.876134,960.000000
0.685023,960.000000
1.427131,960.000000
0.685023,960.000000
1.791980,960.000000
0.627938,960.000000
0.677577,960.000000
1.618242,960.000000
2.139456,960.000000
0.446754,960.000000
0.493911,960.000000
2.129528,960.000000
1.243465,960.000000
2.030249,960.000000
2.164275,960.000000
1.377492,960.000000
1.342744,960.000000
0.585744,960.000000
0.421934,960.000000
0.280462,960.000000
8.103622,960.000000
3.169472,960.000000
2.911347,960.000000
3.484682,960.000000
2.092298,960.000000
7.689134,960.000000
3.162026,960.000000
1.908633,960.000000
2.233770,960.000000
10.530986,960.000000
1.240983,960.000000
1.330334,960.000000
8.719150,960.000000
3.991003,960.000000
7.473203,960.000000
7.301947,960.000000
4.080354,960.000000
4.690918,960.000000
2.323121,960.000000
1.141705,960.000000
1.173970,960.000000
0.866206,960.000000
0.404561,960.000000
0.369813,960.000000
0.570852,960.000000
0.282944,960.000000
1.062282,960.000000
0.302800,960.000000
0.310246,960.000000
0.469092,960.000000
1.164043,960.000000
0.250679,960.000000
0.250679,960.000000
0.967967,960.000000
0.590708,960.000000
1.039944,960.000000
1.067246,960.000000
0.739626,960.000000
0.744590,960.000000
0.340029,960.000000
0.277980,960.000000
0.171256,960.000000
1.059800,960.000000
0.541069,960.000000
0.496393,960.000000
0.744590,960.000000
0.439308,960.000000
1.000233,960.000000
0.397115,960.000000
0.369813,960.000000
0.687505,960.000000
1.531374,960.000000
0.268052,960.000000
0.451718,960.000000
1.149151,960.000000
0.605600,960.000000
1.231056,960.000000
1.295587,960.000000
0.794229,960.000000
0.888544,960.000000
0.275498,960.000000
0.320174,960.000000
0.173738,960.000000
9.868301,960.000000
3.760180,960.000000
2.442255,960.000000
3.447452,960.000000
1.697665,960.000000
8.783681,960.000000
3.109905,960.000000
1.379974,960.000000
2.069960,960.000000
8.282324,960.000000
0.873652,960.000000
1.032498,960.000000
12.633212,960.000000
4.815016,960.000000
9.297448,960.000000
9.359497,960.000000
5.021019,960.000000
4.246645,960.000000
2.558908,960.000000
1.126813,960.000000
1.417203,960.000000
4.048088,960.000000
1.456915,960.000000
1.449469,960.000000
2.119600,960.000000
0.953075,960.000000
3.732878,960.000000
1.394865,960.000000
0.819049,960.000000
1.216164,960.000000
4.206934,960.000000
0.518731,960.000000
0.568370,960.000000
4.604049,960.000000
2.851780,960.000000
3.740324,960.000000
3.601334,960.000000
2.099744,960.000000
1.911115,960.000000
0.856279,960.000000
0.541069,960.000000
0.528659,960.000000
9.160940,960.000000
2.998216,960.000000
2.194059,960.000000
3.598852,960.000000
1.451951,960.000000
8.235166,960.000000
3.162026,960.000000
1.563639,960.000000
2.313193,960.000000
7.388816,960.000000
0.943147,960.000000
1.355154,960.000000
9.168386,960.000000
4.390600,960.000000
10.684868,960.000000
8.041573,960.000000
4.658652,960.000000
3.628636,960.000000
2.566354,960.000000
1.139223,960.000000
1.293105,960.000000
8.304661,960.000000
4.112619,960.000000
2.127046,960.000000
2.943613,960.000000
1.568603,960.000000
7.113317,960.000000
2.253626,960.000000
1.630652,960.000000
2.271000,960.000000
7.895137,960.000000
1.164043,960.000000
1.360118,960.000000
9.136120,960.000000
3.261305,960.000000
7.741255,960.000000
9.736756,960.000000
5.693632,960.000000
3.916544,960.000000
2.824478,960.000000
1.047390,960.000000
1.375010,960.000000
4.720701,960.000000
2.310711,960.000000
1.250911,960.000000
1.643062,960.000000
0.900954,960.000000
4.030714,960.000000
1.144187,960.000000
1.089583,960.000000
1.260839,960.000000
4.524626,960.000000
0.712325,960.000000
0.915846,960.000000
5.080586,960.000000
1.858993,960.000000
5.222058,960.000000
5.415652,960.000000
3.822229,960.000000
2.397580,960.000000
1.499108,960.000000
0.637866,960.000000
0.729698,960.000000
4.762895,960.000000
1.742341,960.000000
1.439541,960.000000
1.995501,960.000000
1.010161,960.000000
3.971147,960.000000
1.526410,960.000000
1.178934,960.000000
1.350190,960.000000
4.633832,960.000000
0.729698,960.000000
0.754518,960.000000
4.112619,960.000000
2.035213,960.000000
3.556659,960.000000
3.963701,960.000000
2.355387,960.000000
2.963469,960.000000
1.002715,960.000000
0.801675,960.000000
0.479020,960.000000
2.288374,960.000000
1.218646,960.000000
0.456682,960.000000
0.938184,960.000000
0.461646,960.000000
2.206469,960.000000
0.655239,960.000000
0.426898,960.000000
0.637866,960.000000
2.146901,960.000000
0.317692,960.000000
0.268052,960.000000
2.221360,960.000000
1.032498,960.000000
2.400062,960.000000
2.908865,960.000000
1.541301,960.000000
0.935702,960.000000
1.077174,960.000000
0.218413,960.000000
0.419452,960.000000
0.928256,960.000000
0.439308,960.000000
0.533623,960.000000
0.550997,960.000000
0.347475,960.000000
1.034980,960.000000
0.394633,960.000000
0.295354,960.000000
0.379741,960.000000
1.456915,960.000000
0.228341,960.000000
0.392151,960.000000
1.216164,960.000000
0.739626,960.000000
1.129295,960.000000
1.015124,960.000000
0.590708,960.000000
0.625456,960.000000
0.275498,960.000000
0.362367,960.000000
0.121616,960.000000
1.154115,960.000000
0.605600,960.000000
0.285426,960.000000
0.409525,960.000000
0.208485,960.000000
1.186380,960.000000
0.325138,960.000000
0.228341,960.000000
0.273016,960.000000
1.054836,960.000000
0.173738,960.000000
0.163810,960.000000
1.226092,960.000000
0.459164,960.000000
1.131777,960.000000
1.307997,960.000000
0.699915,960.000000
0.575816,960.000000
0.521213,960.000000
0.111689,960.000000
0.379741,960.000000
94.890176,960.000000
36.856160,960.000000
27.026860,960.000000
39.451036,960.000000
19.514885,960.000000
87.473913,960.000000
30.143464,960.000000
18.382220,960.000000
25.308486,960.000000
89.030937,960.000000
12.274389,960.000000
14.784448,960.000000
97.382334,960.000000
43.308885,960.000000
90.069370,960.000000
87.731929,960.000000
51.288418,960.000000
46.493213,960.000000
24.816541,960.000000
13.112180,960.000000
12.588297,960.000000
