3,20,18,3,0,0.554711
3,12,20,3,3,0.464788
3,19,8,3,0,0.414703
3,20,14,3,3,0.353165
3,7,2,3,2,0.334729
3,11,3,2,3,0.244664
0,2,1,2,3,0.237318
3,18,18,2,0,0.205699
2,20,2,0,0,0.214575
0,3,2,3,0,0.228581
0,3,0,2,0,0.187768
3,4,8,0,0,0.186548
0,0,2,0,0,0.179219
2,1,1,2,0,0.179223
2,15,1,2,0,0.164726
0,2,2,3,0,0.156668
0,3,1,2,0,0.162875
0,0,1,0,0,0.147834
0,2,3,3,0,0.145404
3,10,17,3,3,0.141981
0,2,1,3,3,0.130051
2,12,3,3,3,0.130490
3,3,11,2,1,0.129189
0,0,2,2,1,0.143102
0,3,3,3,1,0.113625
3,3,2,3,0,0.113533
0,2,0,2,0,0.112376
0,0,2,3,0,0.110205
3,6,18,3,2,0.095105
3,18,5,3,3,0.085814
0,2,0,3,3,0.087020
2,20,0,0,3,0.098754
3,4,3,2,2,0.106569
0,3,1,1,2,0.086328
3,1,11,2,2,0.089065
0,0,1,3,2,0.084357
0,0,0,2,2,0.083556
0,1,3,0,2,0.068780
0,3,0,3,2,0.081430
0,3,2,2,2,0.068151
3,10,8,1,3,0.072152
3,1,4,1,0,0.068353
3,13,13,1,0,0.067307
0,1,0,1,0,0.069907
0,3,2,0,0,0.075450
3,19,8,1,1,0.073720
3,2,19,1,3,0.082292
3,7,2,3,2,0.079127
3,17,2,1,2,0.069367
0,3,3,1,2,0.060827
0,1,2,3,2,0.062042
3,18,8,1,0,0.068951
3,18,6,1,2,0.060338
3,3,8,1,0,0.074640
0,1,1,1,0,0.061750
3,7,3,3,2,0.074230
0,2,2,3,2,0.054534
0,2,3,1,2,0.052386
3,18,14,3,0,0.048671
3,14,6,1,0,0.049697
3,6,5,3,0,0.051430
3,10,2,3,2,0.068146
2,20,0,1,2,0.057582
2,1,0,3,2,0.073537
2,20,0,1,2,0.062052
0,1,0,1,2,0.063065
3,2,10,3,1,0.048920
0,3,2,3,1,0.052031
0,3,3,3,1,0.052010
0,3,0,1,1,0.052726
3,8,4,2,1,0.048601
3,8,3,3,3,0.059383
3,4,7,3,3,0.058627
2,15,0,0,3,0.050741
3,2,4,3,0,0.053578
0,3,0,0,0,0.051062
3,4,9,3,2,0.054566
3,18,14,0,0,0.055116
3,7,3,2,1,0.051785
0,0,2,0,1,0.049868
0,0,2,0,1,0.050833
0,0,2,3,1,0.044624
0,3,1,2,1,0.045960
2,18,3,0,1,0.044101
2,19,1,2,1,0.050127
2,20,2,2,1,0.050630
0,3,1,3,1,0.047793
3,14,14,0,3,0.044020
0,3,3,3,3,0.040910
0,0,3,0,3,0.042591
3,3,8,0,2,0.043479
3,8,7,0,1,0.046029
0,2,2,0,1,0.043719
3,4,15,3,0,0.038801
0,3,2,2,0,0.038949
0,1,3,2,0,0.044412
3,9,11,3,0,0.036069
0,0,2,2,0,0.044120
3,9,13,3,0,0.042436
3,7,8,0,3,0.042888
0,0,2,0,3,0.039851
3,18,2,3,0,0.042205
3,4,15,1,0,0.045295
3,4,15,3,0,0.037369
3,10,2,1,2,0.036414
3,7,2,1,2,0.036655
3,7,9,3,2,0.039568
0,2,1,1,2,0.037331
3,4,7,2,0,0.040781
2,2,1,0,0,0.036106
2,16,3,3,0,0.032923
3,10,0,2,3,0.032974
2,12,2,3,3,0.034294
2,12,0,1,3,0.048803
2,12,3,1,3,0.046418
3,19,2,2,1,0.036462
3,11,8,3,3,0.038766
3,17,19,2,0,0.038180
3,8,4,1,3,0.038104
2,1,1,2,3,0.037506
2,1,3,1,3,0.043632
0,2,1,2,3,0.033875
3,8,4,3,1,0.031142
0,0,2,3,1,0.032356
3,9,4,1,3,0.032313
0,1,3,1,3,0.039941
2,9,1,2,3,0.036580
0,1,1,0,3,0.038642
3,8,19,3,0,0.042985
2,19,2,1,0,0.058525
3,8,19,3,0,0.047655
3,19,2,1,1,0.039366
3,18,6,3,2,0.034799
3,6,11,0,2,0.037188
3,9,13,3,0,0.042765
2,13,0,1,0,0.044628
3,9,13,3,0,0.037665
2,15,0,1,0,0.036176
2,1,3,3,0,0.035941
2,16,2,3,0,0.041199
3,14,14,3,3,0.032212
0,1,0,0,3,0.036229
3,14,14,3,3,0.032757
0,2,3,2,3,0.035695
3,6,18,1,1,0.028325
3,12,12,1,3,0.030150
3,12,12,1,3,0.043013
3,18,6,1,2,0.035822
2,19,2,1,2,0.037412
0,3,2,3,2,0.036644
2,1,2,1,2,0.034932
2,20,0,1,2,0.035831
3,8,4,1,2,0.036775
0,2,1,1,2,0.029852
3,4,9,1,2,0.026898
2,2,0,1,2,0.026495
3,7,1,1,0,0.034248
3,5,1,1,3,0.028261
0,0,3,3,3,0.028260
0,2,2,2,3,0.028982
3,12,12,1,3,0.028931
0,3,3,1,3,0.029236
2,15,0,1,3,0.025339
3,7,9,3,0,0.025281
0,0,0,1,0,0.028727
0,3,3,3,0,0.032448
0,0,1,3,0,0.030045
3,7,9,2,2,0.027556
0,2,2,3,2,0.030502
0,3,1,2,2,0.024264
0,0,0,0,2,0.028661
0,3,1,2,2,0.029217
0,3,1,3,2,0.025776
0,3,1,1,2,0.025327
0,0,0,2,2,0.028216
3,8,7,2,0,0.026076
3,7,2,2,2,0.028492
0,1,0,1,2,0.030814
3,18,2,2,0,0.028111
2,20,2,3,0,0.033282
2,1,2,0,0,0.029751
3,8,4,3,2,0.030990
2,5,0,2,2,0.023210
3,8,4,3,1,0.028303
3,8,11,1,1,0.024406
3,4,8,2,1,0.025251
3,11,8,0,3,0.027948
3,11,8,2,0,0.026903
0,0,1,0,0,0.024960
3,18,2,2,0,0.025738
0,3,2,3,0,0.028961
0,3,1,2,0,0.027037
0,3,1,2,0,0.023507
2,19,2,3,0,0.027901
2,6,0,0,0,0.026623
3,14,14,2,3,0.024593
2,14,2,2,3,0.025408
3,4,8,0,2,0.024731
3,14,14,3,3,0.026912
2,15,2,3,3,0.026573
0,1,3,1,3,0.024484
0,2,3,3,3,0.022265
3,0,10,3,1,0.024080
2,10,3,1,1,0.024394
0,1,3,1,1,0.027331
0,0,2,2,1,0.024492
3,18,6,0,2,0.023503
3,6,5,0,0,0.028494
3,18,2,1,0,0.025439
0,2,2,0,0,0.021766
0,1,2,3,0,0.021107
3,14,14,3,3,0.027207
0,0,2,0,3,0.026671
0,0,2,0,3,0.027873
2,18,2,3,3,0.026720
3,7,9,3,0,0.026327
0,2,0,1,0,0.022393
3,18,2,3,0,0.023187
0,3,2,3,0,0.028285
0,1,3,3,0,0.024798
3,16,7,0,2,0.025550
3,4,7,2,3,0.025259
3,14,14,0,3,0.024053
0,0,2,0,3,0.022841
3,4,8,0,2,0.025473
0,2,0,2,2,0.022686
0,3,2,3,2,0.021894
3,9,11,0,0,0.020039
0,0,0,1,0,0.021671
2,9,2,1,0,0.026255
0,3,1,2,0,0.021493
0,3,1,2,0,0.026601
0,0,0,3,0,0.028033
3,11,6,3,1,0.021532
3,18,2,1,0,0.023546
0,0,0,0,0,0.027083
3,4,9,0,3,0.019389
3,10,0,2,3,0.024874
0,2,2,1,3,0.021892
0,0,2,2,3,0.023995
0,0,2,2,3,0.021732
0,0,0,2,3,0.020500
0,2,1,2,3,0.019076
0,2,1,2,3,0.021348
2,1,2,0,3,0.026473
2,20,3,2,3,0.023576
0,0,2,0,3,0.023919
0,0,2,0,3,0.022429
0,3,0,3,3,0.020777
3,18,6,0,2,0.019514
3,8,4,2,3,0.023724
0,3,0,0,3,0.019852
0,3,0,0,3,0.019659
3,6,18,1,1,0.019004
3,18,6,1,0,0.021908
2,18,2,1,0,0.020353
0,0,3,1,0,0.018798
0,0,3,3,0,0.018767
3,11,8,1,3,0.023641
3,11,8,0,0,0.018658
0,0,3,1,0,0.020962
0,0,2,0,0,0.021015
2,1,0,0,0,0.020564
0,0,2,1,0,0.020000
0,1,3,1,0,0.018966
0,0,0,3,0,0.019207
2,5,3,3,0,0.018904
3,12,12,0,3,0.021394
2,19,3,3,3,0.025968
3,18,6,3,2,0.021168
0,1,3,3,2,0.021099
0,3,3,3,2,0.020436
0,3,3,3,2,0.021157
0,3,3,3,2,0.018846
0,3,1,0,2,0.020220
0,1,0,0,2,0.020249
0,3,1,2,2,0.019201
0,1,1,2,2,0.020141
0,3,1,1,2,0.018829
0,0,2,2,2,0.018649
0,3,1,2,2,0.020229
0,3,1,2,2,0.021130
2,1,3,1,2,0.021563
0,0,2,0,2,0.020779
2,9,3,0,2,0.017482
3,7,9,3,2,0.020261
3,9,7,3,2,0.020141
0,0,1,3,2,0.024354
0,3,1,3,2,0.019660
3,9,7,3,2,0.021839
3,7,9,3,0,0.026259
0,3,1,2,0,0.018804
0,0,1,3,0,0.021577
0,3,1,0,0,0.018211
0,3,1,2,0,0.021868
3,7,4,2,1,0.019431
3,7,4,3,1,0.019550
3,16,7,1,2,0.022402
3,7,4,3,0,0.017590
3,9,7,3,2,0.019881
3,16,7,3,2,0.024282
0,3,0,0,2,0.017206
0,3,1,2,2,0.017265
0,3,1,2,2,0.017517
0,0,3,3,2,0.017953
3,8,3,1,0,0.018691
3,8,3,3,0,0.023237
0,2,3,0,0,0.017657
3,8,3,3,0,0.017217
0,2,3,3,0,0.019740
3,18,2,3,0,0.018977
0,3,1,1,0,0.021730
2,2,3,1,0,0.019354
0,2,3,1,0,0.020656
2,13,2,3,0,0.015796
0,0,2,3,0,0.015596
3,7,9,3,0,0.015932
3,11,6,0,1,0.016228
3,18,6,0,2,0.018494
0,3,3,0,2,0.014945
0,3,3,0,2,0.017029
2,12,3,1,2,0.021227
2,12,3,1,2,0.018615
2,12,2,2,2,0.015008
3,18,12,1,3,0.021314
2,18,1,2,3,0.022294
0,3,3,1,3,0.018802
2,13,0,1,3,0.018636
0,0,3,3,3,0.016374
2,20,3,3,3,0.017538
0,0,3,0,3,0.021156
3,10,0,1,3,0.017305
3,9,11,2,0,0.019374
3,6,18,2,1,0.015787
3,18,6,1,0,0.017353
3,6,18,2,1,0.015205
2,15,3,1,1,0.013931
2,0,3,2,1,0.019033
0,0,3,1,1,0.017796
0,0,3,1,1,0.016359
0,2,2,3,1,0.019662
0,1,3,2,1,0.016712
3,16,7,2,2,0.016292
2,14,0,1,2,0.016588
0,3,1,2,2,0.016563
0,3,1,2,2,0.017312
2,11,1,0,2,0.017104
0,2,0,2,2,0.017326
3,4,18,2,0,0.014968
2,0,2,3,0,0.014496
2,2,1,0,0,0.016995
3,7,9,3,0,0.018653
2,10,3,2,0,0.016262
3,10,0,2,3,0.016590
2,14,3,2,3,0.014405
2,15,2,2,3,0.014316
0,3,3,3,3,0.016233
0,3,2,3,3,0.015918
0,3,3,2,3,0.019878
0,3,3,0,3,0.018877
0,3,3,1,3,0.015243
3,12,12,2,3,0.015560
3,12,12,3,3,0.019421
0,3,3,3,3,0.017106
3,11,8,2,3,0.019488
0,2,1,0,3,0.016162
2,6,2,2,3,0.018625
0,3,2,0,3,0.015742
0,3,2,2,3,0.018327
3,9,7,3,2,0.022740
0,0,2,2,2,0.017897
3,9,7,2,2,0.020179
2,20,2,3,2,0.018858
3,18,2,0,0,0.017181
2,7,2,3,0,0.017561
3,8,7,0,1,0.016969
3,8,7,3,1,0.016905
2,11,1,2,1,0.016332
0,0,1,3,1,0.016574
0,0,1,3,1,0.014576
0,1,2,3,1,0.013844
0,3,1,2,1,0.014771
2,18,2,3,1,0.015175
0,3,1,1,1,0.017176
2,16,3,0,1,0.014066
2,9,3,0,1,0.013952
3,7,9,0,2,0.014525
3,7,9,0,3,0.015469
3,9,4,0,3,0.016094
3,9,7,0,2,0.016086
0,3,1,1,2,0.017300
3,9,7,0,2,0.019106
0,3,0,0,2,0.014610
3,4,9,3,2,0.013946
2,3,1,3,2,0.015553
3,3,3,0,0,0.017988
2,2,0,0,0,0.017382
0,0,2,3,0,0.017370
2,19,0,0,0,0.015192
3,16,7,3,2,0.016084
0,2,1,3,2,0.014141
0,0,1,3,2,0.013050
0,3,2,3,2,0.014138
3,7,9,3,0,0.014847
2,0,0,0,0,0.013375
3,18,6,3,0,0.015290
0,2,3,3,0,0.018045
0,2,3,3,0,0.016640
3,10,0,3,3,0.015246
3,10,0,3,3,0.012622
3,18,6,3,0,0.015612
3,18,12,3,3,0.014297
3,8,7,2,0,0.013741
0,2,1,3,0,0.014890
2,2,0,0,0,0.015678
0,3,2,3,0,0.017930
0,1,0,0,0,0.016422
0,0,1,0,0,0.016668
0,0,1,0,0,0.014900
0,2,3,3,0,0.016394
2,1,3,1,0,0.013286
2,1,1,0,0,0.016263
2,1,3,1,0,0.012993
2,10,1,0,0,0.015907
2,2,3,1,0,0.015258
3,18,2,0,0,0.016184
3,18,2,1,0,0.014378
0,0,3,0,0,0.012766
0,2,3,1,0,0.012059
0,2,3,1,0,0.018030
0,2,3,1,0,0.016794
0,2,3,1,0,0.015647
0,2,3,1,0,0.014583
0,2,3,1,0,0.013593
3,12,12,0,3,0.013547
0,0,3,3,3,0.016585
0,3,3,1,3,0.015475
3,4,9,3,3,0.015083
0,0,3,3,3,0.014159
0,0,3,3,3,0.013805
3,18,14,0,0,0.025516
3,8,4,1,1,0.020807
2,18,1,0,1,0.015810
2,14,1,2,1,0.014873
0,3,3,2,1,0.012610
0,3,3,2,1,0.014817
0,3,3,2,1,0.013788
2,14,0,0,1,0.014955
0,3,3,0,1,0.014578
0,3,1,2,1,0.013242
0,3,1,2,1,0.014544
0,0,0,0,1,0.015816
0,3,3,3,1,0.013214
2,20,1,0,1,0.014750
0,3,3,1,1,0.015606
0,0,1,3,1,0.013033
3,8,7,0,1,0.012757
2,5,3,0,1,0.013304
0,2,2,3,1,0.014330
3,8,3,3,0,0.011513
2,3,3,0,0,0.015422
0,2,2,3,0,0.012140
2,10,0,3,0,0.012426
0,2,0,1,0,0.012841
2,2,3,3,0,0.013270
3,10,2,1,2,0.020849
0,2,0,1,2,0.022376
3,10,0,3,3,0.012394
3,18,6,3,0,0.012156
3,18,14,3,0,0.018099
3,18,14,1,0,0.020671
3,18,14,3,0,0.019226
3,18,14,0,0,0.013982
2,19,2,1,0,0.018583
3,6,18,0,1,0.017135
0,2,0,3,1,0.014027
3,18,6,0,0,0.012789
2,6,0,1,0,0.015378
2,1,2,1,0,0.015324
2,0,1,0,0,0.015942
2,4,2,1,0,0.013745
0,2,3,3,0,0.015413
2,2,2,0,0,0.013391
0,0,2,0,0,0.012853
3,10,2,2,2,0.014380
0,0,2,0,2,0.017984
3,18,2,0,0,0.015801
0,0,2,0,0,0.013185
2,10,3,1,0,0.017005
0,3,2,0,0,0.015875
0,1,3,1,0,0.016025
0,1,3,1,0,0.014841
0,3,0,1,0,0.013285
2,12,3,0,0,0.013393
0,2,1,0,0,0.014095
0,2,1,0,0,0.015379
0,3,1,1,0,0.015549
3,6,11,0,3,0.014324
0,2,1,1,3,0.014979
0,0,3,0,3,0.013945
1,0.400000
1,0.400000
1,0.400000
1,0.400000
1,0.400000
1,0.300000
1,0.300000
1,0.300000
0,0.300000
1,0.200000
1,0.500000
0,0.200000
0,0.200000
1,0.400000
1,0.400000
1,0.400000
1,0.100000
0,0.200000
1,0.200000
1,0.100000
1,0.100000
1,0.100000
1,0.500000
0,0.400000
1,0.200000
1,0.500000
1,0.400000
1,0.300000
1,0.500000
1,0.500000
1,0.500000
1,0.300000
1,0.500000
0,0.200000
1,0.500000
1,0.200000
1,0.500000
0,0.200000
1,0.700000
1,0.100000
0,0.700000
1,0.200000
1,0.300000
0,0.700000
1,0.200000
0,0.600000
0,0.400000
1,0.300000
1,0.300000
1,0.200000
1,0.500000
0,0.600000
0,0.600000
0,0.400000
0,0.600000
1,0.500000
1,0.100000
1,0.300000
0,0.100000
0,0.500000
1,0.500000
1,0.500000
0,0.500000
1,0.500000
0,0.500000
0,0.400000
0,0.100000
0,0.200000
1,0.600000
0,0.500000
1,0.500000
1,0.300000
1,0.300000
0,0.500000
1,0.100000
0,0.500000
1,0.100000
0,0.500000
1,0.500000
0,0.500000
1,0.200000
1,0.100000
1,0.500000
0,0.400000
0,0.100000
0,0.600000
1,0.400000
0,0.400000
0,0.200000
0,0.400000
0,0.200000
0,0.200000
0,0.200000
1,0.300000
1,0.400000
0,0.100000
1,0.300000
0,0.600000
1,0.300000
0,0.500000
0,0.500000
1,0.500000
0,0.300000
1,0.300000
0,0.300000
0,0.300000
1,0.300000
0,0.300000
0,0.100000
0,0.100000
1,0.300000
0,0.100000
0,0.300000
0,0.600000
0,0.400000
0,0.100000
0,0.300000
0,0.100000
0,0.400000
0,0.300000
0,0.400000
0,0.300000
0,0.300000
0,0.300000
0,0.200000
0,0.400000
0,0.100000
0,0.100000
1,0.500000
1,0.500000
0,0.700000
0,0.700000
1,0.500000
1,0.300000
1,0.500000
0,0.600000
1,0.500000
0,0.600000
1,0.500000
0,0.700000
1,0.500000
1,0.300000
1,0.500000
0,0.200000
0,0.200000
0,0.200000
0,0.200000
0,0.600000
1,0.500000
0,0.700000
1,0.500000
0,0.600000
1,0.500000
0,0.200000
0,0.600000
0,0.600000
0,0.600000
0,0.600000
1,0.300000
0,0.300000
1,0.100000
1,0.300000
0,0.600000
0,0.400000
0,0.600000
1,0.500000
0,0.900000
0,0.100000
0,0.400000
0,0.100000
0,0.600000
1,0.400000
1,0.100000
1,0.200000
0,0.800000
1,0.500000
1,0.500000
0,0.700000
1,0.500000
0,0.700000
1,0.900000
0,0.700000
1,0.500000
0,0.700000
0,0.500000
1,0.500000
0,0.400000
1,0.500000
0,0.400000
1,0.600000
0,0.700000
1,0.600000
0,0.900000
1,0.500000
0,0.600000
0,0.100000
0,0.600000
0,0.200000
1,0.500000
1,0.300000
1,0.100000
1,0.100000
1,0.500000
0,0.400000
0,0.400000
0,0.100000
0,0.200000
0,0.500000
1,0.500000
0,0.200000
1,0.300000
1,0.500000
0,0.500000
1,0.900000
0,0.700000
1,0.500000
0,0.900000
1,0.500000
0,0.700000
1,0.500000
0,0.500000
1,0.500000
0,0.500000
0,0.500000
1,0.900000
1,0.500000
0,0.100000
1,0.400000
1,0.100000
1,0.500000
1,0.300000
0,0.100000
1,0.300000
1,0.600000
1,0.500000
0,0.600000
1,0.400000
0,0.600000
1,0.500000
0,0.600000
1,0.400000
0,0.800000
1,0.400000
0,0.800000
1,0.900000
0,0.200000
1,0.900000
0,0.500000
1,0.600000
1,0.400000
0,0.200000
1,0.400000
0,0.200000
1,0.100000
1,0.100000
1,0.100000
1,0.200000
1,0.500000
0,0.600000
1,0.300000
0,0.600000
1,0.900000
1,0.300000
1,0.100000
1,0.300000
0,0.900000
1,0.500000
0,0.200000
1,0.500000
0,0.800000
1,0.500000
0,0.800000
1,0.600000
0,0.800000
1,0.400000
1,0.300000
1,0.300000
1,0.100000
1,0.200000
0,0.600000
1,0.700000
0,0.900000
1,0.900000
0,0.500000
1,0.300000
1,0.200000
1,0.200000
0,0.900000
1,0.200000
1,0.200000
1,0.200000
1,0.700000
1,0.200000
1,0.400000
0,0.900000
1,0.700000
0,0.900000
0,0.500000
1,0.100000
1,0.100000
0,0.900000
1,0.400000
1,0.300000
0,0.100000
0,0.900000
1,0.900000
1,0.100000
0,0.200000
1,0.100000
0,0.800000
1,0.500000
0,0.500000
1,0.900000
0,0.500000
1,0.100000
1,0.100000
1,0.500000
1,0.300000
1,0.900000
1,0.300000
0,0.700000
1,0.900000
1,0.300000
0,0.100000
1,0.900000
0,0.400000
1,0.900000
0,0.600000
1,0.500000
0,0.900000
1,0.900000
0,0.600000
1,0.700000
0,0.100000
1,0.400000
0,0.100000
1,0.400000
0,0.100000
1,0.400000
0,0.600000
1,0.500000
0,0.100000
1,0.700000
0,0.600000
1,0.700000
0,0.900000
1,0.900000
1,0.200000
1,0.200000
0,0.400000
1,0.800000
0,0.900000
1,0.200000
1,0.200000
1,0.200000
0,0.600000
1,0.500000
0,0.900000
1,0.200000
1,0.300000
1,0.300000
0,0.600000
1,0.500000
1,0.500000
0,0.600000
1,0.800000
0,0.800000
1,0.500000
0,0.800000
1,0.300000
0,0.600000
1,0.700000
0,0.900000
1,0.400000
0,0.900000
0,0.200000
0,0.900000
1,0.700000
0,0.900000
1,0.400000
1,0.300000
1,0.700000
0,0.900000
1,0.200000
0,0.200000
0,0.300000
0,0.300000
0,0.300000
0,0.300000
0,0.300000
0,0.500000
1,0.400000
0,0.500000
1,0.300000
0,0.900000
0,0.300000
1,0.400000
0,0.900000
1,0.400000
0,0.900000
1,0.400000
0,0.900000
1,0.300000
0,0.900000
1,0.400000
0,0.800000
0,0.800000
1,0.500000
0,0.900000
0,0.400000
0,0.400000
0,0.900000
1,0.500000
0,0.900000
1,0.400000
0,0.700000
1,0.400000
0,0.400000
1,0.800000
0,0.800000
1,0.900000
0,0.300000
1,0.900000
0,0.300000
1,0.900000
0,0.300000
1,0.900000
0,0.200000
0,0.200000
1,0.100000
0,0.200000
1,0.100000
0,0.200000
1,0.100000
1,0.900000
0,0.900000
1,0.900000
1,0.200000
1,0.600000
0,0.900000
1,0.900000
1,0.500000
0,0.300000
1,0.600000
1,0.200000
0,0.100000
1,0.200000
0,0.600000
1,0.400000
1,0.300000
0,0.100000
0,0.600000
1,0.600000
0,0.300000
1,0.600000
1,0.200000
1,0.900000
1,0.900000
0,0.400000
1,0.300000
1,0.900000
1,0.300000
0,0.700000
1,0.300000
1,0.500000
1,0.500000
0,0.700000
1,0.500000
1,0.500000
0,0.700000
1,0.500000
0,0.700000
1,0.100000
1,0.500000
0,0.400000
0,0.700000
1,0.100000
0,0.500000
1,0.500000
0,0.400000
1,0.500000
1,0.100000
1,0.100000
1,0.100000
1,0.500000
0,0.500000
1,0.900000
1,0.900000
0,0.400000
1,0.500000
0,0.400000
1,0.300000
0,0.500000
1,0.900000
0,0.400000
1,0.900000
0,0.500000
1,0.900000
0,0.700000
1,0.900000
1,0.948873
1,1.154102
0,0.853484
1,0.992008
0,0.940083
0,1.014824
0,1.140250
0,1.140250
0,0.771822
0,0.955152
0,0.771822
0,0.771822
1,1.831106
1,1.781106
0,0.994382
0,0.994382
0,0.994382
0,0.994382
0,0.994382
0,0.994382
0,0.955152
0,0.955152
0,0.955152
1,0.697050
0,1.558772
0,1.558772
1,0.697050
0,1.055191
1,0.747050
0,0.903749
0,1.074094
0,1.074094
0,0.778430
0,1.116640
0,0.773008
0,1.116640
0,1.068306
1,1.173019
1,1.173019
0,1.066640
0,1.116640
0,1.074094
1,1.173019
1,0.940083
1,1.175329
1,1.026371
0,1.101069
1,0.940083
0,1.013035
0,1.004469
0,1.004469
0,1.004469
1,0.732650
1,1.454891
0,0.867957
0,0.867957
0,1.020237
0,0.827162
0,1.233570
1,0.861446
0,1.020237
0,0.827162
1,0.970957
1,1.310365
0,1.383570
1,1.310365
1,0.970957
0,1.205191
1,1.359757
0,1.383570
1,1.140561
0,1.205191
0,1.258643
0,1.383570
1,1.310365
0,1.383570
1,1.175329
0,1.383570
1,1.214524
0,1.077217
1,1.359757
1,1.209757
0,1.115700
1,1.159757
1,1.359757
0,1.077217
1,1.359757
1,1.159757
0,1.027217
0,1.027217
0,1.115700
1,1.129242
0,1.105683
0,1.027217
1,0.940297
0,1.210843
1,0.940297
0,1.160843
1,1.465112
0,1.201306
1,0.877217
1,1.048421
1,0.877217
0,0.927217
0,0.977162
1,0.940083
0,0.895717
1,1.170736
1,1.400706
0,1.210843
1,1.566548
1,0.870832
1,1.170736
0,1.193855
1,1.170736
1,1.516548
1,1.170736
0,1.090824
0,1.160843
1,0.882650
1,0.632650
1,1.140561
1,1.140561
0,1.250309
0,0.980690
1,0.632650
1,0.882650
0,1.115112
1,1.071382
0,1.005914
0,1.271382
1,1.216548
1,0.882650
0,0.957013
0,1.115112
1,0.890988
1,1.365112
1,1.293855
0,1.009757
1,0.647050
0,1.009757
1,0.647050
1,1.409757
1,0.647050
0,0.765043
1,1.293855
0,1.193855
1,0.632650
1,0.882650
1,0.632650
1,0.882650
0,1.295340
0,0.904547
0,1.195340
1,1.025329
0,1.195340
1,1.012578
0,1.195340
1,1.293855
1,1.293855
1,1.293855
0,1.208643
0,1.080291
0,1.080291
1,1.636084
1,1.198421
0,1.443855
0,0.845717
0,1.443855
0,0.840297
1,1.686084
1,1.048421
1,0.985816
1,0.985816
1,1.636084
0,1.270972
1,1.140083
1,0.980291
1,1.048421
0,1.154547
1,1.048421
0,1.154547
1,1.129310
1,1.090561
0,1.350309
0,1.005914
1,1.120736
0,1.212376
1,0.980291
1,1.048421
1,0.685816
1,0.882650
1,1.209757
1,0.882650
1,0.685816
0,1.009757
1,1.209757
1,0.985808
1,1.359757
1,0.685816
1,0.985816
1,1.636084
1,0.985816
1,0.980291
1,0.720832
1,0.882650
1,0.882650
0,1.020237
0,0.848421
0,1.208643
0,1.308643
0,1.009757
1,0.720832
1,1.280291
1,0.720832
1,1.280291
1,1.209757
1,1.048421
1,0.890988
1,1.198421
1,0.890988
0,1.308643
1,1.209757
1,1.235808
1,1.235808
0,0.840297
0,0.840297
0,0.840297
1,1.300925
1,1.198421
1,1.261514
1,1.261514
1,0.720832
0,0.924492
1,1.048421
1,1.120736
1,1.229527
1,0.720832
1,0.882650
1,1.120736
1,0.882650
0,1.045717
1,0.882650
1,0.882650
1,1.198421
0,1.160843
1,1.048421
0,1.160843
0,0.873245
1,0.882650
0,1.160843
0,0.765043
1,1.198421
0,0.765043
1,0.758868
0,0.765043
1,1.120736
0,0.990988
1,1.120736
0,1.212376
1,0.632650
0,1.161514
1,0.632650
1,1.236186
1,1.236186
1,0.632650
1,1.136186
0,1.443855
1,1.340561
1,0.632650
1,1.236186
0,1.295340
1,1.136186
0,1.295340
1,1.136186
1,0.670832
1,1.136186
1,0.940297
1,1.236186
1,1.261514
1,0.940297
1,1.261514
1,0.940297
0,1.443855
1,0.940297
0,1.045717
0,0.898044
1,1.015059
0,1.161514
1,1.098044
1,0.980291
0,1.161514
0,1.443855
0,0.873245
0,1.443855
0,0.873245
1,1.073245
0,0.990988
0,1.464543
0,0.848044
1,0.890988
1,1.293855
0,1.161514
0,1.161514
0,1.443855
0,1.161514
1,1.261514
0,1.161514
0,1.161514
1,0.670832
1,1.048421
1,0.670832
1,1.198421
1,0.670832
1,1.293855
0,0.924492
0,1.080291
0,0.974492
1,0.882650
0,0.765043
1,1.293855
1,1.198421
0,0.765043
0,0.765043
0,0.780862
1,0.615043
1,1.048421
1,0.670832
1,0.940297
1,0.670832
1,0.940297
1,0.670832
1,0.940297
0,0.765043
1,0.758868
0,0.765043
1,0.758868
1,0.929527
1,1.090988
1,0.929527
1,1.140988
1,0.929527
1,1.090988
1,0.980291
1,1.136186
1,0.980291
1,1.236186
1,0.929527
1,1.136186
1,0.980291
0,0.780862
1,0.980291
0,1.308643
1,0.870832
0,1.179242
0,0.920832
0,0.845717
1,1.261514
1,1.048421
0,1.030690
1,1.261514
0,1.443855
1,1.293855
1,1.048421
1,1.120736
0,0.845717
1,0.748421
1,1.198421
1,0.670832
1,1.148044
0,1.095717
0,0.848044
1,0.748421
1,1.048421
1,0.929527
0,1.179242
1,1.129242
0,0.845717
1,0.748421
0,1.308643
0,1.095717
1,1.440561
1,0.748421
0,0.848044
0,0.840297
0,0.840297
0,1.045717
1,1.015059
0,1.030690
0,0.898044
1,0.670832
1,1.148044
1,0.840988
1,1.175329
1,0.840988
1,1.636084
1,1.070341
1,0.840988
1,1.440561
1,0.840988
0,0.848044
0,0.870341
0,1.120972
0,1.230291
0,1.120972
0,0.658868
1,0.632650
0,1.120972
0,0.920832
1,0.870832
1,0.758868
0,0.980862
0,1.120972
1,0.740297
1,1.220341
1,0.748421
1,1.220341
1,0.748421
1,1.220341
1,0.748421
1,1.440561
1,0.748421
1,1.440561
1,0.748421
1,1.220341
1,0.748421
0,0.848421
0,0.870341
0,0.870341
0,1.443855
0,0.870341
0,1.443855
0,1.143855
0,1.143855
0,1.143855
0,1.443855
1,1.440561
1,0.929527
1,1.440561
0,1.420367
0,1.283570
1,1.340561
1,0.758868
1,1.220341
0,0.870341
0,1.443855
0,0.870341
0,1.443855
1,1.220341
0,0.840297
0,0.870341
0,1.443855
1,1.220341
0,1.443855
1,1.070341
1,0.740297
0,1.179242
1,1.220341
1,1.261514
1,1.261514
1,1.220341
0,0.870341
0,0.840297
1,1.030291
0,0.870341
0,0.777162
0,1.277162
1,0.870832
1,0.758868
1,1.133570
0,1.033570
0,1.333570
1,1.133570
1,1.070341
0,0.765043
1,0.740297
0,0.658868
1,0.758868
1,1.220341
1,0.720341
1,1.070341
0,1.714543
0,0.840297
0,0.827162
0,0.777162
1,0.748421
1,0.948421
0,0.840297
1,0.670832
1,1.220341
0,1.714543
1,1.220341
1,1.129242
1,1.220341
1,1.129242
1,1.070341
1,0.707013
1,1.220341
1,0.740297
1,1.533570
1,2
0,1
1,2
0,0
1,1
0,0
1,0
1,0
0,0
0,0
0,0
0,3
0,2
0,0
0,2
1,0
0,1
1,0
0,1
1,0
1,2
1,2
1,2
0,0
0,1
1,2
0,1
0,0
0,1
0,0
0,0
0,0
0,0
0,0
0,0
0,1
0,0
0,0
0,0
0,0
0,1
0,0
0,0
0,1
1,4
0,1
1,2
0,1
0,1
0,0
0,1
0,1
0,1
1,4
0,1
1,4
0,1
1,4
0,1
0,1
0,1
1,4
0,1
1,4
0,1
1,2
0,4
0,4
1,2
0,4
1,2
0,4
1,2
0,4
1,4
0,1
1,2
0,1
1,2
0,1
1,2
1,2
1,2
0,1
1,2
0,1
1,4
1,0
1,2
1,2
1,4
1,2
1,1
1,1
0,1
0,4
1,1
0,1
1,2
0,1
0,1
1,2
0,1
0,1
0,1
1,2
1,2
1,0
1,2
1,0
1,1
0,1
0,1
1,2
0,3
1,2
0,1
1,2
0,1
1,4
0,1
0,3
0,2
0,4
0,1
0,3
0,1
0,4
1,2
1,2
0,4
0,4
1,4
0,4
1,4
0,2
1,4
0,4
1,4
0,3
1,2
0,1
1,2
0,1
1,1
1,1
1,2
0,1
1,2
0,1
1,4
0,1
1,1
1,2
1,1
1,1
0,1
1,2
1,2
1,2
1,2
1,2
1,2
0,3
0,3
1,4
0,3
1,4
0,3
0,3
0,3
1,4
0,3
1,4
0,1
0,1
1,4
0,1
1,4
0,1
1,4
0,2
1,4
0,2
0,3
1,0
0,2
1,1
0,3
1,2
0,2
1,2
0,3
1,2
0,2
0,0
0,2
0,3
0,0
0,3
1,2
1,0
0,1
1,0
0,1
0,1
0,1
1,0
1,0
0,1
0,1
0,1
0,2
0,1
0,2
0,1
0,1
0,1
0,1
1,4
0,1
0,1
0,1
0,1
0,1
0,1
1,0
0,1
0,1
0,1
0,2
0,1
0,1
0,1
1,4
0,1
0,1
0,1
1,4
0,1
0,1
1,1
1,1
0,1
1,4
0,1
1,2
1,0
1,2
1,1
0,2
1,0
0,1
1,0
0,1
1,0
1,1
1,1
1,0
0,1
0,2
1,2
0,2
1,4
0,1
1,0
0,1
0,1
1,2
1,0
1,4
1,0
1,4
1,0
1,4
0,1
1,4
1,4
0,1
1,0
1,4
0,1
1,4
1,0
0,1
1,0
1,1
0,1
1,4
0,1
0,1
1,4
1,0
1,4
0,1
1,4
1,0
1,0
1,0
0,1
0,1
1,0
1,1
1,1
1,0
1,4
1,0
0,1
0,1
0,1
1,4
0,1
1,4
0,1
1,1
0,1
0,1
0,2
0,1
0,2
0,2
0,1
1,2
0,3
1,4
0,1
1,4
0,2
0,1
0,1
1,2
1,0
0,1
0,4
0,1
0,4
0,1
1,0
1,2
1,0
1,4
1,0
1,2
1,0
1,2
0,2
1,2
0,2
1,0
0,4
1,4
0,2
1,0
0,1
0,1
0,4
1,4
0,2
1,4
1,2
1,2
0,2
1,4
1,4
0,2
1,2
0,2
1,4
0,1
1,4
0,1
1,4
0,1
1,4
0,1
1,1
0,2
1,2
0,2
1,1
1,1
0,2
0,2
1,4
1,1
0,2
1,2
0,1
1,4
0,1
0,2
1,4
1,0
1,4
1,0
1,2
1,4
0,2
1,2
0,2
1,4
1,0
1,4
1,0
0,1
1,1
0,2
1,4
1,0
1,0
1,0
1,0
1,4
1,0
1,4
0,2
1,4
0,2
1,4
0,2
1,4
0,2
1,4
0,2
1,4
0,1
1,4
1,0
1,0
1,0
1,0
1,0
1,4
1,4
1,4
0,3
1,4
0,1
1,0
0,3
1,2
1,2
0,1
0,1
1,0
1,0
1,0
1,0
1,0
1,0
1,0
0,1
1,4
0,1
1,4
1,0
1,0
1,4
1,0
1,0
1,1
1,0
1,0
1,2
1,0
1,4
0,2
1,4
1,2
1,2
1,4
0,2
0,1
1,2
0,2
1,0
1,2
0,2
1,4
1,0
1,2
0,2
1,0
1,2
0,0
0,2
0,0
0,1
0,2
0,0
0,2
0,0
0,0
0,0
0,2
1,4
0,2
1,4
0,2
1,4
8.172828,960.000000
2.080770,960.000000
2.302355,960.000000
3.416349,960.000000
2.026133,960.000000
5.925111,960.000000
2.024615,960.000000
1.702862,960.000000
2.464749,960.000000
6.494249,960.000000
1.291565,960.000000
1.205056,960.000000
5.480424,960.000000
3.044511,960.000000
4.947710,960.000000
6.863051,960.000000
3.932367,960.000000
4.540966,960.000000
1.622424,960.000000
0.953117,960.000000
0.974365,960.000000
2.314496,960.000000
2.267448,960.000000
0.813489,960.000000
0.981954,960.000000
1.121582,960.000000
3.062724,960.000000
1.297636,960.000000
0.822595,960.000000
0.909104,960.000000
3.642486,960.000000
0.481112,960.000000
0.549408,960.000000
3.267614,960.000000
1.616353,960.000000
2.498138,960.000000
3.847376,960.000000
1.719557,960.000000
1.763570,960.000000
1.098817,960.000000
0.614670,960.000000
0.772511,960.000000
1.935071,960.000000
1.053286,960.000000
1.186843,960.000000
1.516185,960.000000
1.091228,960.000000
2.449572,960.000000
1.107923,960.000000
1.188361,960.000000
1.200503,960.000000
2.979250,960.000000
0.607081,960.000000
0.648059,960.000000
2.618037,960.000000
1.432711,960.000000
2.115677,960.000000
2.772843,960.000000
1.540468,960.000000
1.576893,960.000000
0.596457,960.000000
0.707249,960.000000
0.450758,960.000000
3.935403,960.000000
0.901515,960.000000
2.566435,960.000000
4.071996,960.000000
1.132206,960.000000
3.748725,960.000000
1.268799,960.000000
1.321919,960.000000
2.575541,960.000000
3.810951,960.000000
0.886338,960.000000
1.400839,960.000000
3.005051,960.000000
1.973013,960.000000
3.294932,960.000000
3.090042,960.000000
2.493585,960.000000
2.325120,960.000000
0.607081,960.000000
0.560032,960.000000
0.553961,960.000000
1.314330,960.000000
1.112476,960.000000
0.757334,960.000000
0.978918,960.000000
1.183808,960.000000
1.713486,960.000000
0.918210,960.000000
0.988024,960.000000
0.893927,960.000000
3.281273,960.000000
0.387014,960.000000
0.667789,960.000000
2.449572,960.000000
1.312813,960.000000
1.781783,960.000000
2.622590,960.000000
1.337096,960.000000
1.250587,960.000000
0.772511,960.000000
0.711803,960.000000
0.517537,960.000000
5.667101,960.000000
3.114326,960.000000
2.586165,960.000000
3.346534,960.000000
2.174868,960.000000
6.447201,960.000000
2.780431,960.000000
1.995779,960.000000
2.798644,960.000000
6.228651,960.000000
1.022932,960.000000
1.614836,960.000000
5.682278,960.000000
3.209941,960.000000
6.131518,960.000000
6.762883,960.000000
4.181271,960.000000
3.540800,960.000000
1.678579,960.000000
1.287012,960.000000
1.296118,960.000000
1.408428,960.000000
1.308260,960.000000
0.761887,960.000000
0.945529,960.000000
0.951600,960.000000
2.270483,960.000000
1.891057,960.000000
0.760369,960.000000
0.723944,960.000000
3.537765,960.000000
0.294434,960.000000
0.509948,960.000000
3.090042,960.000000
1.839456,960.000000
2.809267,960.000000
2.681780,960.000000
1.396286,960.000000
1.426640,960.000000
0.657165,960.000000
0.560032,960.000000
0.645024,960.000000
1.321919,960.000000
1.109441,960.000000
0.774028,960.000000
0.944011,960.000000
1.112476,960.000000
1.411463,960.000000
0.787688,960.000000
1.036591,960.000000
1.344684,960.000000
3.082454,960.000000
0.549408,960.000000
0.825630,960.000000
2.247718,960.000000
1.341649,960.000000
1.786336,960.000000
2.601342,960.000000
1.590552,960.000000
1.271835,960.000000
0.587351,960.000000
0.684484,960.000000
0.520572,960.000000
3.000498,960.000000
1.051768,960.000000
1.639119,960.000000
2.587683,960.000000
0.893927,960.000000
2.411629,960.000000
0.945529,960.000000
1.490384,960.000000
2.977732,960.000000
2.891223,960.000000
0.833219,960.000000
1.364415,960.000000
2.467784,960.000000
1.698309,960.000000
2.944343,960.000000
2.938272,960.000000
2.323603,960.000000
2.149067,960.000000
0.582798,960.000000
0.849913,960.000000
0.525125,960.000000
5.758164,960.000000
3.833717,960.000000
2.470820,960.000000
4.031018,960.000000
2.699993,960.000000
6.158837,960.000000
3.223600,960.000000
2.290213,960.000000
3.481610,960.000000
11.273495,960.000000
1.362897,960.000000
1.837938,960.000000
8.549219,960.000000
5.457658,960.000000
6.960184,960.000000
8.028647,960.000000
4.282957,960.000000
4.214660,960.000000
3.005051,960.000000
1.705898,960.000000
2.089876,960.000000
1.458512,960.000000
0.508430,960.000000
0.661718,960.000000
1.098817,960.000000
0.464417,960.000000
1.110958,960.000000
0.207925,960.000000
0.443169,960.000000
0.854467,960.000000
1.402357,960.000000
0.496289,960.000000
0.490218,960.000000
1.186843,960.000000
0.566103,960.000000
1.060874,960.000000
1.453959,960.000000
1.188361,960.000000
0.919728,960.000000
0.403709,960.000000
0.283810,960.000000
0.267116,960.000000
1.158007,960.000000
0.617705,960.000000
0.684484,960.000000
0.924281,960.000000
0.854467,960.000000
1.320401,960.000000
0.730015,960.000000
0.994095,960.000000
1.256658,960.000000
2.155138,960.000000
0.432545,960.000000
0.552444,960.000000
1.564751,960.000000
0.884821,960.000000
1.478242,960.000000
1.924447,960.000000
1.241481,960.000000
1.191397,960.000000
0.487183,960.000000
0.490218,960.000000
0.347554,960.000000
6.876710,960.000000
2.888188,960.000000
2.253788,960.000000
3.898978,960.000000
1.830349,960.000000
7.676540,960.000000
2.435913,960.000000
1.441817,960.000000
2.674192,960.000000
6.539780,960.000000
1.029002,960.000000
1.416017,960.000000
6.510944,960.000000
3.757832,960.000000
6.515497,960.000000
8.178899,960.000000
4.100832,960.000000
4.137257,960.000000
2.102018,960.000000
0.852949,960.000000
1.362897,960.000000
3.313145,960.000000
1.294600,960.000000
1.754464,960.000000
3.109773,960.000000
0.855984,960.000000
3.413313,960.000000
1.464583,960.000000
1.405393,960.000000
2.158173,960.000000
3.607579,960.000000
0.798312,960.000000
1.223268,960.000000
3.478574,960.000000
2.429842,960.000000
3.810951,960.000000
3.200835,960.000000
2.402523,960.000000
2.481444,960.000000
0.937940,960.000000
0.657165,960.000000
0.737603,960.000000
5.783965,960.000000
2.619555,960.000000
2.410112,960.000000
3.689535,960.000000
1.640636,960.000000
6.020726,960.000000
2.197633,960.000000
2.138443,960.000000
3.791221,960.000000
6.530674,960.000000
1.334061,960.000000
1.933553,960.000000
5.657995,960.000000
3.024781,960.000000
7.926961,960.000000
6.882781,960.000000
4.421068,960.000000
3.466433,960.000000
1.859186,960.000000
1.206574,960.000000
1.233892,960.000000
6.296948,960.000000
3.821575,960.000000
2.153620,960.000000
3.381441,960.000000
2.332709,960.000000
6.884299,960.000000
2.765254,960.000000
2.312979,960.000000
2.860869,960.000000
9.432522,960.000000
1.496455,960.000000
1.604212,960.000000
7.638597,960.000000
3.792739,960.000000
6.879746,960.000000
11.029145,960.000000
5.280087,960.000000
4.492400,960.000000
2.815338,960.000000
1.510114,960.000000
1.828832,960.000000
4.248050,960.000000
1.915341,960.000000
1.595105,960.000000
2.382793,960.000000
1.551092,960.000000
3.818540,960.000000
1.291565,960.000000
1.561716,960.000000
1.894093,960.000000
4.721573,960.000000
1.009272,960.000000
1.004719,960.000000
4.184306,960.000000
2.161208,960.000000
3.932367,960.000000
6.181603,960.000000
3.389030,960.000000
3.035405,960.000000
1.481278,960.000000
0.913657,960.000000
0.881785,960.000000
3.590884,960.000000
2.080770,960.000000
1.482795,960.000000
1.860703,960.000000
1.674026,960.000000
3.334393,960.000000
1.461548,960.000000
1.324954,960.000000
1.689203,960.000000
5.486495,960.000000
0.816524,960.000000
1.088193,960.000000
4.674524,960.000000
2.445019,960.000000
3.068795,960.000000
4.416515,960.000000
2.848728,960.000000
2.891223,960.000000
1.113994,960.000000
1.103370,960.000000
0.903033,960.000000
1.731699,960.000000
0.884821,960.000000
0.734568,960.000000
0.883303,960.000000
0.470488,960.000000
1.654296,960.000000
0.582798,960.000000
0.717873,960.000000
0.977400,960.000000
2.618037,960.000000
0.635917,960.000000
0.549408,960.000000
1.980602,960.000000
0.984989,960.000000
2.451090,960.000000
2.165762,960.000000
1.519220,960.000000
1.136759,960.000000
0.723944,960.000000
0.329341,960.000000
0.400673,960.000000
0.789205,960.000000
0.505395,960.000000
0.628329,960.000000
0.692072,960.000000
0.676895,960.000000
1.135242,960.000000
0.572174,960.000000
0.637435,960.000000
0.670825,960.000000
1.759017,960.000000
0.224620,960.000000
0.423439,960.000000
1.159525,960.000000
0.840807,960.000000
1.341649,960.000000
1.525291,960.000000
0.851431,960.000000
0.925799,960.000000
0.473523,960.000000
0.494771,960.000000
0.238279,960.000000
1.362897,960.000000
0.519054,960.000000
0.520572,960.000000
0.784652,960.000000
0.312647,960.000000
1.429676,960.000000
0.532714,960.000000
0.487183,960.000000
0.676895,960.000000
1.262729,960.000000
0.292917,960.000000
0.426474,960.000000
1.470654,960.000000
0.670825,960.000000
1.783301,960.000000
1.551092,960.000000
1.115511,960.000000
0.731533,960.000000
0.411297,960.000000
0.165430,960.000000
0.658683,960.000000
7.096030,960.000000
2.501981,960.000000
2.183160,960.000000
3.280813,960.000000
1.688230,960.000000
5.797976,960.000000
1.975168,960.000000
1.891667,960.000000
2.562708,960.000000
6.628427,960.000000
1.153826,960.000000
1.187226,960.000000
6.086433,960.000000
2.987802,960.000000
5.691703,960.000000
6.645127,960.000000
3.885054,960.000000
4.191729,960.000000
1.659384,960.000000
1.222145,960.000000
1.165972,960.000000
2.439735,960.000000
1.595620,960.000000
0.926097,960.000000
1.457465,960.000000
0.936725,960.000000
3.039421,960.000000
1.285909,960.000000
0.789460,960.000000
1.140162,960.000000
3.358241,960.000000
0.520740,960.000000
0.692296,960.000000
3.320286,960.000000
1.569811,960.000000
2.643173,960.000000
3.772708,960.000000
1.846122,960.000000
1.709484,960.000000
1.055144,960.000000
0.578431,960.000000
0.777314,960.000000
2.152797,960.000000
0.936725,960.000000
1.419510,960.000000
1.909886,960.000000
1.111317,960.000000
2.450362,960.000000
0.986825,960.000000
1.047553,960.000000
1.410401,960.000000
2.817765,960.000000
0.541995,960.000000
0.877515,960.000000
2.105733,960.000000
1.366373,960.000000
2.090551,960.000000
2.444289,960.000000
1.618393,960.000000
1.774767,960.000000
0.627013,960.000000
0.639159,960.000000
0.450903,960.000000
3.241340,960.000000
1.436210,960.000000
1.768694,960.000000
3.092558,960.000000
1.518192,960.000000
3.414414,960.000000
1.343600,960.000000
1.654830,960.000000
2.160388,960.000000
4.495367,960.000000
0.757578,960.000000
1.169008,960.000000
3.157840,960.000000
2.392671,960.000000
3.297513,960.000000
3.544979,960.000000
2.325870,960.000000
2.315243,960.000000
0.967088,960.000000
0.848669,960.000000
0.640677,960.000000
1.670011,960.000000
0.898770,960.000000
0.973161,960.000000
1.507565,960.000000
1.219108,960.000000
1.873449,960.000000
0.753023,960.000000
1.032371,960.000000
1.311718,960.000000
2.588518,960.000000
0.487340,960.000000
0.745432,960.000000
1.768694,960.000000
1.111317,960.000000
1.949359,960.000000
2.571818,960.000000
1.471128,960.000000
1.575884,960.000000
0.504040,960.000000
0.555658,960.000000
0.382584,960.000000
5.032807,960.000000
3.118367,960.000000
2.501981,960.000000
3.420487,960.000000
1.706448,960.000000
7.704825,960.000000
2.511090,960.000000
2.000977,960.000000
2.582445,960.000000
6.540372,960.000000
0.982270,960.000000
1.469610,960.000000
5.709921,960.000000
3.731716,960.000000
6.221552,960.000000
6.434099,960.000000
3.387087,960.000000
4.021691,960.000000
1.994905,960.000000
1.124980,960.000000
1.363337,960.000000
2.017677,960.000000
1.340564,960.000000
1.144717,960.000000
1.422546,960.000000
0.748469,960.000000
2.611291,960.000000
1.402810,960.000000
0.742396,960.000000
1.039962,960.000000
3.040939,960.000000
0.382584,960.000000
0.645232,960.000000
2.535381,960.000000
1.732257,960.000000
2.520199,960.000000
2.559672,960.000000
1.326900,960.000000
1.486310,960.000000
0.587540,960.000000
0.534404,960.000000
0.646750,960.000000
1.796021,960.000000
0.888142,960.000000
1.123462,960.000000
1.490865,960.000000
0.853224,960.000000
1.876486,960.000000
0.743914,960.000000
1.017189,960.000000
1.440764,960.000000
2.348643,960.000000
0.535922,960.000000
0.860815,960.000000
1.815758,960.000000
1.111317,960.000000
1.879522,960.000000
2.464026,960.000000
1.548556,960.000000
1.571329,960.000000
0.532885,960.000000
0.614868,960.000000
0.423576,960.000000
2.524754,960.000000
1.083989,960.000000
1.305645,960.000000
1.894704,960.000000
1.295018,960.000000
2.281843,960.000000
0.985307,960.000000
1.390664,960.000000
2.814728,960.000000
3.604188,960.000000
0.780351,960.000000
1.117389,960.000000
2.728191,960.000000
1.972132,960.000000
2.807137,960.000000
3.390123,960.000000
2.262106,960.000000
2.198342,960.000000
0.721141,960.000000
0.803124,960.000000
0.575395,960.000000
6.915366,960.000000
3.214013,960.000000
2.927075,960.000000
4.246384,960.000000
2.810174,960.000000
6.584400,960.000000
2.928593,960.000000
2.682646,960.000000
3.596597,960.000000
10.340407,960.000000
1.525783,960.000000
2.139133,960.000000
7.792881,960.000000
4.413385,960.000000
7.115767,960.000000
8.778187,960.000000
4.785342,960.000000
4.650223,960.000000
2.171015,960.000000
1.504528,960.000000
1.575884,960.000000
1.093098,960.000000
0.631568,960.000000
0.589059,960.000000
0.765169,960.000000
0.528331,960.000000
0.973161,960.000000
0.382584,960.000000
0.523776,960.000000
0.783387,960.000000
1.554629,960.000000
0.499485,960.000000
0.399285,960.000000
1.240363,960.000000
0.595131,960.000000
1.250990,960.000000
1.785394,960.000000
1.105244,960.000000
0.816787,960.000000
0.415985,960.000000
0.300602,960.000000
0.294529,960.000000
1.345118,960.000000
0.614868,960.000000
0.889661,960.000000
1.141681,960.000000
0.815269,960.000000
1.443801,960.000000
0.627013,960.000000
0.748469,960.000000
1.114353,960.000000
2.045005,960.000000
0.374993,960.000000
0.743914,960.000000
1.213036,960.000000
0.965570,960.000000
1.584993,960.000000
1.928104,960.000000
1.219108,960.000000
1.141681,960.000000
0.422057,960.000000
0.519222,960.000000
0.390175,960.000000
6.100096,960.000000
3.198831,960.000000
2.207451,960.000000
3.321805,960.000000
1.882558,960.000000
5.866295,960.000000
2.772219,960.000000
1.723148,960.000000
2.555117,960.000000
7.293395,960.000000
1.173563,960.000000
1.472646,960.000000
8.834360,960.000000
3.359759,960.000000
5.913359,960.000000
8.433558,960.000000
4.475631,960.000000
3.614816,960.000000
1.809685,960.000000
1.062735,960.000000
1.414955,960.000000
3.144176,960.000000
1.463537,960.000000
1.340564,960.000000
2.067778,960.000000
1.129535,960.000000
3.245895,960.000000
1.773249,960.000000
1.247954,960.000000
1.662420,960.000000
4.823297,960.000000
0.651304,960.000000
0.926097,960.000000
3.933636,960.000000
2.632545,960.000000
3.815217,960.000000
3.581415,960.000000
2.046523,960.000000
2.307652,960.000000
1.255545,960.000000
0.734805,960.000000
0.751505,960.000000
5.700812,960.000000
2.744892,960.000000
2.008568,960.000000
3.230713,960.000000
1.862822,960.000000
5.459419,960.000000
2.778292,960.000000
1.805131,960.000000
2.869383,960.000000
7.592479,960.000000
1.191781,960.000000
1.557665,960.000000
6.101615,960.000000
3.721089,960.000000
7.308577,960.000000
7.193195,960.000000
4.269157,960.000000
3.279295,960.000000
2.146724,960.000000
1.322345,960.000000
1.641166,960.000000
6.690673,960.000000
3.860763,960.000000
2.541454,960.000000
3.622407,960.000000
2.453399,960.000000
7.024675,960.000000
2.571818,960.000000
2.369898,960.000000
3.286886,960.000000
8.599041,960.000000
1.677602,960.000000
1.878004,960.000000
7.650171,960.000000
3.754489,960.000000
6.980648,960.000000
9.678475,960.000000
5.574802,960.000000
4.501440,960.000000
2.599145,960.000000
1.483274,960.000000
1.811203,960.000000
4.241829,960.000000
1.829422,960.000000
1.506047,960.000000
2.470099,960.000000
1.527301,960.000000
3.578379,960.000000
1.296536,960.000000
1.584993,960.000000
2.353198,960.000000
4.633523,960.000000
1.182672,960.000000
1.199372,960.000000
4.159847,960.000000
2.265143,960.000000
4.134037,960.000000
5.444237,960.000000
3.848617,960.000000
2.611291,960.000000
1.487828,960.000000
0.892697,960.000000
0.903324,960.000000
4.079382,960.000000
1.718594,960.000000
1.704930,960.000000
2.653800,960.000000
1.451392,960.000000
3.927563,960.000000
1.539447,960.000000
1.565256,960.000000
2.069296,960.000000
4.792933,960.000000
0.857779,960.000000
1.173563,960.000000
3.584452,960.000000
1.973650,960.000000
3.406823,960.000000
4.469558,960.000000
2.670500,960.000000
2.878492,960.000000
1.220627,960.000000
0.927615,960.000000
0.692296,960.000000
1.571329,960.000000
0.903324,960.000000
0.504040,960.000000
0.839560,960.000000
0.610313,960.000000
1.542483,960.000000
0.684705,960.000000
0.490376,960.000000
0.844115,960.000000
2.550563,960.000000
0.444830,960.000000
0.469121,960.000000
2.325870,960.000000
1.223663,960.000000
2.057150,960.000000
2.685682,960.000000
1.524265,960.000000
0.980752,960.000000
1.076398,960.000000
0.293011,960.000000
0.504040,960.000000
1.135608,960.000000
0.713550,960.000000
0.780351,960.000000
0.944316,960.000000
0.541995,960.000000
1.188745,960.000000
0.507076,960.000000
0.596650,960.000000
0.819824,960.000000
1.537929,960.000000
0.315784,960.000000
0.481267,960.000000
0.888142,960.000000
0.816787,960.000000
1.111317,960.000000
1.273763,960.000000
0.894215,960.000000
0.964052,960.000000
0.299084,960.000000
0.532885,960.000000
0.218620,960.000000
1.155344,960.000000
0.731769,960.000000
0.435721,960.000000
0.660414,960.000000
0.429648,960.000000
1.296536,960.000000
0.637641,960.000000
0.329448,960.000000
0.611831,960.000000
1.594102,960.000000
0.324893,960.000000
0.289975,960.000000
1.425582,960.000000
0.854742,960.000000
1.503010,960.000000
1.674566,960.000000
1.038443,960.000000
0.775796,960.000000
0.507076,960.000000
0.195847,960.000000
0.687741,960.000000
6.514607,960.000000
2.342160,960.000000
1.994329,960.000000
3.391727,960.000000
1.894081,960.000000
5.721736,960.000000
2.053567,960.000000
2.000405,960.000000
2.653537,960.000000
6.461445,960.000000
1.209053,960.000000
1.456635,960.000000
6.262468,960.000000
2.986178,960.000000
5.668574,960.000000
6.813832,960.000000
4.219533,960.000000
3.868665,960.000000
1.704218,960.000000
1.058681,960.000000
1.215128,960.000000
2.214571,960.000000
1.845476,960.000000
1.168042,960.000000
1.333603,960.000000
0.994886,960.000000
2.822136,960.000000
1.339679,960.000000
0.830844,960.000000
1.234874,960.000000
3.242874,960.000000
0.558959,960.000000
0.727558,960.000000
3.283884,960.000000
1.426257,960.000000
2.662650,960.000000
3.914232,960.000000
1.840919,960.000000
1.594856,960.000000
1.108805,960.000000
0.618197,960.000000
0.691104,960.000000
2.138626,960.000000
0.925016,960.000000
1.544732,960.000000
1.792314,960.000000
1.017670,960.000000
2.495570,960.000000
1.120956,960.000000
0.966027,960.000000
1.523467,960.000000
2.885930,960.000000
0.548327,960.000000
0.803504,960.000000
2.055086,960.000000
1.610045,960.000000
2.141664,960.000000
2.408992,960.000000
1.490051,960.000000
1.752823,960.000000
0.501240,960.000000
0.685029,960.000000
0.385803,960.000000
3.311225,960.000000
1.248544,960.000000
1.839401,960.000000
3.118323,960.000000
1.248544,960.000000
3.604374,960.000000
1.297150,960.000000
1.259177,960.000000
2.412030,960.000000
4.160296,960.000000
0.683510,960.000000
1.043491,960.000000
3.274771,960.000000
2.460635,960.000000
3.885373,960.000000
3.671207,960.000000
2.150777,960.000000
2.431776,960.000000
0.962989,960.000000
0.818693,960.000000
0.668321,960.000000
1.669283,960.000000
0.975140,960.000000
0.962989,960.000000
1.189307,960.000000
1.294112,960.000000
1.998886,960.000000
0.852109,960.000000
0.879449,960.000000
1.344236,960.000000
2.809984,960.000000
0.527062,960.000000
0.698699,960.000000
1.784720,960.000000
1.095134,960.000000
1.866741,960.000000
2.477343,960.000000
1.385246,960.000000
1.423219,960.000000
0.645537,960.000000
0.561997,960.000000
0.490608,960.000000
5.720217,960.000000
3.015037,960.000000
2.579110,960.000000
3.748671,960.000000
1.963951,960.000000
7.322667,960.000000
2.428738,960.000000
1.901676,960.000000
2.498608,960.000000
6.605741,960.000000
1.004000,960.000000
1.464230,960.000000
5.516683,960.000000
3.528429,960.000000
5.990583,960.000000
6.566250,960.000000
3.575515,960.000000
3.649942,960.000000
1.780163,960.000000
1.304744,960.000000
1.397398,960.000000
2.185712,960.000000
1.319933,960.000000
1.037416,960.000000
1.248544,960.000000
0.928054,960.000000
2.611007,960.000000
1.493089,960.000000
0.701737,960.000000
1.032859,960.000000
3.113766,960.000000
0.437446,960.000000
0.615159,960.000000
2.668726,960.000000
1.714850,960.000000
2.234317,960.000000
2.574553,960.000000
1.406511,960.000000
1.362463,960.000000
0.612121,960.000000
0.609083,960.000000
0.558959,960.000000
1.888006,960.000000
0.877930,960.000000
0.943243,960.000000
1.303225,960.000000
1.026783,960.000000
1.775606,960.000000
0.777682,960.000000
1.195383,960.000000
1.228799,960.000000
2.731001,960.000000
0.558959,960.000000
0.801985,960.000000
1.815098,960.000000
1.117918,960.000000
1.723963,960.000000
2.276847,960.000000
1.713331,960.000000
1.544732,960.000000
0.565035,960.000000
0.624272,960.000000
0.426814,960.000000
2.573034,960.000000
1.125513,960.000000
1.567516,960.000000
2.491013,960.000000
1.201458,960.000000
2.539618,960.000000
1.000962,960.000000
1.435370,960.000000
2.609488,960.000000
3.479824,960.000000
0.792871,960.000000
0.975140,960.000000
2.746190,960.000000
1.761936,960.000000
2.858589,960.000000
3.191231,960.000000
1.965470,960.000000
2.120399,960.000000
0.730596,960.000000
0.776163,960.000000
0.561997,960.000000
7.018885,960.000000
2.952762,960.000000
2.623158,960.000000
4.230166,960.000000
2.639866,960.000000
6.435624,960.000000
3.066680,960.000000
2.737077,960.000000
3.953724,960.000000
10.876918,960.000000
1.578148,960.000000
2.121918,960.000000
7.295327,960.000000
4.268138,960.000000
6.686244,960.000000
8.515012,960.000000
5.029112,960.000000
4.995696,960.000000
2.416587,960.000000
1.607007,960.000000
1.643461,960.000000
1.288036,960.000000
0.530100,960.000000
0.545289,960.000000
0.730596,960.000000
0.428333,960.000000
1.037416,960.000000
0.358463,960.000000
0.674396,960.000000
0.779201,960.000000
1.727001,960.000000
0.466306,960.000000
0.435927,960.000000
1.086021,960.000000
0.627310,960.000000
1.329047,960.000000
1.541694,960.000000
1.092097,960.000000
0.871855,960.000000
0.366057,960.000000
0.320490,960.000000
0.300744,960.000000
1.231836,960.000000
0.680472,960.000000
0.829325,960.000000
1.092097,960.000000
0.726039,960.000000
1.304744,960.000000
0.636423,960.000000
0.776163,960.000000
1.117918,960.000000
2.214571,960.000000
0.422257,960.000000
0.756417,960.000000
1.395879,960.000000
0.928054,960.000000
1.637385,960.000000
1.912308,960.000000
1.058681,960.000000
1.330566,960.000000
0.452635,960.000000
0.461749,960.000000
0.312896,960.000000
5.821984,960.000000
3.306668,960.000000
2.105210,960.000000
3.063642,960.000000
1.854590,960.000000
5.919194,960.000000
2.738596,960.000000
1.798390,960.000000
2.472786,960.000000
7.869475,960.000000
1.172599,960.000000
1.392841,960.000000
8.499823,960.000000
3.768417,960.000000
5.998177,960.000000
7.896815,960.000000
4.394208,960.000000
3.681839,960.000000
2.103691,960.000000
1.183231,960.000000
1.456635,960.000000
3.147182,960.000000
1.669283,960.000000
1.503721,960.000000
2.380133,960.000000
1.134626,960.000000
3.438813,960.000000
1.508278,960.000000
1.166523,960.000000
1.851552,960.000000
4.468634,960.000000
0.660726,960.000000
1.067794,960.000000
3.861070,960.000000
2.591261,960.000000
3.652980,960.000000
3.690952,960.000000
2.050529,960.000000
2.275328,960.000000
0.953876,960.000000
0.686548,960.000000
0.792871,960.000000
5.776416,960.000000
2.896562,960.000000
2.102172,960.000000
3.725887,960.000000
1.973065,960.000000
6.201711,960.000000
2.328490,960.000000
1.869779,960.000000
3.027188,960.000000
6.771303,960.000000
1.243988,960.000000
1.508278,960.000000
6.136398,960.000000
3.473748,960.000000
7.425953,960.000000
7.234570,960.000000
4.009924,960.000000
3.470710,960.000000
2.041416,960.000000
1.058681,960.000000
1.523467,960.000000
6.192598,960.000000
3.864108,960.000000
2.433295,960.000000
3.744114,960.000000
2.355830,960.000000
6.156144,960.000000
2.852514,960.000000
2.348236,960.000000
3.358311,960.000000
8.615260,960.000000
1.587261,960.000000
1.889525,960.000000
7.901372,960.000000
4.148144,960.000000
7.020404,960.000000
10.046074,960.000000
5.828059,960.000000
4.266619,960.000000
2.718850,960.000000
1.446003,960.000000
1.837882,960.000000
3.950686,960.000000
2.047491,960.000000
1.562959,960.000000
2.252544,960.000000
1.414106,960.000000
3.309706,960.000000
1.438408,960.000000
1.558402,960.000000
1.945724,960.000000
4.699509,960.000000
1.038935,960.000000
1.329047,960.000000
4.530910,960.000000
2.272290,960.000000
4.148144,960.000000
5.847805,960.000000
3.915751,960.000000
2.497089,960.000000
1.438408,960.000000
0.871855,960.000000
1.090578,960.000000
4.420029,960.000000
1.593337,960.000000
1.763455,960.000000
2.155334,960.000000
1.520429,960.000000
3.908157,960.000000
1.429295,960.000000
1.714850,960.000000
2.065718,960.000000
4.597742,960.000000
0.926535,960.000000
1.177156,960.000000
3.577034,960.000000
2.191788,960.000000
3.384132,960.000000
4.177004,960.000000
2.600375,960.000000
3.441851,960.000000
0.985773,960.000000
0.993367,960.000000
0.732115,960.000000
1.635867,960.000000
0.991849,960.000000
0.651613,960.000000
0.914384,960.000000
0.581743,960.000000
1.924460,960.000000
0.639461,960.000000
0.599970,960.000000
0.730596,960.000000
2.317857,960.000000
0.419219,960.000000
0.487570,960.000000
1.865222,960.000000
1.073870,960.000000
2.044453,960.000000
2.662650,960.000000
1.494608,960.000000
1.084502,960.000000
1.092097,960.000000
0.343274,960.000000
0.572629,960.000000
1.061718,960.000000
0.545289,960.000000
0.681991,960.000000
0.764012,960.000000
0.560478,960.000000
1.202977,960.000000
0.596932,960.000000
0.575667,960.000000
0.803504,960.000000
1.526505,960.000000
0.305301,960.000000
0.434408,960.000000
1.143740,960.000000
0.750342,960.000000
1.230317,960.000000
1.476381,960.000000
0.953876,960.000000
0.940206,960.000000
0.325047,960.000000
0.499722,960.000000
0.185307,960.000000
1.067794,960.000000
0.692623,960.000000
0.432889,960.000000
0.757936,960.000000
0.405549,960.000000
1.359425,960.000000
0.469343,960.000000
0.400992,960.000000
0.560478,960.000000
1.590299,960.000000
0.255177,960.000000
0.347830,960.000000
1.517392,960.000000
0.803504,960.000000
1.564478,960.000000
1.769531,960.000000
0.950838,960.000000
0.789833,960.000000
0.554402,960.000000
0.232393,960.000000
0.631867,960.000000
7.146485,960.000000
2.456129,960.000000
2.222067,960.000000
3.079281,960.000000
1.877054,960.000000
6.109925,960.000000
2.149113,960.000000
1.851216,960.000000
2.551882,960.000000
6.547651,960.000000
1.048719,960.000000
1.442368,960.000000
6.085607,960.000000
2.793543,960.000000
5.617484,960.000000
6.497495,960.000000
3.998809,960.000000
3.986650,960.000000
1.641473,960.000000
1.237184,960.000000
1.165749,960.000000
2.583799,960.000000
2.012324,960.000000
0.914969,960.000000
1.299499,960.000000
0.927128,960.000000
3.190232,960.000000
1.383093,960.000000
0.804018,960.000000
1.065437,960.000000
3.404536,960.000000
0.503081,960.000000
0.676347,960.000000
2.719069,960.000000
1.649072,960.000000
2.831540,960.000000
3.782986,960.000000
1.804100,960.000000
1.574598,960.000000
1.048719,960.000000
0.560836,960.000000
0.714345,960.000000
2.115676,960.000000
0.995523,960.000000
1.357255,960.000000
1.693148,960.000000
0.992483,960.000000
2.345178,960.000000
1.085196,960.000000
0.939287,960.000000
1.532041,960.000000
2.951611,960.000000
0.407328,960.000000
0.887611,960.000000
2.377095,960.000000
1.671870,960.000000
2.133914,960.000000
2.323900,960.000000
1.497084,960.000000
1.756984,960.000000
0.585155,960.000000
0.718904,960.000000
0.430127,960.000000
3.320942,960.000000
1.293420,960.000000
1.889213,960.000000
3.121838,960.000000
1.167269,960.000000
3.384777,960.000000
1.360294,960.000000
1.390692,960.000000
2.287422,960.000000
4.020088,960.000000
0.797938,960.000000
1.115593,960.000000
3.509407,960.000000
2.741867,960.000000
3.585402,960.000000
3.381737,960.000000
2.371016,960.000000
2.413573,960.000000
0.987923,960.000000
0.720424,960.000000
0.686987,960.000000
1.656671,960.000000
0.884571,960.000000
1.047199,960.000000
1.141431,960.000000
1.177909,960.000000
1.823858,960.000000
0.782739,960.000000
1.107994,960.000000
1.282780,960.000000
2.951611,960.000000
0.542598,960.000000
0.697626,960.000000
1.984966,960.000000
1.086716,960.000000
1.600436,960.000000
2.439411,960.000000
1.494044,960.000000
1.626274,960.000000
0.556277,960.000000
0.585155,960.000000
0.463564,960.000000
5.602285,960.000000
3.251028,960.000000
2.378615,960.000000
3.465331,960.000000
2.065520,960.000000
7.298473,960.000000
2.630916,960.000000
2.001685,960.000000
2.636995,960.000000
6.538532,960.000000
0.965125,960.000000
1.375493,960.000000
5.673719,960.000000
3.184153,960.000000
5.822668,960.000000
6.918503,960.000000
3.713072,960.000000
3.773867,960.000000
1.728106,960.000000
1.209826,960.000000
1.364854,960.000000
2.022963,960.000000
1.241744,960.000000
1.039599,960.000000
1.494044,960.000000
0.773620,960.000000
2.550362,960.000000
1.532041,960.000000
0.606433,960.000000
0.904330,960.000000
3.089920,960.000000
0.419487,960.000000
0.658109,960.000000
2.757066,960.000000
1.535081,960.000000
2.480447,960.000000
2.553402,960.000000
1.460607,960.000000
1.513802,960.000000
0.691546,960.000000
0.522839,960.000000
0.615552,960.000000
1.734185,960.000000
0.787299,960.000000
1.145991,960.000000
1.334456,960.000000
1.038079,960.000000
1.758503,960.000000
0.723464,960.000000
1.267582,960.000000
1.360294,960.000000
2.912094,960.000000
0.638350,960.000000
0.788819,960.000000
1.743305,960.000000
1.003122,960.000000
1.620194,960.000000
2.284383,960.000000
1.535081,960.000000
1.579157,960.000000
0.571476,960.000000
0.626191,960.000000
0.455965,960.000000
2.425732,960.000000
1.129272,960.000000
1.456047,960.000000
2.301101,960.000000
1.208306,960.000000
2.302621,960.000000
0.940807,960.000000
1.247823,960.000000
2.985048,960.000000
3.323982,960.000000
0.720424,960.000000
1.208306,960.000000
2.801142,960.000000
1.864895,960.000000
2.830020,960.000000
3.451652,960.000000
2.194710,960.000000
1.942409,960.000000
0.758421,960.000000
0.769060,960.000000
0.548677,960.000000
6.971699,960.000000
3.073201,960.000000
2.728188,960.000000
3.942574,960.000000
2.954651,960.000000
6.360706,960.000000
2.781384,960.000000
2.969849,960.000000
3.544365,960.000000
10.517583,960.000000
1.694668,960.000000
2.103517,960.000000
7.622208,960.000000
4.333183,960.000000
7.105448,960.000000
8.503740,960.000000
4.608282,960.000000
5.036889,960.000000
2.387735,960.000000
1.799540,960.000000
1.665791,960.000000
1.135352,960.000000
0.586674,960.000000
0.419487,960.000000
0.807057,960.000000
0.489402,960.000000
1.127752,960.000000
0.366292,960.000000
0.550197,960.000000
0.744742,960.000000
1.532041,960.000000
0.521320,960.000000
0.439246,960.000000
1.238704,960.000000
0.645950,960.000000
1.161190,960.000000
1.673390,960.000000
1.065437,960.000000
0.890651,960.000000
0.431646,960.000000
0.345013,960.000000
0.360212,960.000000
1.199187,960.000000
0.735623,960.000000
0.814657,960.000000
1.077596,960.000000
0.726504,960.000000
1.279741,960.000000
0.691546,960.000000
0.750822,960.000000
1.177909,960.000000
2.051841,960.000000
0.396689,960.000000
0.750822,960.000000
1.507723,960.000000
0.934727,960.000000
1.560919,960.000000
1.966727,960.000000
1.299499,960.000000
1.124713,960.000000
0.427087,960.000000
0.463564,960.000000
0.328295,960.000000
5.878903,960.000000
3.030645,960.000000
2.310221,960.000000
3.486609,960.000000
1.811699,960.000000
6.120565,960.000000
2.643075,960.000000
1.655151,960.000000
2.603558,960.000000
7.204240,960.000000
1.141431,960.000000
1.465166,960.000000
8.316794,960.000000
3.843781,960.000000
6.447339,960.000000
7.953542,960.000000
4.302786,960.000000
3.627958,960.000000
1.980406,960.000000
1.073037,960.000000
1.626274,960.000000
3.153755,960.000000
1.532041,960.000000
1.711387,960.000000
2.468288,960.000000
1.091275,960.000000
3.468371,960.000000
1.606515,960.000000
1.232624,960.000000
1.860336,960.000000
4.424376,960.000000
0.592754,960.000000
0.901290,960.000000
3.772347,960.000000
2.782904,960.000000
3.235829,960.000000
3.564123,960.000000
2.214468,960.000000
2.345178,960.000000
1.018321,960.000000
0.744742,960.000000
0.831375,960.000000
5.739074,960.000000
2.641555,960.000000
2.437891,960.000000
3.647717,960.000000
1.829938,960.000000
6.015693,960.000000
2.361897,960.000000
1.908972,960.000000
2.886256,960.000000
7.070491,960.000000
1.235664,960.000000
1.521402,960.000000
6.038491,960.000000
3.579322,960.000000
7.252877,960.000000
7.438302,960.000000
4.313425,960.000000
3.348300,960.000000
1.915051,960.000000
1.183988,960.000000
1.457567,960.000000
6.216317,960.000000
3.650756,960.000000
2.399894,960.000000
3.883298,960.000000
2.488047,960.000000
6.619086,960.000000
2.635475,960.000000
2.416612,960.000000
3.418215,960.000000
8.663327,960.000000
1.668830,960.000000
1.877054,960.000000
7.856270,960.000000
3.659876,960.000000
7.354709,960.000000
10.231845,960.000000
5.650921,960.000000
4.126480,960.000000
2.709950,960.000000
1.304059,960.000000
1.787381,960.000000
3.837702,960.000000
1.910492,960.000000
1.468206,960.000000
2.302621,960.000000
1.436288,960.000000
3.556524,960.000000
1.489484,960.000000
1.617154,960.000000
2.249425,960.000000
4.982173,960.000000
1.153590,960.000000
1.155110,960.000000
4.178155,960.000000
2.237266,960.000000
4.377260,960.000000
5.474615,960.000000
3.950173,960.000000
2.624836,960.000000
1.448448,960.000000
0.769060,960.000000
0.949926,960.000000
4.129519,960.000000
1.851216,960.000000
1.738745,960.000000
2.494126,960.000000
1.597396,960.000000
3.383257,960.000000
1.387652,960.000000
1.638433,960.000000
1.959128,960.000000
4.849943,960.000000
0.884571,960.000000
1.200707,960.000000
3.568683,960.000000
2.228147,960.000000
3.380217,960.000000
4.401578,960.000000
2.562521,960.000000
3.310303,960.000000
1.129272,960.000000
0.937767,960.000000
0.731063,960.000000
1.697708,960.000000
1.048719,960.000000
0.521320,960.000000
0.855694,960.000000
0.563876,960.000000
1.767623,960.000000
0.790339,960.000000
0.539558,960.000000
0.899770,960.000000
2.468288,960.000000
0.434686,960.000000
0.436206,960.000000
1.840577,960.000000
1.095835,960.000000
2.053361,960.000000
2.653714,960.000000
1.320777,960.000000
1.165749,960.000000
1.053278,960.000000
0.401249,960.000000
0.522839,960.000000
0.921048,960.000000
0.601873,960.000000
0.528919,960.000000
0.775140,960.000000
0.664188,960.000000
1.092795,960.000000
0.541078,960.000000
0.586674,960.000000
0.855694,960.000000
1.682509,960.000000
0.282698,960.000000
0.541078,960.000000
1.136872,960.000000
0.738663,960.000000
1.149031,960.000000
1.431729,960.000000
0.876972,960.000000
0.883051,960.000000
0.372371,960.000000
0.642910,960.000000
0.250781,960.000000
1.252383,960.000000
0.720424,960.000000
0.370851,960.000000
0.766021,960.000000
0.445325,960.000000
1.256942,960.000000
0.542598,960.000000
0.398209,960.000000
0.560836,960.000000
1.611075,960.000000
0.303976,960.000000
0.332854,960.000000
1.442368,960.000000
0.896730,960.000000
1.418050,960.000000
1.799540,960.000000
0.966645,960.000000
0.706745,960.000000
0.531959,960.000000
0.202144,960.000000
0.618592,960.000000
71.465311,960.000000
35.460304,960.000000
30.770398,960.000000
45.525926,960.000000
27.012033,960.000000
73.630510,960.000000
30.510820,960.000000
26.996185,960.000000
38.657901,960.000000
92.870192,960.000000
16.562498,960.000000
21.339824,960.000000
78.554462,960.000000
44.593558,960.000000
75.865048,960.000000
90.736524,960.000000
53.235664,960.000000
49.430334,960.000000
24.164012,960.000000
16.600900,960.000000
17.220665,960.000000
