2,20,2,0,134668272,0.702128
3,2,3,2,0,0.733941
3,1,20,2,3,0.396898
3,2,3,0,1,0.244596
3,8,11,0,3,0.203453
2,20,2,0,3,0.179159
3,0,19,0,0,0.207373
3,14,18,0,1,0.133723
2,1,2,0,1,0.124572
2,20,2,0,1,0.109556
3,3,8,0,2,0.134094
2,0,3,2,2,0.106110
0,0,2,2,2,0.099742
0,0,1,0,2,0.092395
3,2,3,0,2,0.090176
3,2,3,2,0,0.118280
3,2,3,0,0,0.195475
0,3,2,0,0,0.116726
2,1,2,0,0,0.091398
2,20,2,0,0,0.094812
0,2,2,3,0,0.101995
3,6,14,2,2,0.086505
3,18,4,2,1,0.085157
2,19,0,2,1,0.085858
0,3,0,2,1,0.084555
3,11,11,0,2,0.078882
0,2,2,0,2,0.076584
2,15,2,0,2,0.074431
0,0,2,0,2,0.074389
0,0,0,0,2,0.066191
0,3,3,2,2,0.066743
0,0,3,3,2,0.059985
2,20,3,2,2,0.056069
0,3,2,2,2,0.074332
3,10,11,2,0,0.060794
3,8,2,2,1,0.054352
2,1,3,2,1,0.053773
0,2,3,2,1,0.062669
3,3,8,1,3,0.054953
2,20,1,2,3,0.058985
2,3,1,1,3,0.061796
0,2,1,1,3,0.055060
2,7,1,2,3,0.053527
0,1,1,0,3,0.052361
0,1,3,1,3,0.051667
0,1,1,2,3,0.049972
0,2,1,3,3,0.043118
0,3,1,0,3,0.044984
3,11,11,2,3,0.040513
0,3,0,2,3,0.043145
3,2,3,1,2,0.041712
0,1,2,1,2,0.048650
0,2,3,3,2,0.038254
0,0,2,1,2,0.037086
3,13,11,2,2,0.033317
0,2,1,2,2,0.029627
0,2,3,1,2,0.029117
2,20,3,2,2,0.039474
2,11,3,3,2,0.039484
0,1,3,2,2,0.034016
0,1,3,3,2,0.031775
0,0,3,1,2,0.027247
3,18,4,2,1,0.028694
2,8,1,2,1,0.028581
3,1,0,1,2,0.030722
2,5,1,1,2,0.027539
3,10,1,2,2,0.035234
0,0,1,1,2,0.029243
2,19,1,2,2,0.028014
0,3,1,2,2,0.026052
2,20,0,3,2,0.028113
3,2,3,3,2,0.032189
3,2,3,3,2,0.031626
2,17,1,3,2,0.027505
2,0,1,3,2,0.025244
0,3,1,3,2,0.023324
0,3,0,3,2,0.023553
2,9,0,3,2,0.024060
0,2,1,0,2,0.022380
0,0,1,1,2,0.021172
0,1,0,3,2,0.026150
3,19,12,1,0,0.027383
3,10,6,2,1,0.029912
0,1,3,1,1,0.029437
2,10,3,1,1,0.024818
0,3,3,1,1,0.024516
2,16,2,3,1,0.023040
2,18,3,2,1,0.025204
3,2,3,3,2,0.024000
0,1,3,2,2,0.025256
0,3,2,3,2,0.026372
3,10,6,2,1,0.025831
0,2,2,1,1,0.023303
3,6,14,2,2,0.022100
2,14,3,2,2,0.023462
0,3,2,2,2,0.023261
0,2,3,2,2,0.023198
2,15,1,1,2,0.022832
0,3,3,2,2,0.019739
2,5,3,1,2,0.018740
3,2,3,1,2,0.023245
2,2,1,1,2,0.021353
0,3,3,1,2,0.019127
3,2,18,1,1,0.018575
0,2,0,0,1,0.018618
0,3,2,3,1,0.018194
2,20,2,2,1,0.022393
3,2,2,1,0,0.022856
3,2,3,1,2,0.024775
3,2,3,1,2,0.023355
3,3,2,1,2,0.021557
2,11,1,1,2,0.021211
2,1,3,1,2,0.019588
2,1,1,1,2,0.018818
3,10,1,1,2,0.016740
3,13,10,1,0,0.017152
3,6,0,1,0,0.017290
3,6,10,1,3,0.021993
2,10,2,1,3,0.018923
2,4,3,1,3,0.019043
0,2,1,1,3,0.020301
0,0,2,2,3,0.017377
2,7,2,1,3,0.016544
0,0,2,1,3,0.016468
0,3,3,1,3,0.016398
0,3,1,3,3,0.018445
0,1,3,2,3,0.015637
0,0,1,0,3,0.016911
0,0,1,0,3,0.019847
0,0,1,0,3,0.018245
2,20,2,1,3,0.017394
0,0,2,3,3,0.017794
0,0,1,0,3,0.016573
0,1,3,1,3,0.016982
0,0,1,0,3,0.014831
0,0,0,1,3,0.014357
0,1,3,1,3,0.015711
0,0,1,3,3,0.016370
0,2,0,0,3,0.016346
0,2,3,1,3,0.014282
0,2,3,3,3,0.015079
2,4,0,0,3,0.014725
0,0,2,0,3,0.014556
0,1,1,3,3,0.014144
3,6,14,3,2,0.015455
3,6,14,0,2,0.016792
3,1,10,3,1,0.013499
3,1,10,3,2,0.015836
2,4,0,0,2,0.015544
0,1,2,1,2,0.018671
2,6,3,3,2,0.013012
0,2,0,0,2,0.013262
2,2,1,2,2,0.016156
2,8,2,1,2,0.016274
0,1,3,3,2,0.013394
0,0,2,1,2,0.013304
2,19,3,3,2,0.013384
0,0,3,3,2,0.012980
2,3,1,0,2,0.013076
0,0,3,0,2,0.014208
0,0,1,0,2,0.012882
0,0,1,0,2,0.015069
2,20,3,2,2,0.017989
0,1,1,2,2,0.014599
2,4,3,2,2,0.014940
2,17,1,0,2,0.014680
3,10,1,2,0,0.012392
0,3,1,2,0,0.013370
2,0,3,0,0,0.012740
0,2,3,0,0,0.015724
0,2,3,1,0,0.013044
0,2,3,3,0,0.011045
0,0,2,2,0,0.012131
0,3,1,0,0,0.013307
0,1,3,2,0,0.013829
2,16,0,3,0,0.013745
0,2,1,2,0,0.012396
0,1,0,3,0,0.011876
0,0,3,0,0,0.011506
2,5,1,1,0,0.010158
0,3,3,2,0,0.010204
3,10,1,1,3,0.011275
0,3,3,1,3,0.011784
2,3,3,0,3,0.011616
0,3,3,1,3,0.010861
2,11,1,1,3,0.011153
2,4,3,1,3,0.010534
3,6,14,1,2,0.010685
0,1,3,1,2,0.010475
0,1,3,0,2,0.011184
0,0,2,1,2,0.012220
2,6,2,0,2,0.011590
3,6,14,1,2,0.011755
3,6,0,0,0,0.016479
2,0,1,1,0,0.011737
0,0,1,1,0,0.010243
0,0,1,0,0,0.013704
0,0,1,0,0,0.010697
0,0,1,0,0,0.013674
0,1,2,0,0,0.013315
0,0,2,3,0,0.014135
2,4,1,0,0,0.013636
0,3,3,2,0,0.013079
2,3,1,0,0,0.012688
3,10,1,3,2,0.011185
3,1,10,0,1,0.013313
3,1,10,3,2,0.013720
3,2,18,3,0,0.011609
3,2,18,3,1,0.013455
3,2,18,3,0,0.012150
3,18,2,3,2,0.012569
2,2,0,0,2,0.014290
3,8,2,1,1,0.019961
2,20,1,3,1,0.018086
3,8,2,3,1,0.019090
3,10,1,3,3,0.019366
3,8,2,3,1,0.017180
2,18,1,3,1,0.016730
3,8,2,3,1,0.014778
3,2,3,1,2,0.019978
3,8,2,3,1,0.013558
2,6,1,0,1,0.012048
3,8,2,3,1,0.013076
2,20,1,0,1,0.013618
2,10,1,3,1,0.012587
3,1,0,1,2,0.021498
2,13,2,3,2,0.011467
3,6,14,1,2,0.010614
2,12,2,3,2,0.012763
2,8,0,1,2,0.011501
3,8,2,2,1,0.011090
0,2,0,1,1,0.011919
3,2,2,0,0,0.010449
3,8,2,2,1,0.013145
2,7,2,2,1,0.010630
0,0,0,0,1,0.011221
0,0,2,2,1,0.010259
0,0,2,2,1,0.010811
2,3,3,3,1,0.010895
2,16,3,2,1,0.010980
0,2,2,3,1,0.009557
0,0,1,1,1,0.009356
0,0,1,1,1,0.010132
0,0,3,0,1,0.011400
0,3,3,2,1,0.010204
3,1,0,3,2,0.008641
3,1,0,3,2,0.012437
0,3,3,2,2,0.011062
0,2,1,3,2,0.011568
0,0,1,3,2,0.010677
0,3,3,3,2,0.009851
3,18,6,3,2,0.014191
3,2,18,3,1,0.011961
0,3,3,3,1,0.010020
2,2,3,1,1,0.012475
0,3,3,1,1,0.009685
0,0,1,0,1,0.010803
0,0,1,0,1,0.012469
0,0,1,0,1,0.011475
0,2,0,3,1,0.010644
2,0,1,1,1,0.009174
0,0,1,0,1,0.009672
0,0,1,0,1,0.010062
0,3,3,0,1,0.010056
0,3,3,0,1,0.009584
3,18,2,1,2,0.009299
3,18,2,0,2,0.009497
3,18,2,2,2,0.011312
3,18,2,0,0,0.010190
3,2,18,2,0,0.010380
0,1,1,2,0,0.009923
0,1,1,2,0,0.011398
0,1,1,2,0,0.009233
0,3,1,3,0,0.010632
0,3,2,2,0,0.010455
0,1,2,0,0,0.010598
0,3,3,2,0,0.009946
0,0,1,0,0,0.010305
0,0,1,3,0,0.008825
3,2,18,1,1,0.008587
3,18,2,1,2,0.008896
0,3,1,1,2,0.007967
3,6,14,1,2,0.009744
3,6,14,0,2,0.011509
0,1,0,2,2,0.011650
0,1,1,0,2,0.009994
0,1,1,0,2,0.011650
0,0,2,2,2,0.008024
0,0,2,2,2,0.009604
0,3,1,1,2,0.010677
0,3,3,0,2,0.009091
0,3,0,3,2,0.008721
0,2,0,0,2,0.008534
0,0,2,3,2,0.008480
2,4,3,2,2,0.009931
0,3,2,3,2,0.009873
0,3,3,2,2,0.009673
0,3,3,2,2,0.009293
2,20,3,2,2,0.010319
3,18,2,2,2,0.010146
2,20,3,2,2,0.009684
2,11,2,2,2,0.010025
3,10,1,2,3,0.008949
0,1,3,1,3,0.009694
0,0,3,1,3,0.008479
0,2,2,2,3,0.007908
0,2,2,3,3,0.007918
0,1,3,3,3,0.009740
0,3,0,2,3,0.008117
0,1,3,0,3,0.009001
0,3,0,2,3,0.010435
0,0,2,3,3,0.008370
0,0,2,3,3,0.008759
0,2,2,2,3,0.009540
0,1,0,3,3,0.008458
0,1,3,1,3,0.007973
0,1,3,1,3,0.008978
0,2,2,3,3,0.010171
2,15,3,2,3,0.009381
2,15,0,2,3,0.007814
3,2,18,0,1,0.007478
2,2,2,0,1,0.007748
0,2,0,1,1,0.008553
2,5,2,3,1,0.009956
0,3,3,3,1,0.008742
0,2,3,0,1,0.007798
0,2,3,0,1,0.008277
0,3,3,3,1,0.009628
2,10,3,2,1,0.008844
0,0,2,3,1,0.009869
2,20,3,2,1,0.009347
2,2,1,0,1,0.009933
2,20,3,2,1,0.009565
0,1,1,0,1,0.009747
0,2,3,2,1,0.009174
2,8,2,0,1,0.008579
0,0,2,0,1,0.007918
0,3,2,1,1,0.008861
2,19,2,2,1,0.007648
2,17,1,0,1,0.008023
0,0,1,0,1,0.007477
0,0,1,0,1,0.007756
2,12,1,0,1,0.008797
2,20,1,0,1,0.009156
0,0,1,0,1,0.009328
0,1,1,0,1,0.008144
2,7,3,0,1,0.007719
0,0,1,0,1,0.007209
0,2,3,0,1,0.008439
0,2,3,0,1,0.008439
0,0,1,0,1,0.008561
0,0,2,2,1,0.007668
0,0,2,2,1,0.007296
2,14,0,2,1,0.008311
0,0,1,3,1,0.007580
2,10,2,2,1,0.007400
0,3,3,2,1,0.009135
2,20,2,2,1,0.008894
2,2,1,0,1,0.009132
2,20,2,2,1,0.008798
3,18,2,0,2,0.008904
2,20,2,2,2,0.008504
0,1,1,0,2,0.008811
2,20,2,2,2,0.008280
2,15,3,3,2,0.008655
0,2,2,2,2,0.007526
0,3,1,3,2,0.008188
0,1,2,1,2,0.006657
0,1,2,1,2,0.008272
0,3,1,3,2,0.007583
0,1,3,3,2,0.008766
3,10,1,2,0,0.007858
2,1,2,0,0,0.008643
3,10,1,1,2,0.008247
2,10,3,2,2,0.010265
0,3,3,2,2,0.006931
2,12,3,0,2,0.007213
3,10,1,2,2,0.007717
2,10,2,3,2,0.008986
3,6,14,3,2,0.007821
3,6,14,2,2,0.010408
3,6,14,3,2,0.008576
3,6,14,2,2,0.010317
3,10,1,2,3,0.008455
3,10,1,3,3,0.009674
2,1,1,3,3,0.007208
3,10,1,0,3,0.008803
0,1,2,3,3,0.009741
3,10,1,3,2,0.007224
3,18,2,3,2,0.006481
0,0,2,0,2,0.006764
3,10,1,0,2,0.008320
0,3,2,0,2,0.008698
2,20,2,0,2,0.007001
3,1,10,2,1,0.010501
3,1,10,3,1,0.007556
0,3,2,2,1,0.009762
3,1,10,0,1,0.008715
0,3,3,2,1,0.008578
2,20,2,0,1,0.008286
0,1,3,1,1,0.008555
0,0,1,0,1,0.006728
0,0,2,1,1,0.008021
0,1,3,0,1,0.006875
2,20,2,0,1,0.008374
0,0,2,3,1,0.009064
2,4,2,0,1,0.007976
0,3,1,0,1,0.008007
0,2,0,2,1,0.006689
2,3,2,1,1,0.006881
0,1,1,2,1,0.008392
2,20,2,0,1,0.007733
2,11,0,2,1,0.008335
2,20,2,0,1,0.008032
0,1,0,2,1,0.008102
2,20,2,0,1,0.007630
3,2,18,1,1,0.008053
2,18,2,0,1,0.007544
0,1,2,1,1,0.007960
0,1,2,1,1,0.006831
0,3,3,0,1,0.007271
0,3,3,0,1,0.007411
0,0,1,0,1,0.007487
0,1,1,3,1,0.006708
3,1,10,1,1,0.007120
3,10,1,0,2,0.007972
2,4,1,1,2,0.006855
2,12,2,3,2,0.007768
0,1,1,3,2,0.009481
3,2,18,1,1,0.006810
0,0,1,1,1,0.006510
0,0,1,0,1,0.007581
0,0,1,3,1,0.006583
0,1,1,2,1,0.006640
0,0,2,2,1,0.006634
0,3,2,2,1,0.007306
3,10,1,2,2,0.006885
0,0,2,0,2,0.008694
0,0,2,0,2,0.006551
0,3,2,3,2,0.006298
2,20,1,3,2,0.008123
3,18,2,2,2,0.007879
0,1,2,0,2,0.007619
2,15,3,0,2,0.007080
0,0,0,2,2,0.007059
0,0,0,2,2,0.006286
0,2,0,0,2,0.007225
0,2,1,3,2,0.006291
0,1,3,1,2,0.006277
0,1,1,2,2,0.005958
0,0,2,3,2,0.005882
0,0,1,1,2,0.006063
0,1,3,3,2,0.006151
3,6,14,3,2,0.008618
0,1,3,0,2,0.007686
0,3,3,2,2,0.005940
2,12,2,1,2,0.006295
2,14,1,3,2,0.006632
2,0,1,1,2,0.005871
2,0,2,2,2,0.007862
0,2,3,1,2,0.006385
0,0,2,2,2,0.007058
0,2,3,0,2,0.007533
0,2,3,3,2,0.007441
3,18,2,1,2,0.006069
0,2,3,1,2,0.006058
2,8,2,0,2,0.006790
0,2,3,0,2,0.006453
2,18,0,0,2,0.005866
2,1,0,2,2,0.006005
0,0,0,0,2,0.006163
0,0,0,2,2,0.006365
0,2,3,2,2,0.008152
2,20,3,0,2,0.007924
0,3,3,2,2,0.008033
3,10,1,0,2,0.007654
2,10,1,1,2,0.007888
0,0,2,0,2,0.006200
0,2,1,1,2,0.006415
2,10,3,0,2,0.007009
3,18,2,2,2,0.007737
2,20,3,0,2,0.007434
0,2,3,2,2,0.007584
2,20,1,0,2,0.007323
0,1,3,3,2,0.007460
0,2,3,0,2,0.006702
0,2,3,0,2,0.006552
0,1,1,0,2,0.006142
0,1,1,0,2,0.007387
2,20,1,3,2,0.007608
0,0,2,3,2,0.007454
2,14,1,3,2,0.006901
0,0,2,0,2,0.007010
0,0,2,1,2,0.006152
0,0,2,0,2,0.005830
0,2,0,2,2,0.006973
2,14,3,3,2,0.005621
3,6,14,3,2,0.006688
3,6,14,3,2,0.007015
0,0,1,3,2,0.007354
1,0.800000
0,0.100000
1,0.300000
1,0.400000
1,0.400000
1,0.100000
1,0.600000
0,0.200000
1,0.100000
1,0.100000
1,0.300000
0,0.200000
0,0.200000
0,0.300000
0,0.400000
1,0.500000
0,0.500000
1,0.300000
0,0.500000
0,0.500000
1,0.300000
1,0.500000
1,0.500000
1,0.500000
1,0.500000
0,0.500000
1,0.300000
0,0.500000
0,0.500000
0,0.400000
0,0.100000
1,0.300000
0,0.200000
1,0.200000
0,0.100000
0,0.100000
0,0.200000
0,0.200000
1,0.300000
0,0.100000
1,0.300000
1,0.300000
0,0.100000
0,0.100000
1,0.100000
0,0.200000
1,0.300000
0,0.100000
1,0.400000
1,0.400000
1,0.300000
1,0.400000
1,0.100000
1,0.300000
1,0.100000
1,0.100000
1,0.600000
0,0.100000
1,0.300000
0,0.100000
1,0.100000
1,0.300000
1,0.200000
1,0.200000
0,0.800000
0,0.800000
1,0.200000
0,0.800000
1,0.200000
1,0.200000
1,0.400000
1,0.400000
1,0.400000
1,0.300000
1,0.100000
1,0.100000
1,0.400000
1,0.600000
0,0.200000
1,0.300000
1,0.600000
0,0.900000
0,0.300000
1,0.500000
0,0.900000
0,0.900000
1,0.400000
0,0.300000
1,0.400000
0,0.300000
1,0.400000
0,0.300000
1,0.400000
0,0.100000
0,0.100000
1,0.200000
0,0.300000
1,0.700000
0,0.100000
1,0.300000
1,0.100000
1,0.700000
1,0.100000
1,0.300000
1,0.200000
1,0.400000
0,0.400000
1,0.700000
0,0.900000
1,0.700000
1,0.700000
1,0.700000
0,0.900000
1,0.700000
1,0.100000
1,0.100000
1,0.100000
1,0.100000
1,0.100000
0,0.900000
1,0.700000
0,0.400000
1,0.100000
1,0.100000
0,0.900000
1,0.300000
0,0.100000
1,0.900000
0,0.500000
1,0.900000
0,0.400000
1,0.600000
0,0.500000
1,0.300000
1,0.300000
1,0.600000
0,0.400000
1,0.500000
0,0.700000
1,0.200000
1,0.300000
1,0.200000
0,0.100000
0,0.800000
1,0.300000
1,0.200000
1,0.100000
1,0.300000
1,0.200000
1,0.900000
1,0.100000
1,0.200000
1,0.600000
0,0.400000
1,0.300000
0,0.400000
1,0.100000
1,0.100000
0,0.400000
1,0.700000
0,0.400000
1,0.900000
0,0.300000
1,0.600000
0,0.300000
1,0.400000
0,0.500000
1,0.200000
1,0.400000
1,0.400000
1,0.200000
1,0.300000
0,0.500000
1,0.400000
0,0.300000
1,0.600000
0,0.600000
1,0.600000
0,0.400000
1,0.400000
0,0.100000
1,0.400000
0,0.900000
1,0.700000
1,0.100000
1,0.400000
1,0.100000
1,0.100000
1,0.100000
1,0.300000
1,0.100000
0,0.700000
1,0.400000
0,0.700000
1,0.400000
1,0.400000
1,0.300000
0,0.400000
1,0.900000
0,0.700000
1,0.600000
0,0.500000
1,0.900000
0,0.500000
1,0.500000
0,0.800000
1,0.100000
1,0.500000
1,0.500000
1,0.500000
1,0.500000
0,0.800000
0,0.600000
0,0.700000
1,0.500000
0,0.700000
1,0.500000
0,0.700000
1,0.500000
0,0.600000
1,0.500000
0,0.500000
1,0.500000
0,0.500000
1,0.500000
0,0.600000
1,0.900000
0,0.600000
1,0.900000
0,0.600000
1,0.200000
0,0.600000
0,0.700000
1,0.200000
1,0.200000
0,0.800000
1,0.200000
0,0.400000
1,0.600000
0,0.100000
1,0.100000
1,0.400000
0,0.700000
1,0.700000
0,0.200000
0,0.300000
0,0.800000
1,0.900000
0,0.800000
1,0.500000
0,0.300000
1,0.600000
1,0.600000
1,0.600000
0,0.900000
0,0.900000
1,0.900000
0,0.500000
1,0.900000
0,0.800000
1,0.400000
0,0.500000
1,0.900000
0,0.900000
1,0.500000
0,0.600000
1,0.500000
1,0.600000
0,0.400000
1,0.600000
1,0.600000
0,0.400000
1,0.600000
0,0.700000
1,0.900000
0,0.700000
1,0.900000
0,0.500000
0,0.100000
0,0.200000
0,0.200000
0,0.200000
1,0.400000
0,0.300000
1,0.600000
0,0.300000
1,0.100000
1,0.200000
0,0.500000
1,0.400000
0,0.900000
1,0.700000
1,0.200000
1,0.600000
0,0.300000
1,0.400000
0,0.300000
1,0.900000
0,0.300000
1,0.900000
0,0.300000
1,0.900000
0,0.300000
1,0.500000
1,0.100000
0,0.100000
0,0.300000
1,0.300000
1,0.200000
1,0.400000
0,0.600000
1,0.100000
0,0.300000
1,0.400000
1,0.400000
1,0.200000
0,0.400000
1,0.900000
0,0.300000
1,0.400000
1,0.300000
0,0.400000
0,0.600000
1,0.900000
0,0.300000
1,0.400000
0,0.700000
1,0.600000
0,0.300000
1,0.900000
0,0.300000
1,0.800000
0,0.300000
1,0.800000
0,0.300000
0,0.100000
0,0.400000
0,0.100000
1,0.100000
0,0.300000
1,0.300000
0,0.400000
1,0.900000
0,0.300000
1,0.900000
0,0.300000
1,0.500000
0,0.500000
1,0.500000
0,0.700000
1,0.900000
0,0.400000
1,0.200000
1,0.400000
1,0.500000
0,0.700000
1,0.900000
0,0.900000
1,0.800000
0,0.900000
1,0.800000
0,0.900000
1,0.800000
0,0.700000
1,0.500000
0,0.900000
1,0.300000
0,0.500000
1,0.900000
0,0.700000
1,0.500000
0,0.700000
1,0.500000
0,0.500000
0,0.100000
0,0.100000
1,0.100000
0,0.700000
1,0.600000
1,0.100000
1,0.900000
1,0.200000
1,0.900000
0,0.700000
1,0.600000
1,0.100000
0,0.700000
1,0.600000
1,0.200000
1,0.200000
1,0.500000
0,0.900000
1,0.200000
0,0.700000
1,0.900000
1,0.200000
1,0.900000
0,0.700000
1,0.900000
0,0.700000
1,0.500000
0,0.500000
1,0.200000
1,0.400000
0,0.700000
1,0.600000
0,0.700000
1,0.200000
1,0.400000
1,0.900000
1,0.600000
0,0.700000
1,0.600000
0,0.700000
1,0.600000
0,0.700000
1,0.900000
0,0.700000
1,0.900000
0,0.500000
1,0.500000
0,0.900000
1,0.900000
1,0.200000
1,0.400000
1,0.100000
1,0.400000
1,0.400000
0,0.800000
1,0.400000
1,0.400000
1,0.300000
1,0.400000
0,0.400000
1,0.200000
1,0.100000
0,0.500000
1,0.500000
0,0.400000
1,0.400000
0,0.700000
1,0.600000
0,0.700000
1,0.500000
0,0.500000
1,0.700000
1,0.200000
1,0.100000
1,0.200000
1,0.100000
1,0.100000
1,0.300000
1,0.500000
0,0.900000
1,0.400000
0,0.100000
1,0.900000
0,0.900000
1,0.700000
0,0.700000
1,0.300000
0,0.700000
1,0.500000
1,0.100000
1,0.400000
1,0.400000
0,0.900000
1,0.400000
0,0.700000
1,0.600000
0,0.700000
0,0.500000
1,0.800000
0,0.700000
1,0.900000
0,0.700000
1,0.700000
0,0.900000
1,0.700000
0,0.700000
1,0.800000
0,0.700000
1,0.800000
0,0.500000
1,0.500000
0,0.700000
1,0.500000
0,0.500000
1,0.800000
0,0.700000
1,0.900000
0,0.900000
1,0.500000
1,0.100000
0,0.900000
1,0.600000
1,0.100000
1,0.500000
0,0.800000
1,0.500000
1,0.958078
0,0.822766
1,1.161620
0,1.136560
0,0.955374
0,0.745864
0,0.645864
1,1.045729
1,1.436039
0,0.856948
1,1.436039
0,0.771107
0,1.348769
0,1.348769
0,1.348769
1,1.222766
1,0.822766
0,0.760383
1,0.925719
1,0.815364
1,0.961722
1,0.961722
1,0.856466
0,0.941925
0,1.090357
0,1.275444
0,0.810383
0,0.810383
0,1.140357
0,0.982718
0,1.140357
1,1.278364
0,1.140357
1,1.328364
0,1.140357
0,0.860383
1,1.371016
1,1.371016
1,1.278364
0,1.303783
0,1.239695
0,1.067006
0,0.906466
0,0.906466
0,1.067006
0,1.067006
0,1.067006
0,1.067006
0,1.067006
1,0.941944
1,1.498769
0,0.906466
1,1.041944
1,1.041944
1,0.941944
0,0.906466
1,0.988077
0,0.906466
1,0.988077
0,0.906466
1,0.988077
0,0.906466
0,0.906466
0,0.861909
0,0.861909
1,0.726178
1,0.988077
1,1.098769
1,1.498769
0,1.088885
0,1.448769
1,1.498769
0,1.448769
1,1.498769
0,1.088885
0,1.088885
0,1.088885
0,1.088885
1,0.726178
1,0.726178
1,1.498769
1,0.820607
1,0.726178
1,1.498769
1,1.098769
1,1.098769
1,1.498769
1,1.098769
1,1.498769
1,0.726178
1,1.223491
1,0.726178
0,0.961722
0,0.961722
1,1.098769
1,1.111722
1,1.098769
1,1.111722
1,1.098769
1,1.061722
1,1.098769
1,1.111722
0,0.834458
1,0.952748
0,0.834458
1,1.111722
1,0.634458
1,1.506032
0,1.448769
1,1.248769
0,1.253783
1,1.111722
0,0.834458
1,1.111722
1,0.888077
0,1.088885
0,0.834458
1,0.899997
0,0.827367
0,0.877367
1,1.111722
0,0.877367
1,1.061722
0,0.877367
0,0.877367
1,1.111722
0,0.877367
1,1.111722
0,0.877367
1,1.061722
0,0.877367
1,1.111722
0,0.877367
1,1.111722
0,0.877367
0,0.877367
0,0.877367
1,1.061722
0,0.877367
0,0.877367
1,1.061722
0,0.877367
1,1.061722
0,0.877367
1,1.111722
0,1.011722
0,0.877367
1,1.023491
1,0.714327
1,1.111722
1,1.111722
1,0.695802
1,1.111722
1,0.695802
1,1.061722
1,0.695802
1,1.111722
1,0.695802
1,0.695802
1,1.111722
1,0.695802
1,1.111722
0,0.979200
1,1.061722
1,0.695802
1,1.062262
1,0.695802
0,0.729200
0,0.729200
0,0.834458
0,1.261722
0,0.729200
0,1.261722
0,0.729200
0,1.261722
0,0.729200
0,1.161722
0,0.729200
0,1.161722
0,0.961722
0,0.961722
0,0.729200
0,1.261722
1,0.988077
0,0.961722
1,0.988077
0,0.961722
0,0.961722
0,0.912262
0,0.912262
0,0.912262
0,1.129200
1,1.111722
0,0.834458
0,0.962262
0,0.912262
0,0.962262
0,0.912262
1,0.988077
0,1.129200
1,0.988077
0,0.979200
1,0.988077
0,1.129200
1,0.988077
0,0.877367
1,0.873491
0,0.925326
1,0.902748
0,0.925326
1,1.012262
0,1.456032
1,0.960383
0,0.979200
0,0.660383
0,1.129200
0,0.660383
1,0.812262
0,0.660383
1,1.098769
1,0.960383
1,0.812262
0,0.660383
1,0.812262
0,0.660383
0,0.911909
0,0.761909
0,1.161722
1,1.061722
1,0.661909
0,0.760383
1,0.860383
0,1.406032
1,0.860383
1,0.852748
1,0.661909
0,0.761909
1,0.661909
0,0.761909
0,0.761909
0,0.761909
0,0.761909
1,0.661909
0,0.761909
1,0.661909
0,0.761909
1,0.711909
1,1.061722
0,0.979200
1,1.111722
0,1.129200
0,0.852082
1,0.902748
0,0.925326
1,0.846256
0,1.161722
1,0.888077
0,1.129200
1,0.888077
0,1.129200
1,1.012262
1,0.812262
1,1.212262
1,0.812262
1,1.012262
1,0.812262
0,0.912262
1,1.012262
1,0.896256
0,0.925326
1,0.902748
0,1.129200
1,0.902748
0,1.129200
0,0.652748
0,0.979200
1,0.902748
0,1.129200
1,0.852748
1,0.902748
0,0.912262
1,0.902748
1,1.061722
0,1.161722
1,1.212262
0,1.161722
1,0.888077
1,0.888077
0,0.979200
1,1.212262
0,1.129200
1,1.062262
0,0.979200
1,1.212262
0,1.129200
1,1.062262
0,1.129200
1,1.212262
0,0.979200
1,1.212262
0,0.979200
0,0.652748
0,1.129200
0,0.652748
0,0.979200
1,0.902748
1,0.852748
1,0.852748
1,0.902748
1,0.852748
0,0.979200
1,0.852748
1,0.852748
0,0.652748
1,0.852748
1,0.852748
1,0.902748
0,0.652748
0,1.129200
1,0.902748
1,0.902748
1,0.888077
1,0.888077
1,1.062262
0,0.979200
1,0.888077
1,0.888077
1,1.062262
0,0.979200
1,1.062262
0,0.979200
1,1.062262
0,0.979200
1,1.212262
0,1.129200
1,1.212262
1,0.888077
1,0.888077
1,1.212262
1,0.888077
1,0.888077
1,0.888077
1,1.212262
0,1.129200
1,1.062262
0,1.129200
1,0.888077
0,0.962262
1,1.062262
0,0.962262
1,1.212262
0,0.979200
1,0.888077
0,0.912262
1,1.062262
0,0.979200
1,1.212262
0,0.979200
1,1.212262
0,0.979200
1,1.212262
0,0.979200
1,1.062262
0,1.129200
1,1.062262
0,0.979200
1,1.062262
1,0.888077
0,0.912262
0,0.979200
1,1.212262
1,0.695802
0,0.729200
1,0.888077
1,0.714327
0,0.962262
0,0.962262
0,1.038077
0,0.734355
0,1.161722
1,1.061722
0,1.161722
0,0.761722
0,1.129200
1,0.929200
0,0.912262
0,1.129200
1,1.212262
1,0.888077
0,0.962262
1,0.852748
0,1.038077
0,0.734355
0,1.188077
0,0.727367
1,0.627367
0,0.652748
1,0.627367
0,0.652748
0,1.038077
0,0.652748
0,1.038077
0,0.652748
1,0.902748
0,1.188077
0,0.652748
0,1.038077
0,0.652748
1,0.852748
1,0.902748
0,0.652748
0,1.188077
0,0.652748
0,1.188077
0,0.652748
0,1.038077
0,0.652748
0,0.877367
1,1.062262
1,0.902748
1,0.852748
1,0.852748
1,1.062262
1,0.902748
0,0.827367
1,0.888077
1,0.902748
1,1.062262
0,1.188077
1,0.852748
1,1.212262
0,0.962262
0,0.912262
0,1.038077
1,1.062262
0,0.912262
0,1.038077
1,1.062262
0,0.912262
1,1.212262
0,1.038077
1,1.212262
0,1.038077
1,1.062262
0,1.038077
0,0.962262
0,1.038077
0,0.912262
0,0.962262
0,0.912262
0,0.962262
0,0.962262
0,0.912262
0,1.161722
1,1.111722
0,0.962262
0,0.912262
0,1.038077
0,0.912262
0,0.962262
0,0.912262
0,0.962262
1,1.212262
0,0.962262
0,0.912262
0,0.834355
0,0.884355
1,1.212262
0,0.834355
0,0.834355
0,1.188077
1,1.212262
1,1.212262
0,1.038077
1,1.062262
0,1.038077
1,1.062262
0,1.038077
1,1.212262
0,1.038077
1,1.062262
0,1.188077
1,1.212262
0,1.038077
1,1.212262
0,1.188077
1,1.212262
0,1.188077
1,1.212262
0,1.038077
1,1.212262
0,1.188077
1,1.062262
1,0.888077
1,0.888077
1,1.212262
0,1.188077
1,1.061722
0,1.161722
1,1.212262
0,0
1,3
0,0
1,2
1,2
0,0
1,3
0,0
1,1
0,0
1,2
1,1
0,1
0,0
0,0
0,0
0,1
0,0
0,0
0,1
0,1
1,0
1,0
1,0
0,2
0,3
0,2
0,2
0,1
1,2
0,1
1,2
0,1
1,2
0,1
1,1
1,1
1,1
1,2
0,1
1,2
1,1
1,1
0,1
0,1
1,1
0,0
0,1
0,0
0,1
1,2
0,1
1,2
1,2
0,1
0,1
1,2
0,1
1,3
0,1
0,1
1,2
1,0
1,2
1,1
1,0
1,2
0,1
1,1
1,1
0,1
1,3
0,1
1,2
0,1
1,3
0,2
0,2
1,0
1,0
1,3
0,1
0,1
1,3
1,0
0,1
1,3
0,1
1,3
0,1
1,3
0,1
0,1
0,1
0,2
0,1
0,1
0,1
0,1
1,3
0,1
1,1
0,1
1,2
0,1
1,3
0,1
1,3
0,4
1,3
1,2
1,3
0,2
1,1
0,1
0,1
0,1
0,0
1,1
0,4
1,2
1,0
1,2
1,2
0,1
1,3
0,1
1,3
0,1
1,3
0,1
1,3
0,4
1,1
1,1
1,1
1,0
1,1
1,0
1,1
1,1
1,0
1,2
0,4
1,3
0,4
0,1
1,2
0,4
1,3
0,0
0,1
1,3
1,0
1,1
0,4
1,1
1,0
1,0
1,3
0,1
1,2
0,1
1,3
0,4
1,3
0,1
1,3
0,1
1,3
1,0
1,1
1,0
1,3
0,4
1,3
0,4
1,1
1,0
1,1
1,1
1,1
1,0
1,2
1,1
1,1
1,1
1,0
1,0
1,3
0,1
0,1
1,3
0,4
0,1
1,0
1,0
1,0
1,3
0,4
1,3
0,4
1,3
0,3
1,3
1,0
1,0
1,3
1,3
1,3
1,3
1,0
1,3
0,1
1,3
0,2
1,1
0,2
1,1
0,2
1,1
0,2
1,1
0,3
1,1
1,0
1,2
1,0
1,3
1,0
1,2
1,1
1,1
1,2
1,2
1,1
1,1
1,1
1,2
1,1
0,1
0,1
0,4
0,0
0,3
0,0
0,3
0,0
0,3
0,0
0,3
0,0
0,0
1,0
1,0
0,3
0,0
0,3
0,0
0,3
0,0
0,3
1,3
0,3
1,3
0,3
1,3
1,3
0,4
1,3
1,3
0,3
1,3
0,3
1,3
0,3
1,3
0,3
1,3
0,0
1,0
0,0
0,0
0,4
1,4
0,4
0,0
0,0
0,4
1,3
0,4
0,0
0,4
0,0
0,4
1,3
0,3
0,0
0,3
1,3
0,3
1,3
0,3
1,3
0,3
1,1
0,0
1,3
1,1
1,3
0,3
1,1
1,1
1,3
0,3
1,3
0,3
1,3
0,3
1,2
1,1
1,0
1,3
1,3
0,3
0,1
1,1
1,3
0,3
1,4
0,3
1,4
0,3
1,3
0,3
1,3
1,1
1,1
1,1
1,1
1,1
1,1
1,4
0,3
1,4
0,3
1,2
0,3
1,4
0,2
1,4
0,3
1,1
0,2
1,4
0,3
1,4
0,3
1,4
0,3
1,4
0,3
1,4
0,3
0,0
0,3
1,4
0,2
1,1
0,3
1,4
0,3
1,1
1,0
1,0
0,3
0,0
0,3
1,1
0,3
1,4
0,3
1,4
0,3
1,4
1,1
0,3
1,4
1,0
0,3
0,0
0,3
1,4
0,3
1,4
0,3
1,4
0,3
1,4
0,3
1,4
0,3
1,4
0,0
0,3
1,4
0,4
1,4
0,0
1,0
1,4
0,3
1,4
0,3
1,4
0,3
1,4
0,2
1,4
0,0
1,4
0,0
1,4
0,0
1,0
0,0
1,0
1,4
0,3
0,0
1,2
1,2
1,2
0,3
1,2
1,2
0,3
0,0
1,2
1,2
0,3
0,0
0,3
0,0
0,3
1,0
0,3
1,1
1,1
0,1
0,1
1,0
1,1
0,3
1,1
1,0
0,0
1,0
1,2
0,1
1,0
1,0
1,1
1,0
1,0
0,0
1,0
1,1
0,0
1,1
0,3
1,1
1,1
0,3
1,1
0,3
1,1
0,3
1,4
0,3
1,4
0,3
1,4
0,3
1,4
0,3
1,4
0,3
1,4
0,3
1,4
0,4
1,4
0,1
0,1
1,4
0,2
1,4
0,3
1,4
2.985084,960.000000
1.344683,960.000000
1.436436,960.000000
2.212000,960.000000
2.283915,960.000000
2.481061,960.000000
1.189074,960.000000
2.040893,960.000000
2.238658,960.000000
4.577129,960.000000
0.938612,960.000000
1.499052,960.000000
1.891483,960.000000
1.672019,960.000000
2.264696,960.000000
3.745769,960.000000
2.386828,960.000000
3.087997,960.000000
0.722868,960.000000
1.136378,960.000000
0.825780,960.000000
1.215112,960.000000
1.555468,960.000000
0.986349,960.000000
1.115919,960.000000
2.138225,960.000000
1.925581,960.000000
1.219452,960.000000
1.975797,960.000000
1.676359,960.000000
4.047068,960.000000
0.696830,960.000000
1.177915,960.000000
1.549268,960.000000
1.295086,960.000000
1.639162,960.000000
3.451291,960.000000
1.675119,960.000000
2.095449,960.000000
0.771224,960.000000
1.114059,960.000000
1.154357,960.000000
1.373821,960.000000
0.964650,960.000000
1.332284,960.000000
1.597005,960.000000
1.775552,960.000000
1.676359,960.000000
0.913814,960.000000
2.004315,960.000000
1.606924,960.000000
3.205168,960.000000
0.686910,960.000000
1.177295,960.000000
1.446975,960.000000
1.151877,960.000000
1.503391,960.000000
2.754461,960.000000
1.622423,960.000000
1.795390,960.000000
0.531302,960.000000
1.013627,960.000000
0.579038,960.000000
2.554835,960.000000
1.223792,960.000000
2.450683,960.000000
3.795986,960.000000
1.769972,960.000000
2.247338,960.000000
1.207673,960.000000
2.658988,960.000000
3.947875,960.000000
3.804665,960.000000
1.159936,960.000000
2.517638,960.000000
1.649701,960.000000
1.701157,960.000000
2.748881,960.000000
3.153092,960.000000
2.698045,960.000000
2.572194,960.000000
0.628015,960.000000
1.272768,960.000000
0.776804,960.000000
1.554848,960.000000
2.025394,960.000000
1.123359,960.000000
1.446355,960.000000
3.185330,960.000000
2.022294,960.000000
1.550508,960.000000
3.221287,960.000000
2.549876,960.000000
6.724034,960.000000
0.995648,960.000000
1.634822,960.000000
2.440764,960.000000
2.070650,960.000000
2.037793,960.000000
4.724059,960.000000
2.368229,960.000000
2.520738,960.000000
0.967750,960.000000
1.867305,960.000000
1.790431,960.000000
2.195261,960.000000
1.619943,960.000000
1.704257,960.000000
2.293214,960.000000
2.347770,960.000000
2.864193,960.000000
1.502771,960.000000
2.595752,960.000000
3.407894,960.000000
4.367584,960.000000
1.052064,960.000000
2.074990,960.000000
2.050812,960.000000
1.871025,960.000000
3.183470,960.000000
4.030329,960.000000
2.703625,960.000000
2.396747,960.000000
0.830740,960.000000
1.444496,960.000000
1.078102,960.000000
1.119019,960.000000
1.345303,960.000000
0.712948,960.000000
1.102280,960.000000
1.691858,960.000000
1.600724,960.000000
1.176055,960.000000
1.703017,960.000000
1.280207,960.000000
3.757548,960.000000
0.616855,960.000000
0.977669,960.000000
1.443876,960.000000
1.473014,960.000000
1.614363,960.000000
2.716024,960.000000
1.770592,960.000000
1.485413,960.000000
0.636074,960.000000
0.887156,960.000000
0.840039,960.000000
1.978277,960.000000
2.060111,960.000000
1.402339,960.000000
1.923101,960.000000
3.398594,960.000000
1.950999,960.000000
1.847466,960.000000
3.248565,960.000000
3.201449,960.000000
6.802768,960.000000
1.151257,960.000000
2.012995,960.000000
2.557935,960.000000
2.315533,960.000000
2.307473,960.000000
4.572790,960.000000
2.704245,960.000000
2.599472,960.000000
1.014867,960.000000
2.255397,960.000000
1.782991,960.000000
2.952227,960.000000
1.947279,960.000000
2.212620,960.000000
3.969573,960.000000
2.193401,960.000000
2.828236,960.000000
1.748894,960.000000
3.701752,960.000000
5.680029,960.000000
5.316736,960.000000
1.729055,960.000000
3.086137,960.000000
2.596992,960.000000
2.384348,960.000000
3.597600,960.000000
4.510174,960.000000
3.469889,960.000000
3.102876,960.000000
0.949771,960.000000
1.985097,960.000000
1.662720,960.000000
4.166099,960.000000
3.861081,960.000000
3.039020,960.000000
4.720959,960.000000
5.487843,960.000000
4.692441,960.000000
3.391775,960.000000
5.021637,960.000000
6.596323,960.000000
12.220557,960.000000
2.222539,960.000000
3.859221,960.000000
5.292558,960.000000
5.020397,960.000000
5.067514,960.000000
8.604978,960.000000
5.043336,960.000000
5.163607,960.000000
2.025394,960.000000
3.311181,960.000000
3.484148,960.000000
1.119019,960.000000
0.666452,960.000000
0.830120,960.000000
1.362662,960.000000
0.982629,960.000000
0.965270,960.000000
0.510223,960.000000
1.086162,960.000000
1.809029,960.000000
2.197121,960.000000
0.663352,960.000000
1.020446,960.000000
0.943572,960.000000
0.829500,960.000000
1.068183,960.000000
1.608784,960.000000
1.213872,960.000000
1.191554,960.000000
0.427149,960.000000
0.735267,960.000000
0.696830,960.000000
1.468054,960.000000
1.327944,960.000000
1.027266,960.000000
1.660860,960.000000
2.066931,960.000000
1.966498,960.000000
1.231231,960.000000
2.610631,960.000000
2.486640,960.000000
4.131381,960.000000
1.047724,960.000000
1.657140,960.000000
1.761913,960.000000
1.532529,960.000000
1.914422,960.000000
3.425872,960.000000
2.108468,960.000000
2.491600,960.000000
0.713568,960.000000
1.396139,960.000000
1.115919,960.000000
2.324212,960.000000
1.523850,960.000000
1.451315,960.000000
2.373808,960.000000
2.060731,960.000000
2.879072,960.000000
1.293846,960.000000
1.759433,960.000000
2.327312,960.000000
4.305589,960.000000
0.840659,960.000000
1.468054,960.000000
2.497799,960.000000
1.759433,960.000000
2.596992,960.000000
4.273351,960.000000
2.223159,960.000000
2.644109,960.000000
0.981389,960.000000
1.239910,960.000000
1.112200,960.000000
1.859246,960.000000
1.335383,960.000000
1.211392,960.000000
2.450683,960.000000
1.353982,960.000000
1.880324,960.000000
1.283927,960.000000
2.204561,960.000000
2.908830,960.000000
3.658356,960.000000
1.079962,960.000000
2.005555,960.000000
1.674499,960.000000
1.861105,960.000000
2.735242,960.000000
3.079317,960.000000
2.252297,960.000000
2.184722,960.000000
0.686290,960.000000
1.019826,960.000000
0.996268,960.000000
2.378148,960.000000
1.709216,960.000000
1.822048,960.000000
2.721603,960.000000
1.955339,960.000000
2.804057,960.000000
1.581506,960.000000
2.889611,960.000000
4.441979,960.000000
4.456858,960.000000
1.123979,960.000000
2.727803,960.000000
2.287015,960.000000
2.011755,960.000000
4.313028,960.000000
4.331627,960.000000
3.127674,960.000000
2.616831,960.000000
0.926833,960.000000
1.305006,960.000000
1.337863,960.000000
3.901998,960.000000
3.082417,960.000000
2.448823,960.000000
3.424632,960.000000
4.492815,960.000000
4.174158,960.000000
2.689366,960.000000
4.037148,960.000000
4.354565,960.000000
9.448117,960.000000
1.644121,960.000000
2.750121,960.000000
4.050787,960.000000
3.459350,960.000000
4.603787,960.000000
8.762447,960.000000
4.533112,960.000000
4.969561,960.000000
1.627382,960.000000
2.437664,960.000000
2.534997,960.000000
2.632950,960.000000
1.814609,960.000000
1.730295,960.000000
2.688126,960.000000
2.598232,960.000000
2.928668,960.000000
1.675119,960.000000
2.509579,960.000000
2.829476,960.000000
5.360133,960.000000
1.214492,960.000000
1.968978,960.000000
2.208900,960.000000
2.101648,960.000000
2.549876,960.000000
4.838130,960.000000
2.930528,960.000000
3.559163,960.000000
1.083062,960.000000
1.464954,960.000000
1.393039,960.000000
2.350870,960.000000
2.433324,960.000000
1.678839,960.000000
2.305613,960.000000
3.144413,960.000000
2.349630,960.000000
1.662100,960.000000
3.072498,960.000000
3.025381,960.000000
6.211331,960.000000
1.179775,960.000000
1.959058,960.000000
2.422785,960.000000
2.205181,960.000000
2.301274,960.000000
4.481036,960.000000
2.992524,960.000000
2.906350,960.000000
1.073142,960.000000
1.916282,960.000000
1.492232,960.000000
0.743326,960.000000
0.558580,960.000000
0.600737,960.000000
0.927453,960.000000
0.689390,960.000000
0.818341,960.000000
0.497824,960.000000
1.055164,960.000000
1.433956,960.000000
1.810889,960.000000
0.474886,960.000000
0.886536,960.000000
0.819581,960.000000
0.765025,960.000000
1.314925,960.000000
1.366381,960.000000
1.090501,960.000000
0.806562,960.000000
0.386852,960.000000
0.414750,960.000000
0.472406,960.000000
1.035945,960.000000
1.119019,960.000000
0.853058,960.000000
1.198993,960.000000
2.087389,960.000000
1.332284,960.000000
0.949771,960.000000
2.107848,960.000000
1.725955,960.000000
3.468649,960.000000
0.676991,960.000000
1.115299,960.000000
1.197753,960.000000
1.160556,960.000000
1.469294,960.000000
2.777399,960.000000
1.557947,960.000000
1.644741,960.000000
0.511463,960.000000
1.090501,960.000000
0.933653,960.000000
0.995648,960.000000
0.953491,960.000000
0.708609,960.000000
1.221932,960.000000
1.158696,960.000000
1.195274,960.000000
0.792923,960.000000
1.707977,960.000000
2.191542,960.000000
2.457502,960.000000
0.718528,960.000000
1.587705,960.000000
1.097941,960.000000
1.035945,960.000000
1.977037,960.000000
2.213860,960.000000
1.572826,960.000000
1.294466,960.000000
0.437068,960.000000
0.763785,960.000000
1.618703,960.000000
2.583627,960.000000
1.384507,960.000000
1.400007,960.000000
2.242615,960.000000
1.895404,960.000000
2.357939,960.000000
1.254922,960.000000
2.215335,960.000000
2.605328,960.000000
4.652637,960.000000
0.877950,960.000000
1.429768,960.000000
2.075210,960.000000
1.779460,960.000000
2.422422,960.000000
3.694084,960.000000
2.419321,960.000000
2.679110,960.000000
0.787426,960.000000
1.192920,960.000000
1.012494,960.000000
1.383887,960.000000
1.757759,960.000000
1.072636,960.000000
1.556252,960.000000
1.853242,960.000000
1.597794,960.000000
1.200980,960.000000
1.741639,960.000000
1.986547,960.000000
3.651303,960.000000
0.691323,960.000000
1.195400,960.000000
1.651736,960.000000
1.395667,960.000000
1.956786,960.000000
3.082124,960.000000
1.579813,960.000000
1.953066,960.000000
0.729145,960.000000
1.267943,960.000000
1.173079,960.000000
1.388847,960.000000
0.940572,960.000000
1.474410,960.000000
1.840842,960.000000
1.566793,960.000000
1.708157,960.000000
0.992653,960.000000
1.829062,960.000000
1.925165,960.000000
2.974240,960.000000
0.601420,960.000000
1.278483,960.000000
1.242522,960.000000
1.312584,960.000000
1.470069,960.000000
2.632609,960.000000
1.483090,960.000000
1.834642,960.000000
0.518337,960.000000
0.995754,960.000000
0.709924,960.000000
2.139692,960.000000
1.426668,960.000000
1.763959,960.000000
3.134205,960.000000
2.173173,960.000000
2.450942,960.000000
1.313204,960.000000
2.604708,960.000000
3.249529,960.000000
4.883904,960.000000
0.978393,960.000000
1.870603,960.000000
2.137832,960.000000
2.098771,960.000000
2.586727,960.000000
3.594881,960.000000
2.407541,960.000000
2.570606,960.000000
0.807887,960.000000
1.400007,960.000000
0.944912,960.000000
1.871843,960.000000
1.838982,960.000000
1.484950,960.000000
2.045449,960.000000
3.626502,960.000000
2.223395,960.000000
1.424808,960.000000
2.941999,960.000000
3.168307,960.000000
5.355740,960.000000
1.144559,960.000000
2.224015,960.000000
1.983447,960.000000
1.816661,960.000000
2.346159,960.000000
4.253963,960.000000
2.431722,960.000000
2.728712,960.000000
0.749605,960.000000
1.723038,960.000000
1.438448,960.000000
2.380260,960.000000
1.703817,960.000000
1.603994,960.000000
2.270516,960.000000
2.108071,960.000000
3.212328,960.000000
1.484950,960.000000
2.490624,960.000000
2.871317,960.000000
4.573274,960.000000
0.988933,960.000000
1.741019,960.000000
2.402581,960.000000
1.961746,960.000000
3.053603,960.000000
4.203741,960.000000
2.492484,960.000000
2.565646,960.000000
1.006294,960.000000
1.271663,960.000000
1.235702,960.000000
1.315064,960.000000
1.260502,960.000000
0.964132,960.000000
1.395047,960.000000
1.451469,960.000000
1.745359,960.000000
1.175560,960.000000
1.513471,960.000000
1.696997,960.000000
3.074683,960.000000
0.533838,960.000000
1.181760,960.000000
1.431008,960.000000
1.365286,960.000000
1.726758,960.000000
2.545806,960.000000
1.550672,960.000000
1.543232,960.000000
0.558639,960.000000
1.037295,960.000000
0.885390,960.000000
2.245716,960.000000
1.726758,960.000000
1.790620,960.000000
2.555726,960.000000
2.886817,960.000000
2.363520,960.000000
1.667856,960.000000
3.400194,960.000000
3.741206,960.000000
5.653350,960.000000
1.308864,960.000000
2.462723,960.000000
1.985927,960.000000
2.150232,960.000000
2.525345,960.000000
4.508792,960.000000
2.928979,960.000000
3.096384,960.000000
0.797967,960.000000
1.753419,960.000000
1.540752,960.000000
2.540225,960.000000
1.867503,960.000000
1.795580,960.000000
3.113125,960.000000
3.181947,960.000000
2.684690,960.000000
1.682737,960.000000
3.737486,960.000000
5.719692,960.000000
6.258491,960.000000
1.466969,960.000000
2.887437,960.000000
2.476983,960.000000
2.594787,960.000000
3.414455,960.000000
4.966367,960.000000
3.260070,960.000000
3.137926,960.000000
1.039155,960.000000
2.079550,960.000000
1.698857,960.000000
4.315965,960.000000
3.682304,960.000000
3.109405,960.000000
4.728279,960.000000
5.557867,960.000000
4.554673,960.000000
3.225349,960.000000
5.812696,960.000000
6.683205,960.000000
11.750635,960.000000
2.499924,960.000000
4.379827,960.000000
4.544753,960.000000
4.004095,960.000000
5.448123,960.000000
9.168248,960.000000
5.528726,960.000000
5.447503,960.000000
1.848902,960.000000
3.052983,960.000000
2.942619,960.000000
1.013114,960.000000
0.616301,960.000000
0.558639,960.000000
1.014354,960.000000
1.087517,960.000000
0.892210,960.000000
0.634281,960.000000
1.300804,960.000000
1.515331,960.000000
2.547666,960.000000
0.685123,960.000000
0.887250,960.000000
0.891590,960.000000
0.853149,960.000000
1.157579,960.000000
1.917725,960.000000
1.373346,960.000000
1.308244,960.000000
0.386273,960.000000
0.645442,960.000000
0.646682,960.000000
1.545712,960.000000
1.320024,960.000000
1.365286,960.000000
1.922685,960.000000
2.015068,960.000000
1.796820,960.000000
1.160679,960.000000
2.402581,960.000000
2.786994,960.000000
3.978054,960.000000
0.910191,960.000000
1.773260,960.000000
1.528351,960.000000
1.664136,960.000000
2.020648,960.000000
3.344393,960.000000
2.362279,960.000000
2.129152,960.000000
0.682643,960.000000
1.272903,960.000000
1.161299,960.000000
2.090710,960.000000
1.636235,960.000000
1.470689,960.000000
2.054129,960.000000
1.943765,960.000000
2.214715,960.000000
1.411167,960.000000
2.127292,960.000000
2.432342,960.000000
4.648296,960.000000
0.802927,960.000000
1.710638,960.000000
2.790094,960.000000
1.790000,960.000000
2.525965,960.000000
4.108258,960.000000
2.635709,960.000000
2.403201,960.000000
0.824628,960.000000
1.251202,960.000000
1.067056,960.000000
1.744119,960.000000
1.385747,960.000000
1.217721,960.000000
1.903464,960.000000
1.840842,960.000000
1.822861,960.000000
1.390707,960.000000
2.222775,960.000000
2.406301,960.000000
4.429429,960.000000
0.946152,960.000000
1.586013,960.000000
1.932605,960.000000
1.977867,960.000000
2.238275,960.000000
3.349353,960.000000
2.158913,960.000000
2.079550,960.000000
0.738445,960.000000
1.171219,960.000000
1.182380,960.000000
2.462723,960.000000
1.985307,960.000000
1.499210,960.000000
2.415601,960.000000
2.455283,960.000000
2.855816,960.000000
1.844562,960.000000
2.625168,960.000000
3.283010,960.000000
5.438823,960.000000
1.138358,960.000000
1.837742,960.000000
2.642529,960.000000
2.293457,960.000000
3.833589,960.000000
4.528632,960.000000
2.731192,960.000000
2.632609,960.000000
1.183000,960.000000
1.534552,960.000000
1.646775,960.000000
3.800728,960.000000
3.221628,960.000000
2.620828,960.000000
3.656263,960.000000
4.105778,960.000000
4.281864,960.000000
2.503024,960.000000
4.222962,960.000000
4.570174,960.000000
9.188089,960.000000
1.849522,960.000000
3.286111,960.000000
4.146079,960.000000
3.333852,960.000000
4.591254,960.000000
8.028030,960.000000
4.514372,960.000000
4.680537,960.000000
1.786900,960.000000
2.512945,960.000000
2.526585,960.000000
2.586727,960.000000
1.649876,960.000000
1.620115,960.000000
2.755373,960.000000
2.377160,960.000000
2.538365,960.000000
1.489290,960.000000
2.811175,960.000000
3.354933,960.000000
5.452463,960.000000
1.356606,960.000000
2.060329,960.000000
2.384600,960.000000
2.196734,960.000000
2.750413,960.000000
4.545373,960.000000
3.344393,960.000000
2.955639,960.000000
0.934991,960.000000
1.546952,960.000000
1.368386,960.000000
2.560066,960.000000
1.907804,960.000000
1.773260,960.000000
2.664850,960.000000
2.889297,960.000000
2.751653,960.000000
1.593454,960.000000
3.097624,960.000000
3.183187,960.000000
5.740153,960.000000
1.289023,960.000000
2.258736,960.000000
2.148992,960.000000
1.939425,960.000000
2.646249,960.000000
4.501971,960.000000
2.773973,960.000000
3.518618,960.000000
0.894690,960.000000
1.649255,960.000000
1.382647,960.000000
0.720464,960.000000
0.670863,960.000000
0.496017,960.000000
0.811607,960.000000
0.827728,960.000000
0.882910,960.000000
0.602660,960.000000
0.902130,960.000000
1.085037,960.000000
1.920825,960.000000
0.458815,960.000000
0.725424,960.000000
0.903370,960.000000
0.733485,960.000000
1.019314,960.000000
1.618254,960.000000
1.025515,960.000000
0.851909,960.000000
0.496637,960.000000
0.542518,960.000000
0.639242,960.000000
1.178660,960.000000
1.331805,960.000000
1.009394,960.000000
1.452089,960.000000
1.667236,960.000000
1.388847,960.000000
0.987073,960.000000
1.772640,960.000000
1.775740,960.000000
3.060423,960.000000
0.721704,960.000000
1.312584,960.000000
1.323745,960.000000
1.244382,960.000000
1.422948,960.000000
2.422422,960.000000
1.564313,960.000000
1.682737,960.000000
0.499117,960.000000
1.298944,960.000000
0.897170,960.000000
0.977153,960.000000
1.148899,960.000000
0.659082,960.000000
0.969093,960.000000
1.427908,960.000000
1.180520,960.000000
0.894690,960.000000
1.519671,960.000000
1.785660,960.000000
3.031902,960.000000
0.641722,960.000000
1.093717,960.000000
1.174320,960.000000
1.149519,960.000000
1.599034,960.000000
2.359179,960.000000
1.479990,960.000000
1.383267,960.000000
0.644822,960.000000
0.892210,960.000000
1.682117,960.000000
2.474201,960.000000
1.526067,960.000000
1.482040,960.000000
2.267708,960.000000
1.951456,960.000000
2.286931,960.000000
1.274307,960.000000
2.277009,960.000000
2.492184,960.000000
4.353106,960.000000
0.931391,960.000000
1.685433,960.000000
2.190195,960.000000
1.742483,960.000000
2.470481,960.000000
3.772072,960.000000
2.330338,960.000000
2.423973,960.000000
0.798690,960.000000
1.237101,960.000000
0.998982,960.000000
1.407008,960.000000
1.941535,960.000000
0.975418,960.000000
1.384064,960.000000
1.868363,960.000000
1.749924,960.000000
1.037428,960.000000
1.870223,960.000000
1.861542,960.000000
3.550696,960.000000
0.767064,960.000000
1.312753,960.000000
1.566994,960.000000
1.349339,960.000000
1.783409,960.000000
3.050275,960.000000
1.787750,960.000000
2.203837,960.000000
0.694513,960.000000
1.141605,960.000000
1.175091,960.000000
1.402047,960.000000
0.977899,960.000000
1.370422,960.000000
2.007886,960.000000
1.502504,960.000000
1.695975,960.000000
0.894185,960.000000
1.595519,960.000000
2.059974,960.000000
3.001287,960.000000
0.626922,960.000000
1.380344,960.000000
1.389645,960.000000
1.305932,960.000000
1.666210,960.000000
2.409091,960.000000
1.644507,960.000000
1.725740,960.000000
0.497321,960.000000
0.977278,960.000000
0.587235,960.000000
2.291272,960.000000
1.302211,960.000000
1.940915,960.000000
3.054615,960.000000
2.025248,960.000000
2.463039,960.000000
1.322674,960.000000
2.269568,960.000000
3.544495,960.000000
4.614788,960.000000
0.977278,960.000000
1.939054,960.000000
2.020288,960.000000
2.247244,960.000000
2.818977,960.000000
3.805557,960.000000
2.337159,960.000000
2.352662,960.000000
0.734819,960.000000
1.429332,960.000000
1.056031,960.000000
1.934094,960.000000
1.935954,960.000000
1.441734,960.000000
1.969439,960.000000
3.295214,960.000000
2.162291,960.000000
1.459097,960.000000
3.055235,960.000000
2.995706,960.000000
5.627413,960.000000
1.141605,960.000000
2.023388,960.000000
2.002925,960.000000
1.762946,960.000000
2.262127,960.000000
4.178238,960.000000
2.506446,960.000000
2.925634,960.000000
0.884263,960.000000
1.730081,960.000000
1.530408,960.000000
2.339639,960.000000
1.837358,960.000000
1.622803,960.000000
2.336539,960.000000
2.440716,960.000000
3.097402,960.000000
1.514906,960.000000
2.287551,960.000000
2.667673,960.000000
4.919258,960.000000
1.025646,960.000000
1.625904,960.000000
2.446297,960.000000
1.911150,960.000000
2.787972,960.000000
4.049877,960.000000
2.460559,960.000000
2.621165,960.000000
0.948754,960.000000
1.403288,960.000000
1.271206,960.000000
1.237721,960.000000
1.086416,960.000000
0.948754,960.000000
1.525447,960.000000
1.443594,960.000000
1.373523,960.000000
1.065333,960.000000
1.737522,960.000000
1.712098,960.000000
3.300175,960.000000
0.611419,960.000000
1.137885,960.000000
1.337557,960.000000
1.289189,960.000000
1.671171,960.000000
2.649690,960.000000
1.815654,960.000000
1.759225,960.000000
0.512823,960.000000
0.891085,960.000000
0.841476,960.000000
2.240423,960.000000
1.777208,960.000000
1.690394,960.000000
2.218720,960.000000
3.050895,960.000000
2.531250,960.000000
1.633345,960.000000
3.463262,960.000000
3.562478,960.000000
5.965367,960.000000
1.276167,960.000000
2.389868,960.000000
2.110202,960.000000
1.966959,960.000000
2.475441,960.000000
4.384731,960.000000
2.791073,960.000000
3.067017,960.000000
0.905967,960.000000
1.997344,960.000000
1.590558,960.000000
2.534351,960.000000
1.945876,960.000000
1.983702,960.000000
3.542634,960.000000
2.794173,960.000000
2.797894,960.000000
1.782789,960.000000
3.519691,960.000000
5.461846,960.000000
6.246893,960.000000
1.447935,960.000000
2.651550,960.000000
2.522569,960.000000
2.632327,960.000000
3.556277,960.000000
4.867169,960.000000
3.378928,960.000000
3.195998,960.000000
1.038668,960.000000
1.912390,960.000000
1.764806,960.000000
4.433719,960.000000
3.602164,960.000000
2.998806,960.000000
4.573862,960.000000
5.613770,960.000000
4.764233,960.000000
3.450860,960.000000
5.983970,960.000000
6.292160,960.000000
11.840200,960.000000
2.505826,960.000000
4.214203,960.000000
4.478986,960.000000
4.259471,960.000000
5.019094,960.000000
8.874259,960.000000
5.378752,960.000000
5.802281,960.000000
1.950836,960.000000
3.254288,960.000000
3.005007,960.000000
0.987820,960.000000
0.739160,960.000000
0.612659,960.000000
1.039909,960.000000
1.209196,960.000000
0.994021,960.000000
0.660407,960.000000
1.263765,960.000000
1.489482,960.000000
2.523189,960.000000
0.665368,960.000000
0.903487,960.000000
0.959916,960.000000
0.816052,960.000000
1.098818,960.000000
1.851620,960.000000
1.170130,960.000000
1.178191,960.000000
0.420428,960.000000
0.732959,960.000000
0.617620,960.000000
1.573815,960.000000
1.264385,960.000000
1.402047,960.000000
1.993623,960.000000
2.125085,960.000000
1.740622,960.000000
1.139125,960.000000
2.498385,960.000000
2.876026,960.000000
4.041195,960.000000
0.856979,960.000000
1.957037,960.000000
1.545911,960.000000
1.551492,960.000000
2.032690,960.000000
3.248707,960.000000
2.095940,960.000000
2.070516,960.000000
0.660407,960.000000
1.374763,960.000000
1.101299,960.000000
2.132526,960.000000
1.772247,960.000000
1.264385,960.000000
1.945876,960.000000
2.033930,960.000000
2.181514,960.000000
1.521107,960.000000
2.211279,960.000000
2.385527,960.000000
4.650754,960.000000
0.928911,960.000000
1.537229,960.000000
2.684415,960.000000
1.852240,960.000000
2.544893,960.000000
4.123669,960.000000
2.456838,960.000000
2.506446,960.000000
0.850778,960.000000
1.245162,960.000000
1.103159,960.000000
1.817515,960.000000
1.212917,960.000000
1.243302,960.000000
2.056874,960.000000
1.765426,960.000000
2.028349,960.000000
1.408248,960.000000
2.033310,960.000000
2.811536,960.000000
4.221025,960.000000
0.879303,960.000000
1.689154,960.000000
1.750544,960.000000
1.883866,960.000000
2.351421,960.000000
3.407453,960.000000
2.127565,960.000000
2.006025,960.000000
0.783187,960.000000
1.134164,960.000000
1.113081,960.000000
2.361963,960.000000
1.782789,960.000000
1.514286,960.000000
2.678214,960.000000
2.298093,960.000000
2.848742,960.000000
1.596759,960.000000
2.588920,960.000000
3.381408,960.000000
5.418439,960.000000
1.140985,960.000000
1.927273,960.000000
2.551714,960.000000
2.284450,960.000000
3.845244,960.000000
4.761132,960.000000
2.996946,960.000000
2.680695,960.000000
1.109360,960.000000
1.467158,960.000000
1.640166,960.000000
3.645571,960.000000
2.982684,960.000000
2.614344,960.000000
3.834082,960.000000
4.253890,960.000000
3.956862,960.000000
2.628606,960.000000
4.390312,960.000000
4.954603,960.000000
9.002620,960.000000
1.820615,960.000000
3.390710,960.000000
4.064759,960.000000
3.481865,960.000000
4.708424,960.000000
8.059447,960.000000
4.672458,960.000000
4.293576,960.000000
1.651948,960.000000
2.485363,960.000000
2.536831,960.000000
2.356382,960.000000
1.781549,960.000000
1.651328,960.000000
2.481642,960.000000
2.584579,960.000000
2.447537,960.000000
1.666830,960.000000
2.878507,960.000000
3.526512,960.000000
5.195202,960.000000
1.287949,960.000000
2.130666,960.000000
2.565356,960.000000
2.233602,960.000000
2.797894,960.000000
4.715245,960.000000
3.195998,960.000000
2.714180,960.000000
0.912788,960.000000
1.534749,960.000000
1.418790,960.000000
2.540552,960.000000
2.162911,960.000000
1.781549,960.000000
2.547993,960.000000
2.838200,960.000000
2.619925,960.000000
1.546531,960.000000
2.976483,960.000000
3.220182,960.000000
5.686322,960.000000
1.222218,960.000000
2.165391,960.000000
2.275769,960.000000
2.055633,960.000000
2.622405,960.000000
4.609828,960.000000
2.869205,960.000000
3.469463,960.000000
0.902866,960.000000
1.670551,960.000000
1.383444,960.000000
0.801170,960.000000
0.643664,960.000000
0.552510,960.000000
0.769545,960.000000
0.894805,960.000000
0.904727,960.000000
0.505382,960.000000
0.930151,960.000000
0.963636,960.000000
1.973160,960.000000
0.460735,960.000000
0.654206,960.000000
0.815432,960.000000
0.716836,960.000000
1.053551,960.000000
1.679852,960.000000
1.022546,960.000000
0.987200,960.000000
0.501661,960.000000
0.526465,960.000000
0.581034,960.000000
1.260664,960.000000
1.083316,960.000000
0.978519,960.000000
1.293530,960.000000
1.612882,960.000000
1.434913,960.000000
0.984720,960.000000
1.913010,960.000000
1.945876,960.000000
3.125927,960.000000
0.699473,960.000000
1.363601,960.000000
1.261905,960.000000
1.158968,960.000000
1.417550,960.000000
2.406610,960.000000
1.633345,960.000000
1.816895,960.000000
0.482438,960.000000
1.179431,960.000000
0.958675,960.000000
0.985340,960.000000
1.118661,960.000000
0.652346,960.000000
0.988440,960.000000
1.500023,960.000000
1.284848,960.000000
0.891085,960.000000
1.614742,960.000000
1.751784,960.000000
3.026091,960.000000
0.584135,960.000000
1.074014,960.000000
1.145946,960.000000
1.126103,960.000000
1.664970,960.000000
2.460559,960.000000
1.419410,960.000000
1.311513,960.000000
0.599637,960.000000
0.873722,960.000000
1.624043,960.000000
2.663154,960.000000
1.424607,960.000000
1.451896,960.000000
2.021863,960.000000
1.919530,960.000000
2.587489,960.000000
1.353284,960.000000
2.143423,960.000000
2.446083,960.000000
4.440657,960.000000
0.954493,960.000000
1.584620,960.000000
2.176914,960.000000
1.770061,960.000000
2.432438,960.000000
3.670985,960.000000
2.338787,960.000000
2.480814,960.000000
0.823010,960.000000
1.261494,960.000000
1.027677,960.000000
1.397319,960.000000
1.827740,960.000000
1.004730,960.000000
1.300567,960.000000
2.094427,960.000000
1.890380,960.000000
1.107063,960.000000
1.753315,960.000000
1.925732,960.000000
3.618267,960.000000
0.631987,960.000000
1.323514,960.000000
1.693776,960.000000
1.327236,960.000000
1.815336,960.000000
3.127066,960.000000
1.753315,960.000000
1.774402,960.000000
0.792620,960.000000
1.171564,960.000000
1.156059,960.000000
1.477945,960.000000
1.059308,960.000000
1.308629,960.000000
1.939376,960.000000
1.495311,960.000000
1.459339,960.000000
1.024576,960.000000
1.715483,960.000000
2.051013,960.000000
2.912476,960.000000
0.604698,960.000000
1.304908,960.000000
1.402900,960.000000
1.311110,960.000000
1.611909,960.000000
2.634625,960.000000
1.556711,960.000000
1.675170,960.000000
0.490581,960.000000
1.043182,960.000000
0.633848,960.000000
2.263743,960.000000
1.440733,960.000000
1.749594,960.000000
3.360263,960.000000
2.037989,960.000000
2.283589,960.000000
1.335918,960.000000
2.402048,960.000000
3.670985,960.000000
4.537409,960.000000
1.012172,960.000000
2.073961,960.000000
1.998916,960.000000
2.066518,960.000000
2.627182,960.000000
3.648037,960.000000
2.420034,960.000000
2.464069,960.000000
0.695868,960.000000
1.397319,960.000000
1.060548,960.000000
1.791148,960.000000
1.863091,960.000000
1.409102,960.000000
2.075201,960.000000
3.397475,960.000000
2.160789,960.000000
1.488488,960.000000
2.958991,960.000000
2.980698,960.000000
5.644472,960.000000
1.158540,960.000000
2.108692,960.000000
1.940617,960.000000
1.739671,960.000000
2.215367,960.000000
4.287467,960.000000
2.557719,960.000000
2.851076,960.000000
0.838515,960.000000
1.796109,960.000000
1.560432,960.000000
2.387163,960.000000
1.765099,960.000000
1.611909,960.000000
2.327004,960.000000
2.386543,960.000000
2.937284,960.000000
1.472363,960.000000
2.410111,960.000000
2.659433,960.000000
4.830145,960.000000
0.858982,960.000000
1.829600,960.000000
2.357394,960.000000
1.905265,960.000000
2.873403,960.000000
4.115671,960.000000
2.616018,960.000000
2.612917,960.000000
0.885030,960.000000
1.535624,960.000000
1.254672,960.000000
1.275138,960.000000
1.188930,960.000000
0.884410,960.000000
1.394218,960.000000
1.477945,960.000000
1.501513,960.000000
1.549889,960.000000
1.595163,960.000000
1.917049,960.000000
3.066286,960.000000
0.650593,960.000000
1.127530,960.000000
1.480426,960.000000
1.277619,960.000000
1.602606,960.000000
2.490737,960.000000
1.524460,960.000000
1.502753,960.000000
0.620204,960.000000
0.932166,960.000000
0.891853,960.000000
2.101250,960.000000
1.816576,960.000000
1.596404,960.000000
2.407010,960.000000
2.960231,960.000000
2.379721,960.000000
1.578418,960.000000
3.729904,960.000000
3.533299,960.000000
6.128231,960.000000
1.315452,960.000000
2.456626,960.000000
2.033647,960.000000
1.925112,960.000000
2.454145,960.000000
4.440037,960.000000
2.973256,960.000000
3.151254,960.000000
0.862083,960.000000
1.744632,960.000000
1.488488,960.000000
2.482054,960.000000
2.206684,960.000000
2.105591,960.000000
3.641835,960.000000
2.902552,960.000000
2.601754,960.000000
1.633616,960.000000
3.553146,960.000000
5.601678,960.000000
6.286383,960.000000
1.445074,960.000000
2.653851,960.000000
2.466549,960.000000
2.544075,960.000000
3.652379,960.000000
4.910151,960.000000
3.130167,960.000000
3.155595,960.000000
1.033259,960.000000
1.834562,960.000000
1.688814,960.000000
4.396623,960.000000
3.681528,960.000000
3.075589,960.000000
4.360651,960.000000
5.638270,960.000000
4.714787,960.000000
3.181024,960.000000
5.906198,960.000000
6.399260,960.000000
12.004659,960.000000
2.555238,960.000000
3.910383,960.000000
4.712927,960.000000
4.349487,960.000000
5.248162,960.000000
8.540823,960.000000
5.517951,960.000000
5.803865,960.000000
1.944958,960.000000
3.319949,960.000000
3.040858,960.000000
0.865804,960.000000
0.692767,960.000000
0.692767,960.000000
1.066750,960.000000
1.039461,960.000000
0.934026,960.000000
0.615242,960.000000
1.312971,960.000000
1.567254,960.000000
2.516166,960.000000
0.694008,960.000000
0.966897,960.000000
0.864564,960.000000
0.940849,960.000000
1.166603,960.000000
1.732228,960.000000
1.330957,960.000000
1.234205,960.000000
0.414296,960.000000
0.671060,960.000000
0.608420,960.000000
1.566014,960.000000
1.283201,960.000000
1.329096,960.000000
1.944958,960.000000
2.137221,960.000000
1.747113,960.000000
1.209397,960.000000
2.328244,960.000000
2.856037,960.000000
3.985428,960.000000
0.894333,960.000000
1.863712,960.000000
1.626174,960.000000
1.479806,960.000000
1.918910,960.000000
3.333594,960.000000
2.085124,960.000000
2.305296,960.000000
0.672301,960.000000
1.446315,960.000000
1.135593,960.000000
2.269945,960.000000
1.503994,960.000000
1.413444,960.000000
2.022484,960.000000
2.024964,960.000000
2.304056,960.000000
1.412203,960.000000
2.124197,960.000000
2.444222,960.000000
4.513841,960.000000
0.875727,960.000000
1.623073,960.000000
2.602994,960.000000
1.943718,960.000000
2.503141,960.000000
4.201879,960.000000
2.446083,960.000000
2.349331,960.000000
0.885651,960.000000
1.249090,960.000000
1.226763,960.000000
1.862471,960.000000
1.321654,960.000000
1.428949,960.000000
2.049152,960.000000
1.720445,960.000000
2.055354,960.000000
1.300567,960.000000
2.132880,960.000000
2.522368,960.000000
4.350107,960.000000
0.896194,960.000000
1.642919,960.000000
1.744012,960.000000
1.895962,960.000000
2.285450,960.000000
3.367705,960.000000
2.109312,960.000000
2.042950,960.000000
0.714474,960.000000
1.125049,960.000000
1.159781,960.000000
2.449804,960.000000
1.839524,960.000000
1.538725,960.000000
2.705948,960.000000
2.328864,960.000000
2.967054,960.000000
1.521359,960.000000
2.617879,960.000000
3.300103,960.000000
5.186762,960.000000
1.169704,960.000000
2.164510,960.000000
2.471511,960.000000
2.368557,960.000000
3.769597,960.000000
4.814640,960.000000
2.876504,960.000000
2.694784,960.000000
1.002249,960.000000
1.478565,960.000000
1.610048,960.000000
3.767736,960.000000
3.042098,960.000000
2.531051,960.000000
3.857666,960.000000
4.057371,960.000000
4.075978,960.000000
2.599273,960.000000
4.358170,960.000000
4.924416,960.000000
9.017139,960.000000
1.868053,960.000000
3.310646,960.000000
3.970543,960.000000
3.550045,960.000000
4.641603,960.000000
8.000625,960.000000
4.624237,960.000000
4.548573,960.000000
1.771301,960.000000
2.416313,960.000000
2.508723,960.000000
2.279868,960.000000
1.824019,960.000000
1.523220,960.000000
2.318941,960.000000
2.457246,960.000000
2.362355,960.000000
1.559192,960.000000
3.015430,960.000000
3.370186,960.000000
5.578110,960.000000
1.241647,960.000000
2.130399,960.000000
2.527950,960.000000
2.094427,960.000000
2.828128,960.000000
4.740836,960.000000
3.276535,960.000000
2.978837,960.000000
1.043182,960.000000
1.510196,960.000000
1.421506,960.000000
2.513065,960.000000
1.789287,960.000000
1.830221,960.000000
2.516786,960.000000
2.852936,960.000000
2.725174,960.000000
1.585240,960.000000
3.070007,960.000000
3.227539,960.000000
5.808206,960.000000
1.279480,960.000000
2.108072,960.000000
2.349331,960.000000
2.101250,960.000000
2.672457,960.000000
4.454302,960.000000
2.927981,960.000000
3.504770,960.000000
0.855881,960.000000
1.628034,960.000000
1.376852,960.000000
0.751066,960.000000
0.677882,960.000000
0.507326,960.000000
0.768432,960.000000
0.943330,960.000000
0.978681,960.000000
0.618343,960.000000
0.851539,960.000000
1.043182,960.000000
1.961084,960.000000
0.444066,960.000000
0.675402,960.000000
0.851539,960.000000
0.786418,960.000000
1.027677,960.000000
1.625553,960.000000
0.934647,960.000000
0.939608,960.000000
0.421118,960.000000
0.485619,960.000000
0.641290,960.000000
1.095279,960.000000
1.112645,960.000000
1.050625,960.000000
1.357005,960.000000
1.653463,960.000000
1.376852,960.000000
0.958214,960.000000
1.861231,960.000000
2.055975,960.000000
2.989381,960.000000
0.706412,960.000000
1.314211,960.000000
1.219320,960.000000
1.170324,960.000000
1.464301,960.000000
2.553378,960.000000
1.601365,960.000000
1.708661,960.000000
0.524072,960.000000
1.357625,960.000000
0.882550,960.000000
1.001008,960.000000
1.123809,960.000000
0.617723,960.000000
1.051245,960.000000
1.586481,960.000000
1.245369,960.000000
0.917281,960.000000
1.566014,960.000000
1.696877,960.000000
2.903173,960.000000
0.623925,960.000000
1.032639,960.000000
1.116987,960.000000
1.094659,960.000000
1.697497,960.000000
2.629663,960.000000
1.494070,960.000000
1.288783,960.000000
0.557563,960.000000
0.876968,960.000000
1.575317,960.000000
42.961310,960.000000
34.477758,960.000000
30.711353,960.000000
46.534344,960.000000
48.841485,960.000000
47.669455,960.000000
29.965846,960.000000
53.095575,960.000000
61.652835,960.000000
102.351156,960.000000
21.939772,960.000000
39.155106,960.000000
43.994721,960.000000
39.747321,960.000000
52.918124,960.000000
83.475562,960.000000
52.108826,960.000000
53.193569,960.000000
17.948104,960.000000
30.020367,960.000000
27.710741,960.000000
