3,18,20,2,0,0.626787
3,20,1,0,0,0.483625
3,14,20,3,3,0.411647
3,3,2,2,1,0.398373
2,20,1,3,1,0.267183
3,18,18,2,1,0.324080
3,3,11,3,0,0.288944
2,20,1,0,0,0.213530
3,19,2,3,3,0.246059
0,0,1,3,3,0.181430
0,0,2,0,3,0.165451
3,1,1,2,0,0.157438
3,8,11,2,0,0.155280
0,3,1,2,0,0.160344
2,20,0,2,0,0.139222
0,3,2,2,0,0.162260
2,3,0,2,0,0.136601
3,10,8,2,3,0.128391
0,3,0,2,3,0.125498
0,0,2,2,3,0.115752
3,19,7,3,0,0.113387
0,2,1,2,0,0.107324
0,2,3,3,0,0.099121
3,5,3,0,2,0.109278
2,14,3,0,2,0.098411
2,20,3,0,2,0.090771
2,2,1,1,2,0.093165
3,8,7,0,0,0.085658
0,1,3,0,0,0.084001
2,6,2,3,0,0.075083
3,11,19,3,3,0.070400
0,2,2,3,3,0.075857
3,3,11,1,0,0.073973
0,0,3,3,0,0.075832
0,0,1,1,0,0.066821
0,3,2,0,0,0.069486
2,2,0,2,0,0.067019
2,11,0,2,0,0.059296
2,17,0,2,0,0.056147
3,19,2,2,2,0.065019
2,9,0,2,2,0.063010
0,3,0,2,2,0.063346
2,12,0,2,2,0.061273
0,3,2,3,2,0.052728
2,1,3,1,2,0.056690
0,1,2,3,2,0.056176
0,3,3,1,2,0.053447
0,0,0,2,2,0.046293
2,18,2,0,2,0.053133
2,3,1,1,2,0.056078
2,20,2,0,2,0.052820
0,0,1,1,2,0.058461
3,18,12,1,1,0.051976
0,2,3,1,1,0.046783
2,9,2,0,1,0.046112
0,1,1,2,1,0.041859
3,3,11,2,0,0.038601
2,11,0,3,0,0.054036
2,20,2,0,0,0.048003
2,2,0,3,0,0.050451
2,14,2,0,0,0.048709
0,1,0,3,0,0.044553
2,6,1,2,0,0.034763
0,3,0,3,0,0.036905
0,1,2,0,0,0.032268
3,2,12,0,0,0.041706
3,4,10,0,2,0.038262
3,8,8,3,1,0.034763
0,3,1,2,1,0.032164
0,3,1,2,1,0.032646
0,1,1,3,1,0.036426
2,1,1,3,1,0.029680
0,2,1,3,1,0.028948
3,10,7,0,3,0.033459
3,5,7,0,0,0.030878
2,18,3,0,0,0.027713
3,7,12,0,0,0.038118
2,12,2,0,0,0.035001
3,3,11,0,0,0.030225
2,3,2,0,0,0.037869
0,1,2,0,0,0.033112
3,10,2,0,0,0.036893
2,18,2,0,0,0.031478
3,14,18,0,1,0.030069
2,14,3,0,1,0.034021
0,3,1,0,1,0.026832
3,10,11,0,3,0.029051
0,2,0,2,3,0.028298
3,12,2,0,3,0.028939
2,20,2,0,3,0.033146
0,3,2,0,3,0.032453
3,7,19,3,2,0.026360
2,13,3,0,2,0.027594
3,5,13,0,2,0.027412
0,0,3,0,2,0.026561
2,14,3,3,2,0.026259
3,19,7,2,0,0.027466
0,0,2,0,0,0.027830
2,1,3,3,0,0.025913
0,3,2,3,0,0.028312
2,4,2,0,0,0.031256
3,11,19,3,1,0.029949
3,3,11,3,0,0.025593
2,2,3,3,0,0.029028
2,18,2,0,0,0.028270
2,18,3,3,0,0.030343
0,2,1,2,0,0.022571
0,2,1,0,0,0.022326
2,3,3,3,0,0.024250
2,9,0,0,0,0.027408
0,2,3,3,0,0.022840
2,15,3,3,0,0.021218
0,2,3,1,0,0.020100
0,3,3,3,0,0.020636
2,20,0,0,0,0.026182
0,1,0,2,0,0.026873
0,0,0,0,0,0.026442
2,14,3,2,0,0.019061
3,2,12,2,0,0.025440
2,6,3,2,0,0.026397
2,1,0,2,0,0.021617
2,16,3,2,0,0.025675
2,13,0,2,0,0.021225
0,1,3,2,0,0.019792
3,7,12,2,0,0.020523
0,0,1,3,0,0.022757
2,14,1,3,0,0.016959
2,14,1,2,0,0.020748
2,4,1,2,0,0.021372
0,0,1,3,0,0.023188
0,3,1,2,0,0.018664
0,3,1,2,0,0.021954
2,18,2,0,0,0.022970
0,2,3,3,0,0.019479
3,10,11,0,3,0.019417
0,3,2,0,3,0.016842
2,20,2,0,3,0.019897
0,1,0,2,3,0.022612
3,3,11,0,0,0.021231
2,11,0,0,0,0.017833
0,1,3,0,0,0.021278
0,1,3,0,0,0.017680
0,2,2,2,0,0.015126
0,3,1,2,0,0.014392
0,3,1,2,0,0.017051
2,3,2,3,0,0.021006
0,1,2,0,0,0.019280
2,1,2,3,0,0.019087
2,0,2,2,0,0.019443
3,10,4,3,1,0.018971
0,3,2,3,1,0.020226
2,12,0,0,1,0.016724
2,0,0,0,1,0.015900
0,2,0,0,1,0.014683
0,0,0,2,1,0.016450
3,8,8,0,0,0.022632
3,8,7,2,0,0.021188
0,1,0,2,0,0.022657
3,19,7,3,2,0.019816
2,19,3,0,2,0.016853
0,2,3,0,2,0.014563
2,14,3,3,2,0.018690
2,1,1,1,2,0.016508
2,20,2,2,2,0.018069
3,2,12,1,2,0.017271
0,0,2,2,2,0.016886
0,0,2,2,2,0.018558
3,7,19,2,0,0.014383
2,7,3,3,0,0.016666
3,7,10,2,3,0.015796
2,3,3,1,3,0.012998
2,9,1,2,3,0.013132
0,1,3,3,3,0.013613
2,16,3,1,3,0.015673
2,15,3,1,3,0.014913
0,1,3,1,3,0.016002
3,10,4,3,1,0.014706
0,0,1,0,1,0.017516
0,0,3,3,1,0.015781
0,3,2,2,1,0.015988
0,3,2,2,1,0.016044
0,3,1,2,1,0.013304
0,3,1,2,1,0.013877
0,3,1,2,1,0.016364
3,9,4,0,2,0.019207
3,9,4,1,2,0.021363
0,2,1,1,2,0.016018
0,1,1,1,2,0.016339
0,0,2,3,2,0.012998
0,2,1,1,2,0.012357
0,3,2,2,2,0.013231
0,0,1,0,2,0.016181
0,0,2,0,2,0.012548
0,0,2,0,2,0.013144
2,1,0,2,2,0.015655
2,1,2,2,2,0.016722
2,14,1,0,2,0.014753
2,14,1,0,2,0.017040
2,14,2,2,2,0.014075
0,3,2,0,2,0.015990
3,13,5,2,0,0.014514
2,13,1,0,0,0.015210
2,6,2,2,0,0.015018
2,9,1,0,0,0.014057
0,2,3,1,0,0.012090
0,2,1,2,0,0.011594
2,15,3,0,0,0.011478
0,0,0,0,0,0.011432
0,2,3,0,0,0.014522
3,8,8,2,1,0.016193
0,2,3,3,1,0.013768
2,13,2,2,1,0.013825
0,0,2,1,1,0.012928
0,2,2,2,1,0.011104
0,3,1,0,1,0.013711
2,18,1,3,1,0.014934
3,2,12,2,0,0.015591
2,0,1,3,0,0.014878
0,3,3,3,0,0.013941
2,20,1,3,0,0.013849
0,1,0,2,0,0.015090
0,2,1,3,0,0.014667
0,3,3,1,0,0.012143
0,3,3,0,0,0.012586
0,3,3,3,0,0.011560
0,0,1,0,0,0.011556
3,2,12,2,2,0.014902
2,1,3,2,2,0.012929
3,10,4,2,1,0.014448
2,13,2,3,1,0.012409
0,0,2,2,1,0.013857
0,0,2,0,1,0.012639
0,0,2,0,1,0.013636
0,2,0,1,1,0.012219
2,14,3,0,1,0.011414
2,14,0,3,1,0.013087
0,2,0,3,1,0.013767
0,0,2,2,1,0.012202
0,0,0,0,1,0.011074
3,19,7,3,2,0.011161
2,19,2,2,2,0.015235
0,2,2,3,2,0.013172
0,0,2,2,2,0.012508
0,0,3,2,2,0.012081
2,14,1,3,2,0.012451
0,1,3,0,2,0.011046
0,0,3,0,2,0.010186
0,1,3,3,2,0.010667
2,6,1,3,2,0.013355
0,0,3,0,2,0.013982
2,1,1,0,2,0.011539
2,1,2,1,2,0.013685
0,2,3,2,2,0.011233
2,20,2,3,2,0.012878
2,1,0,2,2,0.013427
2,18,1,3,2,0.013812
2,2,0,2,2,0.013421
0,3,1,3,2,0.013395
2,3,0,2,2,0.011910
2,2,2,3,2,0.012975
3,12,2,3,3,0.011592
2,12,1,3,3,0.011992
2,2,0,2,3,0.013481
0,1,2,3,3,0.012426
0,3,1,3,3,0.011098
2,16,3,1,3,0.011300
0,3,3,1,3,0.010531
2,9,3,1,3,0.010850
2,19,3,3,3,0.011660
0,2,1,0,3,0.011876
2,19,3,1,3,0.010181
3,7,19,1,2,0.011017
0,0,1,3,2,0.012318
0,0,1,3,2,0.012939
2,5,1,3,2,0.013241
2,16,3,3,2,0.011209
0,0,1,3,2,0.011450
0,0,1,3,2,0.010939
0,3,3,3,2,0.012459
3,19,7,1,2,0.011021
3,10,4,0,1,0.009847
3,9,4,1,2,0.010809
0,3,3,0,2,0.010996
0,1,3,0,2,0.011400
2,15,3,1,2,0.009293
0,2,3,1,2,0.010493
0,1,3,1,2,0.009135
0,2,3,1,2,0.009896
2,11,0,1,2,0.008745
2,11,2,0,2,0.009203
2,6,2,0,2,0.012104
0,1,0,2,2,0.011443
0,0,2,0,2,0.011733
2,14,2,0,2,0.009448
0,0,2,0,2,0.010780
0,0,0,2,2,0.009010
0,3,2,3,2,0.010474
3,8,8,3,1,0.011402
2,5,0,0,1,0.008671
3,8,8,0,1,0.010046
2,13,1,2,1,0.009903
0,3,1,3,1,0.011571
2,15,3,0,1,0.009292
2,15,0,0,1,0.012132
0,1,3,0,1,0.009651
2,1,0,0,1,0.009040
2,15,3,3,1,0.009179
2,1,0,0,1,0.009521
0,3,0,0,1,0.008764
0,3,0,0,1,0.012637
0,3,0,0,1,0.011272
0,3,0,0,1,0.010056
2,20,2,0,1,0.010868
2,1,3,2,1,0.011484
2,18,2,0,1,0.011790
2,19,3,2,1,0.011333
2,16,2,0,1,0.011241
2,2,2,3,1,0.010513
2,4,2,0,1,0.011346
2,4,3,3,1,0.010607
2,14,3,3,1,0.009383
0,0,2,0,1,0.008923
0,3,3,0,1,0.008576
0,3,3,0,1,0.008559
0,0,2,0,1,0.009672
0,2,2,2,1,0.008194
0,1,3,3,1,0.008143
0,3,1,2,1,0.008497
0,3,1,2,1,0.011686
0,3,1,2,1,0.008545
0,0,2,3,1,0.010682
3,13,5,2,0,0.009129
2,13,1,2,0,0.011440
2,19,0,2,0,0.010245
3,19,7,2,2,0.009408
0,0,0,0,2,0.009716
2,0,1,2,2,0.008722
0,2,3,0,2,0.009014
0,2,3,0,2,0.009606
2,0,2,0,2,0.012396
0,3,1,2,2,0.010144
0,1,0,3,2,0.010285
0,0,2,2,2,0.008001
0,3,0,0,2,0.008613
3,13,5,2,0,0.008516
0,3,2,2,0,0.010663
0,1,2,0,0,0.010598
0,1,0,0,0,0.010419
2,1,2,2,0,0.009988
0,3,2,0,0,0.009873
0,3,0,2,0,0.008417
0,1,1,1,0,0.008583
2,9,1,1,0,0.007679
0,3,0,0,0,0.007519
0,0,1,0,0,0.007480
3,19,7,3,0,0.010093
3,7,19,0,2,0.009427
2,7,1,3,2,0.007936
3,19,7,2,0,0.009577
0,0,1,0,0,0.008626
0,1,2,0,0,0.010295
2,1,3,2,0,0.010029
2,18,3,3,0,0.010521
0,2,3,2,0,0.010127
2,6,0,2,0,0.010208
0,2,2,3,0,0.009872
0,0,1,3,0,0.009459
0,0,1,3,0,0.009362
3,7,10,3,2,0.014438
3,4,10,3,2,0.012544
0,0,1,3,2,0.010176
2,4,1,3,2,0.009992
3,5,4,3,1,0.040486
2,4,1,3,1,0.018646
3,5,13,3,3,0.016962
3,19,7,1,0,0.011308
3,5,13,0,3,0.011892
0,1,1,1,3,0.013558
2,13,0,2,3,0.009590
0,1,1,1,3,0.009481
2,15,1,3,3,0.008746
2,14,1,0,3,0.008282
2,3,0,2,3,0.008098
0,3,0,2,3,0.007946
0,0,1,3,3,0.008997
3,7,19,0,0,0.008878
0,3,1,0,0,0.009149
3,4,10,2,2,0.010380
3,10,3,0,0,0.018612
2,16,2,2,0,0.015671
0,3,2,3,0,0.008220
2,8,2,2,0,0.010065
2,12,1,0,0,0.007978
0,3,1,0,0,0.007767
0,2,1,0,0,0.007949
2,17,0,2,0,0.008702
2,17,2,1,0,0.007900
2,14,2,1,0,0.007274
2,14,0,2,0,0.007763
0,1,1,2,0,0.008832
3,12,2,2,1,0.009810
2,8,3,3,1,0.008084
2,20,0,2,1,0.009373
2,1,3,3,1,0.009504
3,4,10,2,1,0.009732
0,1,3,3,1,0.008475
0,0,0,2,1,0.009188
3,8,8,1,1,0.008853
2,19,1,1,1,0.009047
0,2,3,3,1,0.009535
0,2,3,3,1,0.010276
0,2,3,3,1,0.009345
0,2,3,2,1,0.009528
0,0,2,1,1,0.007579
0,1,3,1,1,0.007524
0,3,1,3,1,0.007218
2,9,3,1,1,0.007563
0,2,3,2,1,0.008747
0,3,1,3,1,0.009998
2,15,1,1,1,0.009265
2,3,0,0,1,0.007947
0,2,1,1,1,0.007954
0,2,1,1,1,0.009815
0,3,0,0,1,0.007348
0,1,3,0,1,0.007147
0,3,0,2,1,0.007572
0,2,1,1,1,0.008449
2,16,2,2,1,0.008484
2,19,1,2,1,0.007286
0,2,1,2,1,0.006905
0,2,1,2,1,0.007643
2,2,1,0,1,0.008414
3,13,5,3,0,0.010010
2,13,1,0,0,0.008570
0,0,3,3,0,0.009174
0,0,3,3,0,0.009151
0,2,2,2,0,0.008630
0,2,1,0,0,0.007171
0,3,1,0,0,0.007580
0,0,2,2,0,0.008772
0,0,2,2,0,0.009279
2,2,3,0,0,0.007297
0,0,3,1,0,0.006726
0,0,3,0,0,0.007880
2,5,3,1,0,0.008405
0,3,2,2,0,0.008300
2,18,3,1,0,0.008823
2,2,3,2,0,0.009030
2,20,3,1,0,0.008985
0,1,0,0,0,0.008668
0,2,3,1,0,0.008241
0,2,3,0,0,0.008028
2,11,2,0,0,0.009062
0,2,3,3,0,0.009306
0,2,3,3,0,0.009108
0,2,3,3,0,0.008282
0,0,3,2,0,0.007894
2,0,3,2,0,0.008045
0,3,2,0,0,0.008161
2,14,2,0,0,0.008460
2,11,2,0,0,0.008069
0,0,2,0,0,0.007579
0,0,1,3,0,0.007014
0,0,1,0,0,0.007700
2,6,2,0,0,0.009384
2,2,1,2,0,0.008363
0,1,2,0,0,0.008705
2,19,1,2,0,0.008064
2,1,1,3,0,0.008453
2,1,1,2,0,0.007390
2,4,1,3,0,0.008731
0,1,1,2,0,0.008242
2,10,1,3,0,0.007975
2,1,0,0,0,0.007718
3,12,2,3,1,0.008037
2,14,3,0,1,0.006912
0,1,3,0,1,0.006738
2,14,0,2,1,0.006630
0,0,0,2,1,0.007054
0,0,1,0,1,0.006533
0,0,1,3,1,0.008745
0,0,1,3,1,0.008919
0,0,1,3,1,0.007784
0,3,2,3,1,0.008076
0,2,1,2,1,0.007287
0,2,1,2,1,0.007706
0,2,1,2,1,0.006608
0,2,3,2,1,0.006715
2,18,1,3,1,0.006311
0,0,1,3,1,0.006151
0,0,1,0,1,0.006772
2,18,3,1,1,0.008372
0,2,3,2,1,0.008170
0,2,3,1,1,0.007785
0,2,1,0,1,0.006662
0,2,3,1,1,0.007398
0,2,3,1,1,0.007478
2,4,3,1,1,0.006075
3,4,10,3,2,0.008072
0,2,3,2,2,0.006488
1,0.900000
1,0.900000
1,0.400000
1,0.500000
1,0.400000
1,0.600000
1,0.400000
0,0.300000
1,0.400000
1,0.400000
0,0.400000
1,0.300000
1,0.300000
1,0.400000
1,0.600000
1,0.200000
1,0.600000
1,0.600000
1,0.600000
0,0.400000
1,0.300000
1,0.300000
1,0.300000
0,0.200000
0,0.100000
0,0.200000
1,0.500000
0,0.200000
0,0.200000
1,0.300000
1,0.300000
1,0.300000
1,0.100000
1,0.300000
1,0.100000
1,0.200000
1,0.400000
1,0.400000
1,0.500000
1,0.400000
1,0.500000
1,0.400000
1,0.500000
1,0.100000
1,0.200000
1,0.700000
1,0.200000
1,0.500000
0,0.400000
1,0.500000
0,0.400000
1,0.500000
1,0.200000
1,0.300000
0,0.400000
1,0.100000
1,0.200000
1,0.500000
0,0.400000
1,0.500000
0,0.400000
1,0.500000
1,0.200000
1,0.600000
0,0.400000
1,0.300000
0,0.400000
1,0.600000
1,0.200000
0,0.400000
1,0.600000
1,0.100000
1,0.300000
0,0.400000
0,0.100000
0,0.100000
1,0.300000
0,0.400000
0,0.600000
1,0.300000
0,0.400000
1,0.300000
1,0.300000
0,0.100000
0,0.100000
0,0.100000
0,0.100000
1,0.300000
0,0.100000
0,0.400000
1,0.300000
1,0.200000
0,0.100000
0,0.600000
0,0.100000
1,0.200000
0,0.100000
1,0.400000
1,0.200000
1,0.200000
0,0.400000
1,0.900000
1,0.200000
1,0.900000
0,0.400000
1,0.900000
0,0.300000
0,0.200000
1,0.900000
0,0.600000
1,0.200000
1,0.900000
1,0.200000
1,0.900000
0,0.600000
1,0.600000
0,0.600000
0,0.100000
1,0.600000
0,0.100000
1,0.600000
0,0.100000
1,0.600000
0,0.100000
1,0.600000
0,0.400000
1,0.500000
0,0.400000
0,0.400000
1,0.500000
0,0.400000
1,0.500000
0,0.400000
1,0.500000
0,0.400000
1,0.200000
0,0.400000
1,0.600000
0,0.400000
0,0.300000
0,0.400000
1,0.200000
1,0.100000
1,0.100000
0,0.400000
1,0.300000
0,0.400000
1,0.300000
0,0.700000
1,0.200000
1,0.300000
1,0.100000
0,0.300000
0,0.300000
0,0.900000
1,0.900000
1,0.600000
1,0.600000
0,0.800000
1,0.900000
1,0.900000
0,0.800000
1,0.800000
0,0.700000
1,0.800000
0,0.700000
1,0.200000
0,0.200000
1,0.300000
0,0.200000
1,0.100000
1,0.300000
1,0.300000
1,0.100000
1,0.100000
1,0.100000
0,0.800000
1,0.900000
0,0.800000
1,0.600000
0,0.200000
1,0.300000
0,0.400000
1,0.500000
0,0.400000
1,0.800000
1,0.800000
1,0.100000
1,0.200000
0,0.300000
1,0.600000
0,0.400000
1,0.400000
0,0.700000
1,0.600000
0,0.400000
1,0.900000
1,0.400000
0,0.400000
1,0.400000
0,0.400000
1,0.400000
0,0.400000
1,0.400000
1,0.200000
0,0.300000
1,0.900000
0,0.700000
1,0.900000
0,0.400000
1,0.500000
0,0.400000
1,0.200000
0,0.400000
1,0.400000
0,0.600000
1,0.600000
0,0.600000
1,0.900000
0,0.600000
1,0.600000
0,0.600000
1,0.400000
1,0.200000
1,0.100000
1,0.900000
0,0.800000
1,0.400000
0,0.800000
1,0.800000
0,0.800000
0,0.100000
1,0.400000
0,0.600000
1,0.200000
0,0.900000
0,0.900000
1,0.400000
1,0.100000
1,0.400000
0,0.700000
1,0.800000
0,0.700000
1,0.400000
0,0.600000
1,0.200000
0,0.300000
1,0.400000
0,0.600000
1,0.900000
0,0.300000
1,0.500000
1,0.400000
0,0.600000
1,0.600000
0,0.600000
1,0.600000
0,0.600000
1,0.600000
0,0.600000
1,0.100000
1,0.100000
1,0.600000
0,0.600000
1,0.100000
1,0.300000
1,0.300000
1,0.100000
1,0.900000
0,0.300000
1,0.100000
1,0.100000
0,0.400000
1,0.700000
1,0.200000
1,0.900000
1,0.200000
0,0.400000
1,0.900000
1,0.100000
1,0.900000
1,0.100000
1,0.900000
0,0.400000
1,0.100000
1,0.100000
1,0.200000
0,0.300000
1,0.100000
0,0.700000
0,0.700000
1,0.600000
0,0.700000
1,0.400000
1,0.400000
1,0.200000
1,0.200000
0,0.400000
1,0.400000
1,0.400000
1,0.900000
0,0.400000
1,0.200000
1,0.400000
1,0.200000
1,0.400000
1,0.200000
1,0.400000
1,0.400000
0,0.300000
1,0.400000
0,0.300000
0,0.400000
1,0.800000
0,0.400000
1,0.800000
0,0.400000
1,0.400000
0,0.400000
1,0.600000
1,0.200000
0,0.200000
1,0.200000
0,0.400000
1,0.400000
1,0.100000
1,0.200000
0,0.400000
1,0.300000
0,0.400000
1,0.400000
0,0.900000
1,0.700000
0,0.900000
1,0.700000
1,0.100000
1,0.700000
0,0.300000
1,0.900000
0,0.400000
1,0.700000
0,0.900000
1,0.400000
1,0.400000
1,0.800000
1,0.600000
0,0.400000
0,0.100000
0,0.800000
1,0.100000
1,0.800000
0,0.500000
1,0.900000
1,0.400000
0,0.300000
0,0.400000
1,0.900000
0,0.400000
0,0.400000
1,0.900000
0,0.400000
1,0.800000
0,0.800000
1,0.800000
1,0.400000
1,0.800000
1,0.200000
0,0.400000
1,0.500000
1,0.700000
1,0.500000
0,0.400000
0,0.400000
0,0.700000
0,0.900000
1,0.100000
1,0.900000
1,0.100000
1,0.400000
0,0.500000
0,0.400000
1,0.900000
1,0.800000
1,0.800000
0,0.400000
1,0.400000
1,0.400000
0,0.800000
0,0.100000
0,0.800000
1,0.400000
0,0.800000
0,0.100000
0,0.100000
1,0.400000
1,0.200000
1,0.200000
1,0.200000
1,0.200000
1,0.900000
1,0.200000
1,0.600000
1,0.200000
1,0.600000
1,0.200000
1,0.600000
1,0.200000
1,0.200000
1,0.800000
0,0.800000
1,0.500000
0,0.300000
0,0.100000
1,0.200000
1,0.100000
1,0.100000
0,0.700000
1,0.400000
0,0.600000
1,0.800000
1,0.400000
1,0.800000
0,0.300000
1,0.400000
1,0.200000
1,0.400000
1,0.800000
0,0.400000
1,0.100000
1,0.100000
0,0.300000
1,0.400000
0,0.800000
1,0.400000
0,0.800000
1,0.500000
0,0.400000
0,0.200000
1,0.400000
0,0.800000
1,0.400000
0,0.300000
1,0.100000
1,0.900000
0,0.700000
1,0.600000
0,0.700000
1,0.400000
0,0.700000
0,0.100000
0,0.700000
0,0.300000
1,0.600000
0,0.800000
1,0.500000
0,0.800000
1,0.400000
0,0.100000
1,0.600000
0,0.400000
1,0.400000
1,0.400000
1,0.200000
1,0.900000
0,0.400000
1,0.900000
0,0.400000
1,0.900000
0,0.800000
1,0.900000
0,0.800000
1,0.900000
0,0.800000
1,0.600000
0,0.800000
0,0.100000
0,0.100000
0,0.600000
0,0.600000
0,0.300000
0,0.400000
1,0.500000
0,0.900000
1,0.400000
1,0.100000
0,0.300000
1,0.400000
0,0.100000
1,0.200000
1,0.200000
1,0.900000
0,0.700000
1,0.800000
0,0.700000
1,0.400000
1,0.100000
0,0.300000
1,0.300000
1,0.500000
0,0.100000
1,0.989949
1,0.987697
1,1.065445
0,1.061671
0,1.024702
0,1.166534
0,1.124543
0,0.978252
0,0.878252
0,1.062168
0,1.269835
0,1.269835
0,1.220092
0,0.904976
0,0.954976
0,1.419348
0,0.954976
0,1.069251
0,1.130609
0,1.230609
0,1.268410
0,0.954976
0,1.004976
0,1.004976
0,0.763646
0,1.101287
0,0.806326
0,1.110507
0,1.248483
1,0.908198
0,1.248483
1,1.124543
1,1.124543
0,1.507268
0,1.497220
0,1.507268
0,1.497220
1,0.991430
1,0.991430
1,0.991430
0,1.507268
0,1.273929
0,1.507268
0,1.507268
0,1.078209
0,1.507268
0,1.078209
0,1.507268
0,1.353772
0,1.028209
0,1.078209
0,1.028209
0,1.078209
0,1.158890
1,1.124543
0,1.158890
1,1.124543
0,1.158890
0,1.345660
0,0.689577
0,1.345660
0,0.689577
0,1.191611
0,0.766446
0,1.191611
0,0.689577
1,0.824645
0,1.493167
0,1.141611
0,1.191611
0,0.766446
0,1.141611
0,1.041611
0,1.141611
1,0.972036
1,1.124543
0,0.766446
1,1.124543
1,1.124543
0,0.654416
1,1.237476
1,1.237476
0,0.738579
1,1.120813
0,0.738579
0,1.132687
0,0.932687
1,1.124543
0,0.738579
0,1.403772
0,0.654416
0,1.353772
1,1.110507
0,0.973825
1,1.110507
1,1.268410
1,1.268410
0,1.158890
1,1.124543
0,1.045660
1,1.124543
0,1.058890
1,1.124543
0,0.766446
1,1.169764
0,0.766446
0,0.766446
0,0.766446
0,0.766446
0,1.182687
0,1.182687
0,0.766446
0,0.766446
0,0.766446
0,1.182687
0,0.766446
0,1.182687
0,1.132687
0,0.689577
0,1.132687
0,0.766446
0,1.132687
0,0.766446
0,1.182687
0,0.766446
0,1.182687
0,1.132687
0,1.182687
0,1.132687
0,0.689577
0,1.182687
0,0.689577
0,1.182687
0,0.689577
0,1.132687
0,0.689577
1,1.124543
0,0.689577
1,1.124543
0,0.689577
1,1.343167
0,0.689577
1,1.318410
1,1.318410
0,0.689577
0,0.689577
1,1.343167
0,0.689577
1,1.343167
1,0.934104
0,0.689577
1,1.343167
1,1.318410
0,0.654416
1,1.343167
0,1.707268
1,1.060507
0,0.654416
0,1.345660
0,0.654416
0,1.045660
0,1.486158
0,0.654416
1,0.734104
0,0.654416
0,1.486158
0,1.045660
0,1.486158
0,0.654416
0,1.109941
0,1.045660
1,0.874645
0,1.045660
1,0.734104
0,1.045660
1,0.734104
1,0.734104
0,0.654416
1,0.787954
0,0.654416
1,0.787954
0,1.045660
0,1.045660
0,1.120274
1,0.970274
0,1.070274
0,1.045660
1,0.787954
0,1.045660
1,0.984104
0,1.045660
1,0.787954
0,1.045660
1,0.787954
0,1.045660
1,0.787954
0,1.045660
0,1.045660
1,0.970274
0,1.045660
1,0.787954
0,1.045660
0,0.954416
0,1.045660
0,0.954416
0,1.045660
0,1.045660
1,0.984104
0,1.045660
1,1.343167
0,0.689577
0,0.954416
0,0.689577
1,0.874645
0,0.689577
0,0.954416
0,0.689577
0,0.954416
0,1.045660
0,0.954416
0,0.689577
0,0.954416
1,0.984104
1,0.874645
1,0.984104
1,0.984104
0,0.954416
1,0.984104
1,0.734104
0,1.045660
1,0.787954
0,1.045660
0,1.045660
1,0.787954
0,1.045660
1,0.984104
1,0.787954
0,1.045660
0,0.888579
0,1.045660
1,1.268410
0,1.045660
0,0.948206
0,1.045660
1,0.787954
1,0.984104
1,0.984104
1,0.984104
1,0.787954
0,0.654416
1,0.787954
1,0.984104
1,0.984104
0,0.948206
0,0.654416
1,0.787954
0,0.654416
1,0.787954
1,0.984104
1,0.787954
0,0.888579
0,1.045660
0,0.654416
1,0.787954
1,0.984104
1,0.984104
1,0.984104
1,0.984104
0,0.654416
1,0.787954
1,0.984104
0,1.103772
1,0.874645
1,0.984104
1,0.787954
1,0.984104
1,0.874645
1,0.984104
0,0.654416
0,1.345660
1,0.984104
0,1.120274
0,0.654416
1,0.787954
0,0.654416
1,0.787954
0,1.743167
0,1.743167
0,1.743167
0,1.743167
1,0.787954
0,0.654416
1,0.787954
0,0.654416
0,1.743167
0,1.743167
0,1.743167
0,1.743167
1,0.787954
1,1.443167
0,0.654416
0,1.148206
0,0.654416
0,1.148206
0,0.654416
0,1.148206
0,0.654416
0,1.148206
0,1.148206
1,0.787954
0,1.148206
1,0.787954
0,1.148206
0,0.654416
0,1.148206
0,0.654416
0,1.148206
0,0.654416
1,0.824645
0,0.654416
1,1.124645
1,0.874645
1,0.874645
1,1.124645
0,0.654416
1,1.124645
1,1.074645
1,0.787954
1,1.074645
1,0.787954
0,0.654416
1,0.787954
0,0.654416
0,0.948206
0,1.045660
0,0.948206
1,1.124645
0,1.087954
0,1.743167
0,1.087954
0,0.654416
0,0.948206
1,1.124645
1,0.874645
0,1.087954
1,1.124645
0,0.948206
0,0.654416
0,0.948206
0,0.654416
1,0.874645
1,0.874645
0,1.743167
0,1.743167
0,1.743167
1,1.268410
0,1.153772
0,1.743167
0,1.468410
1,1.268410
1,0.787954
0,0.654416
1,0.787954
0,0.654416
1,0.787954
0,0.654416
1,0.874645
0,1.743167
0,1.140228
1,0.974645
0,0.654416
1,1.268410
1,0.901157
0,1.736158
0,0.986583
1,1.268410
0,0.786583
0,1.843167
0,1.336158
1,0.874645
0,1.386158
0,1.095660
0,1.336158
1,0.874645
1,0.874645
0,1.436158
0,0.654416
1,0.874645
0,0.988093
0,1.843167
0,0.654416
0,1.843167
0,1.743167
0,1.743167
0,0.654416
1,0.740378
0,1.743167
0,1.743167
0,1.743167
0,0.786583
0,0.948206
0,0.786583
1,0.740378
0,0.654416
1,0.740378
0,0.654416
0,1.743167
0,1.743167
0,0.654416
1,0.748206
0,0.786583
1,0.748206
1,1.268410
0,0.786583
1,1.268410
1,1.268410
1,1.268410
0,0.654416
0,1.086583
0,0.654416
1,1.268410
0,0.654416
1,1.268410
1,1.268410
1,1.268410
1,1.268410
0,0.654416
1,0.787954
1,1.268410
1,0.787954
0,0.654416
0,0.654416
1,0.787954
0,0.654416
1,0.734104
0,0.654416
1,0.734104
0,0.654416
0,0.654416
1,0.734104
0,0.654416
1,0.784104
0,0.887954
1,1.074645
1,0.734104
0,0.887954
1,0.734104
0,0.648206
1,0.734104
1,1.074645
1,0.734104
0,0.887954
0,0.648206
1,0.734104
0,0.887954
1,0.734104
0,0.887954
1,0.734104
0,0.887954
1,0.734104
1,1.074645
0,0.887954
1,0.784104
0,0.887954
1,0.734104
1,1.074645
1,0.748206
1,1.124645
1,0.748206
1,1.124645
1,0.748206
1,1.124645
1,0.748206
1,1.074645
1,0.748206
1,1.074645
1,0.984104
1,0.984104
1,1.268410
1,1.443167
1,1.443167
1,0.973825
1,1.443167
0,0.648206
1,1.343167
1,1.443167
1,1.443167
1,1.343167
1,1.443167
1,1.443167
1,1.443167
1,1.343167
0,0.648206
1,1.343167
1,1.124645
1,1.343167
1,1.443167
1,1.443167
1,1.124645
1,1.343167
0,0
1,1
1,1
1,1
0,0
1,0
1,1
0,0
1,2
1,1
0,0
1,1
1,1
1,1
0,0
1,2
1,1
0,1
1,2
0,1
0,1
1,2
1,2
0,0
1,2
0,0
1,2
0,1
0,1
0,0
1,0
0,3
1,0
0,1
1,0
0,1
1,0
1,0
1,2
0,3
0,1
0,1
0,1
1,3
0,1
1,3
0,1
0,3
0,1
1,3
0,1
1,0
1,0
0,3
0,3
1,1
0,3
1,2
0,1
1,3
0,4
1,3
0,1
0,0
0,2
1,3
0,1
1,1
1,0
1,0
0,0
1,0
0,2
0,1
1,2
0,1
1,3
0,2
1,0
1,3
0,1
0,0
1,0
0,0
1,2
0,4
0,0
0,1
0,0
0,1
0,0
0,3
0,0
0,1
0,1
0,1
0,1
0,1
0,1
1,0
0,3
1,3
0,4
1,3
0,1
1,0
0,4
1,4
1,4
0,4
0,2
0,2
0,1
0,0
0,1
1,4
0,2
0,3
1,4
0,2
1,4
0,3
0,0
0,1
1,2
0,1
1,2
0,1
0,3
1,2
0,1
1,2
0,1
1,2
0,1
1,2
0,1
1,4
0,1
1,2
0,1
1,4
1,1
1,1
1,4
1,4
0,1
1,4
0,4
1,2
1,4
0,2
1,1
0,1
0,4
0,0
1,4
1,4
0,4
0,0
0,1
0,4
1,4
0,1
1,3
0,2
0,0
0,1
0,0
0,1
0,1
0,3
0,1
0,2
0,1
0,1
0,1
1,4
0,1
1,4
0,2
1,3
0,1
1,4
0,1
1,4
1,4
0,1
0,1
0,1
1,4
0,2
1,1
0,1
1,4
0,2
0,1
1,2
0,3
1,4
0,2
1,3
0,2
0,1
0,2
0,2
0,2
0,2
1,4
0,2
1,4
0,2
1,4
0,0
1,4
0,2
1,4
0,4
1,4
0,1
1,4
0,2
1,4
0,1
0,0
1,4
0,3
1,4
0,2
1,4
0,3
1,4
0,0
0,1
0,1
1,2
0,1
1,4
0,1
1,4
0,1
1,4
0,3
1,4
0,3
1,4
0,1
0,1
0,3
1,4
0,1
1,0
1,4
0,1
1,4
0,2
1,4
0,1
1,4
0,1
1,1
0,2
1,3
0,4
1,1
1,1
0,4
0,4
1,2
0,4
0,0
0,1
0,4
0,0
0,4
0,0
1,1
0,1
1,4
0,3
0,1
1,0
0,1
0,3
0,1
0,1
0,0
0,1
0,0
1,1
0,3
1,4
0,1
0,1
1,2
1,1
1,2
0,3
1,1
1,4
1,4
0,2
1,4
0,3
1,4
0,1
1,4
1,0
0,1
1,2
0,1
0,1
0,1
1,4
0,2
1,3
0,4
1,4
0,3
1,1
1,2
0,1
0,1
0,0
1,4
0,0
1,2
0,1
1,2
0,0
1,4
0,1
1,3
0,1
0,2
0,2
1,2
0,4
0,2
0,4
1,4
0,2
1,0
0,2
0,2
1,4
0,2
1,4
0,2
1,4
0,2
0,4
0,2
1,0
0,1
0,0
1,4
0,0
0,4
0,1
0,2
1,4
0,2
1,4
0,3
1,4
0,3
0,3
0,1
1,4
1,4
1,0
1,0
1,0
1,0
1,1
0,0
0,3
0,0
0,3
0,3
0,1
0,1
0,1
0,2
1,3
1,3
0,3
0,1
0,4
1,4
0,2
0,1
0,2
1,4
0,2
1,1
1,2
0,3
1,4
0,1
1,4
0,1
1,4
0,2
1,3
0,2
1,0
1,3
0,2
1,4
0,2
0,2
1,0
0,2
0,2
0,4
0,1
0,2
0,1
0,2
1,4
0,4
0,0
0,0
0,2
1,4
0,2
0,0
1,0
1,4
1,4
0,4
1,4
0,2
1,3
0,4
1,0
1,3
0,4
1,3
0,1
0,1
1,4
0,4
1,4
0,2
1,4
0,1
1,3
0,4
1,3
1,3
0,4
1,4
0,4
1,4
0,4
1,4
0,4
0,0
0,0
0,1
0,1
0,3
1,4
0,2
1,3
0,2
1,4
0,4
1,4
0,2
1,4
0,3
0,1
1,2
1,2
1,0
1,0
0,0
1,4
0,0
1,4
0,3
1,0
1,0
1,0
1,0
1,0
0,0
0,2
1,4
0,4
1,3
1,0
1,0
1,0
1,3
0,3
5.263817,960.000000
1.703737,960.000000
1.860941,960.000000
2.932310,960.000000
2.087549,960.000000
4.217743,960.000000
1.599423,960.000000
1.898361,960.000000
2.271511,960.000000
5.610418,960.000000
1.051718,960.000000
1.466887,960.000000
3.458900,960.000000
2.425160,960.000000
3.521406,960.000000
5.672087,960.000000
3.127769,960.000000
3.751776,960.000000
1.033740,960.000000
0.997784,960.000000
0.901204,960.000000
1.536917,960.000000
1.522702,960.000000
0.877372,960.000000
1.078476,960.000000
1.629735,960.000000
2.217158,960.000000
1.265992,960.000000
1.335187,960.000000
1.206831,960.000000
3.796512,960.000000
0.516556,960.000000
0.763442,960.000000
2.175976,960.000000
1.515595,960.000000
2.095492,960.000000
3.501337,960.000000
1.727987,960.000000
1.931390,960.000000
0.860440,960.000000
0.778702,960.000000
0.946358,960.000000
1.687432,960.000000
0.958065,960.000000
1.318881,960.000000
1.635379,960.000000
1.395183,960.000000
2.104900,960.000000
1.000083,960.000000
1.537963,960.000000
1.385776,960.000000
3.184003,960.000000
0.591814,960.000000
0.972489,960.000000
1.878710,960.000000
1.342085,960.000000
1.941215,960.000000
3.168533,960.000000
1.635797,960.000000
1.720043,960.000000
0.525127,960.000000
0.855423,960.000000
0.504223,960.000000
3.356258,960.000000
1.153106,960.000000
2.380006,960.000000
4.033154,960.000000
1.384522,960.000000
3.018228,960.000000
1.287942,960.000000
2.022953,960.000000
3.219123,960.000000
3.782088,960.000000
1.068860,960.000000
2.016891,960.000000
2.326072,960.000000
2.008947,960.000000
3.129442,960.000000
3.456183,960.000000
2.696713,960.000000
2.569194,960.000000
0.634459,960.000000
0.879254,960.000000
0.656200,960.000000
1.456852,960.000000
1.532318,960.000000
0.898695,960.000000
1.256376,960.000000
2.279872,960.000000
1.768542,960.000000
1.182373,960.000000
1.803871,960.000000
1.604858,960.000000
4.933940,960.000000
0.640104,960.000000
1.020152,960.000000
2.490383,960.000000
1.761225,960.000000
1.984906,960.000000
4.044652,960.000000
1.825194,960.000000
1.846099,960.000000
0.779538,960.000000
1.141818,960.000000
1.125094,960.000000
3.573668,960.000000
1.994104,960.000000
2.163433,960.000000
2.938581,960.000000
2.216949,960.000000
4.282966,960.000000
1.935571,960.000000
2.308930,960.000000
3.118989,960.000000
5.224516,960.000000
1.027469,960.000000
1.997031,960.000000
3.430679,960.000000
2.652395,960.000000
4.670749,960.000000
5.737728,960.000000
3.327201,960.000000
2.936491,960.000000
1.200142,960.000000
1.226691,960.000000
1.185509,960.000000
1.331424,960.000000
1.282089,960.000000
0.684213,960.000000
0.985032,960.000000
1.318672,960.000000
1.893971,960.000000
1.438456,960.000000
1.176101,960.000000
1.078685,960.000000
3.615895,960.000000
0.480182,960.000000
0.708044,960.000000
2.260222,960.000000
1.697257,960.000000
2.271720,960.000000
3.066518,960.000000
1.783175,960.000000
1.448281,960.000000
0.624843,960.000000
0.676269,960.000000
0.751317,960.000000
1.837528,960.000000
1.457688,960.000000
1.087256,960.000000
1.488418,960.000000
2.069152,960.000000
1.574755,960.000000
1.269128,960.000000
1.854252,960.000000
1.993268,960.000000
4.572288,960.000000
0.790618,960.000000
1.307174,960.000000
2.376452,960.000000
1.896688,960.000000
2.065808,960.000000
3.822434,960.000000
2.122460,960.000000
1.847562,960.000000
0.755498,960.000000
1.302366,960.000000
1.042520,960.000000
2.970775,960.000000
1.315327,960.000000
1.880383,960.000000
3.209089,960.000000
1.351701,960.000000
2.729743,960.000000
1.296513,960.000000
2.270256,960.000000
3.850656,960.000000
4.072455,960.000000
1.241324,960.000000
1.928673,960.000000
2.730579,960.000000
2.192700,960.000000
3.264695,960.000000
3.859017,960.000000
3.093694,960.000000
2.491219,960.000000
0.811732,960.000000
1.161259,960.000000
0.980851,960.000000
4.884396,960.000000
3.799857,960.000000
2.867505,960.000000
4.454803,960.000000
4.060748,960.000000
5.261935,960.000000
3.268876,960.000000
3.547328,960.000000
4.865999,960.000000
11.156240,960.000000
1.817041,960.000000
2.750856,960.000000
6.945395,960.000000
5.188769,960.000000
5.876744,960.000000
9.095449,960.000000
4.914289,960.000000
4.619114,960.000000
2.281963,960.000000
2.398402,960.000000
2.698804,960.000000
1.236516,960.000000
0.595576,960.000000
0.791245,960.000000
1.142863,960.000000
0.619617,960.000000
1.024751,960.000000
0.466594,960.000000
0.711180,960.000000
1.276026,960.000000
1.784430,960.000000
0.496070,960.000000
0.681286,960.000000
1.048582,960.000000
0.750690,960.000000
1.079521,960.000000
1.595033,960.000000
1.196588,960.000000
1.050255,960.000000
0.382557,960.000000
0.475583,960.000000
0.414541,960.000000
1.406890,960.000000
0.992349,960.000000
0.903922,960.000000
1.236725,960.000000
1.248641,960.000000
1.806589,960.000000
0.969772,960.000000
1.641232,960.000000
1.568275,960.000000
3.125261,960.000000
0.668534,960.000000
1.051718,960.000000
1.818923,960.000000
1.389748,960.000000
1.655656,960.000000
2.992097,960.000000
1.707291,960.000000
1.652730,960.000000
0.570073,960.000000
0.853959,960.000000
0.651810,960.000000
4.507483,960.000000
2.041767,960.000000
1.821640,960.000000
3.068400,960.000000
2.066226,960.000000
4.819382,960.000000
1.939543,960.000000
1.704992,960.000000
2.345931,960.000000
5.582614,960.000000
0.971235,960.000000
1.470440,960.000000
4.701061,960.000000
2.826114,960.000000
4.303243,960.000000
6.478383,960.000000
3.330336,960.000000
3.595827,960.000000
1.331633,960.000000
1.132829,960.000000
1.192825,960.000000
2.734133,960.000000
1.377414,960.000000
1.691195,960.000000
2.644242,960.000000
1.230454,960.000000
2.733087,960.000000
1.469395,960.000000
1.783803,960.000000
2.640061,960.000000
3.850865,960.000000
1.001129,960.000000
1.676143,960.000000
2.937954,960.000000
2.613303,960.000000
3.423571,960.000000
3.523496,960.000000
2.577765,960.000000
2.358056,960.000000
0.851660,960.000000
0.866084,960.000000
0.900368,960.000000
3.996362,960.000000
2.111380,960.000000
2.136048,960.000000
3.343924,960.000000
1.790910,960.000000
4.401914,960.000000
1.953340,960.000000
2.324609,960.000000
4.014340,960.000000
5.404297,960.000000
1.251777,960.000000
2.306840,960.000000
3.894974,960.000000
2.856007,960.000000
5.829081,960.000000
5.700935,960.000000
3.803411,960.000000
3.161635,960.000000
1.272890,960.000000
1.118613,960.000000
1.323689,960.000000
5.292247,960.000000
3.348523,960.000000
2.805418,960.000000
3.928839,960.000000
3.682163,960.000000
5.690901,960.000000
2.908478,960.000000
3.372146,960.000000
3.771008,960.000000
9.760847,960.000000
1.614474,960.000000
2.374362,960.000000
6.431975,960.000000
4.307633,960.000000
5.906220,960.000000
10.962244,960.000000
5.056233,960.000000
5.193368,960.000000
2.142319,960.000000
2.022117,960.000000
2.144201,960.000000
3.717701,960.000000
1.826239,960.000000
1.739903,960.000000
2.654277,960.000000
2.047202,960.000000
3.440713,960.000000
1.721297,960.000000
2.035287,960.000000
2.366209,960.000000
5.253574,960.000000
1.126766,960.000000
1.491763,960.000000
3.197800,960.000000
2.350740,960.000000
3.283510,960.000000
5.540178,960.000000
3.288109,960.000000
3.455974,960.000000
1.254494,960.000000
1.142445,960.000000
1.192198,960.000000
2.871895,960.000000
2.198344,960.000000
1.625554,960.000000
2.196253,960.000000
2.430178,960.000000
2.658457,960.000000
1.664646,960.000000
2.140647,960.000000
2.393594,960.000000
5.735637,960.000000
1.017852,960.000000
1.602140,960.000000
3.363993,960.000000
2.311439,960.000000
2.765699,960.000000
4.870808,960.000000
3.104565,960.000000
2.720336,960.000000
1.061752,960.000000
1.375533,960.000000
1.207459,960.000000
0.998829,960.000000
0.606029,960.000000
0.606447,960.000000
0.969144,960.000000
0.599339,960.000000
1.059035,960.000000
0.561293,960.000000
0.880926,960.000000
1.340831,960.000000
1.961075,960.000000
0.550213,960.000000
0.729994,960.000000
1.227318,960.000000
0.833682,960.000000
1.702065,960.000000
1.695166,960.000000
1.312400,960.000000
0.844970,960.000000
0.498369,960.000000
0.341375,960.000000
0.443808,960.000000
0.874446,960.000000
0.774939,960.000000
0.614809,960.000000
0.902458,960.000000
1.255539,960.000000
1.106071,960.000000
0.704281,960.000000
1.242997,960.000000
1.114223,960.000000
2.489338,960.000000
0.414750,960.000000
0.767204,960.000000
1.193243,960.000000
1.051927,960.000000
1.323898,960.000000
2.070407,960.000000
1.176938,960.000000
1.136173,960.000000
0.415796,960.000000
0.688184,960.000000
0.501923,960.000000
1.185509,960.000000
0.707835,960.000000
0.602266,960.000000
1.001965,960.000000
0.648465,960.000000
1.283134,960.000000
0.653901,960.000000
0.967054,960.000000
1.346057,960.000000
1.868467,960.000000
0.482273,960.000000
0.877582,960.000000
1.255330,960.000000
0.917928,960.000000
1.901287,960.000000
1.840245,960.000000
1.312400,960.000000
1.013462,960.000000
0.441926,960.000000
0.416423,960.000000
1.044401,960.000000
4.601291,960.000000
1.946716,960.000000
1.867275,960.000000
2.880354,960.000000
1.866857,960.000000
3.989388,960.000000
1.687279,960.000000
2.070685,960.000000
2.454718,960.000000
5.501061,960.000000
1.008270,960.000000
1.535297,960.000000
3.870018,960.000000
2.594785,960.000000
3.960120,960.000000
5.314376,960.000000
3.179302,960.000000
3.244945,960.000000
1.105271,960.000000
1.108198,960.000000
1.066596,960.000000
1.839471,960.000000
1.724909,960.000000
1.023949,960.000000
1.453347,960.000000
1.357182,960.000000
2.122740,960.000000
1.177604,960.000000
1.162552,960.000000
1.460664,960.000000
3.396718,960.000000
0.548141,960.000000
0.925484,960.000000
2.141764,960.000000
1.588187,960.000000
2.292283,960.000000
3.182646,960.000000
1.638779,960.000000
1.746024,960.000000
0.796707,960.000000
0.757405,960.000000
0.944508,960.000000
1.819193,960.000000
0.954543,960.000000
1.495367,960.000000
2.027829,960.000000
1.281713,960.000000
2.014241,960.000000
0.953916,960.000000
1.430769,960.000000
1.604494,960.000000
2.946206,960.000000
0.564029,960.000000
1.106735,960.000000
1.668255,960.000000
1.464009,960.000000
1.893825,960.000000
2.916520,960.000000
1.596759,960.000000
1.786789,960.000000
0.519291,960.000000
0.795871,960.000000
0.504658,960.000000
2.897078,960.000000
1.398993,960.000000
1.862467,960.000000
3.392328,960.000000
1.673273,960.000000
2.900632,960.000000
1.368471,960.000000
2.020721,960.000000
2.691368,960.000000
4.813690,960.000000
0.911687,960.000000
1.549303,960.000000
2.624262,960.000000
2.280994,960.000000
2.962721,960.000000
4.066320,960.000000
2.503219,960.000000
2.500920,960.000000
0.797961,960.000000
1.063251,960.000000
0.802142,960.000000
1.794524,960.000000
1.347775,960.000000
1.227777,960.000000
1.653203,960.000000
2.331376,960.000000
2.042463,960.000000
1.081230,960.000000
1.788044,960.000000
2.035982,960.000000
3.962420,960.000000
0.726046,960.000000
1.427424,960.000000
2.015077,960.000000
1.574599,960.000000
2.122113,960.000000
3.565216,960.000000
1.990617,960.000000
2.107688,960.000000
0.680054,960.000000
1.051962,960.000000
0.850225,960.000000
3.760055,960.000000
2.128802,960.000000
1.973475,960.000000
2.844605,960.000000
2.076330,960.000000
4.756409,960.000000
1.972848,960.000000
2.131520,960.000000
2.682797,960.000000
5.387127,960.000000
1.047990,960.000000
1.635643,960.000000
3.861656,960.000000
2.862793,960.000000
4.463942,960.000000
5.500016,960.000000
3.082300,960.000000
3.187664,960.000000
1.266452,960.000000
1.223387,960.000000
1.304918,960.000000
1.734316,960.000000
1.225896,960.000000
1.035029,960.000000
1.381851,960.000000
1.137884,960.000000
2.058769,960.000000
1.483869,960.000000
1.124923,960.000000
1.336277,960.000000
3.126620,960.000000
0.436924,960.000000
0.895381,960.000000
2.006715,960.000000
1.542823,960.000000
2.103298,960.000000
2.793178,960.000000
1.476761,960.000000
1.566237,960.000000
0.605004,960.000000
0.735454,960.000000
0.764303,960.000000
2.005878,960.000000
1.183458,960.000000
1.369934,960.000000
1.961768,960.000000
1.708812,960.000000
2.059187,960.000000
1.123459,960.000000
2.003161,960.000000
2.323850,960.000000
3.842213,960.000000
0.870921,960.000000
1.489514,960.000000
2.007133,960.000000
1.725536,960.000000
2.233957,960.000000
3.525914,960.000000
2.308380,960.000000
2.200926,960.000000
0.703678,960.000000
1.039419,960.000000
0.849180,960.000000
2.430886,960.000000
1.478434,960.000000
1.508956,960.000000
2.655620,960.000000
1.922884,960.000000
2.534159,960.000000
1.407564,960.000000
2.295001,960.000000
3.939424,960.000000
4.870553,960.000000
1.098164,960.000000
1.843025,960.000000
2.595830,960.000000
2.250054,960.000000
3.185155,960.000000
4.150778,960.000000
2.815756,960.000000
2.459945,960.000000
0.935519,960.000000
1.243456,960.000000
1.073913,960.000000
5.496880,960.000000
3.309333,960.000000
3.058468,960.000000
4.453698,960.000000
4.034962,960.000000
5.536391,960.000000
3.032754,960.000000
4.075727,960.000000
4.912364,960.000000
10.501646,960.000000
2.048316,960.000000
3.162159,960.000000
6.206620,960.000000
4.404779,960.000000
6.080770,960.000000
9.484387,960.000000
5.455278,960.000000
5.176818,960.000000
1.955287,960.000000
2.156398,960.000000
2.213470,960.000000
1.055307,960.000000
0.570719,960.000000
0.562357,960.000000
0.887227,960.000000
0.721447,960.000000
0.938028,960.000000
0.465983,960.000000
0.851897,960.000000
1.056980,960.000000
1.980583,960.000000
0.569674,960.000000
0.611694,960.000000
1.096909,960.000000
0.816358,960.000000
1.224432,960.000000
1.847415,960.000000
1.271470,960.000000
1.061788,960.000000
0.391350,960.000000
0.448004,960.000000
0.387796,960.000000
1.517945,960.000000
0.930711,960.000000
1.059070,960.000000
1.545958,960.000000
1.275442,960.000000
1.632089,960.000000
0.898098,960.000000
1.433696,960.000000
1.747696,960.000000
2.781680,960.000000
0.643679,960.000000
1.226523,960.000000
1.630835,960.000000
1.368889,960.000000
1.790134,960.000000
2.891433,960.000000
1.813339,960.000000
1.659266,960.000000
0.535807,960.000000
0.890363,960.000000
0.639707,960.000000
3.984580,960.000000
2.086782,960.000000
1.795988,960.000000
2.655202,960.000000
2.080302,960.000000
3.926253,960.000000
1.996053,960.000000
2.039745,960.000000
2.576179,960.000000
6.124671,960.000000
1.050917,960.000000
1.636897,960.000000
5.528656,960.000000
2.761611,960.000000
4.127991,960.000000
6.420274,960.000000
3.619988,960.000000
3.153379,960.000000
1.266661,960.000000
1.177813,960.000000
1.224014,960.000000
2.552765,960.000000
1.441640,960.000000
1.395648,960.000000
2.195700,960.000000
1.648186,960.000000
2.609210,960.000000
1.560383,960.000000
1.695223,960.000000
2.261134,960.000000
4.954384,960.000000
0.882001,960.000000
1.294048,960.000000
3.090244,960.000000
2.805721,960.000000
2.936798,960.000000
4.005694,960.000000
2.385521,960.000000
2.289356,960.000000
0.907715,960.000000
0.959351,960.000000
1.014542,960.000000
3.948831,960.000000
2.347264,960.000000
1.804768,960.000000
2.947878,960.000000
2.188592,960.000000
4.207641,960.000000
2.272423,960.000000
2.139673,960.000000
3.105087,960.000000
6.334144,960.000000
1.123041,960.000000
1.670137,960.000000
4.323875,960.000000
3.105923,960.000000
5.514650,960.000000
6.212683,960.000000
3.428704,960.000000
2.907322,960.000000
1.542823,960.000000
1.228823,960.000000
1.637524,960.000000
5.389426,960.000000
3.338392,960.000000
2.946206,960.000000
4.156004,960.000000
3.505427,960.000000
5.675413,960.000000
2.914638,960.000000
3.414279,960.000000
4.179418,960.000000
9.393448,960.000000
1.755222,960.000000
2.640150,960.000000
6.299859,960.000000
4.105204,960.000000
6.066345,960.000000
10.470079,960.000000
5.375419,960.000000
4.787976,960.000000
2.113332,960.000000
2.029502,960.000000
2.163715,960.000000
3.360552,960.000000
1.685398,960.000000
1.674527,960.000000
2.585796,960.000000
1.942535,960.000000
3.111359,960.000000
1.512301,960.000000
2.129639,960.000000
2.674226,960.000000
5.289916,960.000000
1.168615,960.000000
1.654249,960.000000
3.503127,960.000000
2.473324,960.000000
3.527168,960.000000
5.512559,960.000000
3.794758,960.000000
3.057632,960.000000
1.112797,960.000000
1.162343,960.000000
1.196210,960.000000
3.193726,960.000000
1.655503,960.000000
1.785117,960.000000
2.641195,960.000000
2.197163,960.000000
3.268986,960.000000
1.517318,960.000000
2.157861,960.000000
2.568862,960.000000
5.083161,960.000000
1.128476,960.000000
1.639197,960.000000
2.839379,960.000000
2.200926,960.000000
3.177211,960.000000
4.866163,960.000000
2.841469,960.000000
3.312260,960.000000
0.987156,960.000000
1.171124,960.000000
1.083112,960.000000
1.061997,960.000000
0.773920,960.000000
0.603959,960.000000
0.830156,960.000000
0.712876,960.000000
1.178022,960.000000
0.635735,960.000000
0.667093,960.000000
0.931756,960.000000
2.088455,960.000000
0.413092,960.000000
0.546887,960.000000
1.359482,960.000000
0.927784,960.000000
1.485333,960.000000
2.004415,960.000000
1.141438,960.000000
0.894335,960.000000
0.556085,960.000000
0.399503,960.000000
0.548141,960.000000
1.144574,960.000000
0.872176,960.000000
0.808205,960.000000
1.104644,960.000000
0.950153,960.000000
1.229450,960.000000
0.703678,960.000000
1.075586,960.000000
1.189520,960.000000
2.170404,960.000000
0.434415,960.000000
0.847925,960.000000
1.164225,960.000000
0.961024,960.000000
1.248892,960.000000
1.886090,960.000000
1.157744,960.000000
1.216279,960.000000
0.390932,960.000000
0.753642,960.000000
0.511975,960.000000
1.097745,960.000000
0.900816,960.000000
0.516574,960.000000
0.801097,960.000000
0.856287,960.000000
1.241157,960.000000
0.777892,960.000000
0.872594,960.000000
1.076631,960.000000
2.238974,960.000000
0.419991,960.000000
0.663748,960.000000
1.261435,960.000000
1.054889,960.000000
1.553902,960.000000
2.034728,960.000000
1.251610,960.000000
1.035656,960.000000
0.552113,960.000000
0.462638,960.000000
1.096282,960.000000
4.292923,960.000000
1.901648,960.000000
1.815722,960.000000
2.774281,960.000000
1.958722,960.000000
3.756047,960.000000
1.808196,960.000000
2.032104,960.000000
2.513369,960.000000
5.433786,960.000000
1.027341,960.000000
1.617320,960.000000
3.970128,960.000000
2.646334,960.000000
3.887548,960.000000
5.594557,960.000000
3.360915,960.000000
3.111920,960.000000
1.129365,960.000000
1.141072,960.000000
1.082325,960.000000
1.809659,960.000000
1.678158,960.000000
0.978211,960.000000
1.327139,960.000000
1.373133,960.000000
2.129946,960.000000
1.181631,960.000000
1.245186,960.000000
1.421845,960.000000
3.410254,960.000000
0.594369,960.000000
0.997654,960.000000
2.148761,960.000000
1.454041,960.000000
2.184302,960.000000
3.243630,960.000000
1.778300,960.000000
1.887640,960.000000
0.774792,960.000000
0.769356,960.000000
0.894795,960.000000
1.833911,960.000000
0.953123,960.000000
1.536412,960.000000
1.966666,960.000000
1.168878,960.000000
2.037748,960.000000
0.985947,960.000000
1.298288,960.000000
1.664778,960.000000
2.981464,960.000000
0.551720,960.000000
1.092360,960.000000
1.808405,960.000000
1.436062,960.000000
1.942624,960.000000
2.826338,960.000000
1.686102,960.000000
1.774118,960.000000
0.526424,960.000000
0.761203,960.000000
0.514089,960.000000
2.835328,960.000000
1.363935,960.000000
1.932798,960.000000
3.296733,960.000000
1.653906,960.000000
2.997980,960.000000
1.374597,960.000000
1.789589,960.000000
2.924389,960.000000
4.412299,960.000000
0.875352,960.000000
1.507980,960.000000
2.646125,960.000000
2.362425,960.000000
3.369905,960.000000
4.106856,960.000000
2.449605,960.000000
2.545983,960.000000
0.771656,960.000000
1.044484,960.000000
0.820577,960.000000
1.875096,960.000000
1.352018,960.000000
1.247277,960.000000
1.608958,960.000000
2.106949,960.000000
1.964367,960.000000
1.165951,960.000000
1.742759,960.000000
1.945133,960.000000
4.109783,960.000000
0.751167,960.000000
1.343864,960.000000
2.091269,960.000000
1.570490,960.000000
2.102558,960.000000
3.525867,960.000000
2.074335,960.000000
2.100468,960.000000
0.731097,960.000000
0.997445,960.000000
0.967967,960.000000
3.793887,960.000000
2.111130,960.000000
2.007852,960.000000
2.915609,960.000000
2.158587,960.000000
4.966946,960.000000
1.918373,960.000000
2.148970,960.000000
2.538248,960.000000
5.457620,960.000000
1.019815,960.000000
1.539339,960.000000
3.850962,960.000000
2.694001,960.000000
4.335572,960.000000
5.597065,960.000000
2.987736,960.000000
3.244676,960.000000
1.283445,960.000000
1.262120,960.000000
1.320867,960.000000
1.786871,960.000000
1.101350,960.000000
0.972566,960.000000
1.502126,960.000000
1.145462,960.000000
1.871333,960.000000
1.276964,960.000000
1.166996,960.000000
1.403866,960.000000
3.097494,960.000000
0.510326,960.000000
0.891868,960.000000
2.019769,960.000000
1.591396,960.000000
2.049247,960.000000
2.835537,960.000000
1.727497,960.000000
1.599132,960.000000
0.608586,960.000000
0.679040,960.000000
0.735488,960.000000
2.067017,960.000000
1.275500,960.000000
1.310832,960.000000
1.864643,960.000000
1.759693,960.000000
2.119492,960.000000
1.121420,960.000000
1.969384,960.000000
2.177612,960.000000
4.103302,960.000000
0.861762,960.000000
1.530141,960.000000
2.005343,960.000000
1.744431,960.000000
2.078307,960.000000
3.445586,960.000000
2.197055,960.000000
2.178030,960.000000
0.690539,960.000000
1.142536,960.000000
0.891240,960.000000
2.505425,960.000000
1.386095,960.000000
1.686521,960.000000
2.810449,960.000000
1.925690,960.000000
2.650515,960.000000
1.332157,960.000000
2.154406,960.000000
3.687055,960.000000
4.856769,960.000000
1.019188,960.000000
1.774537,960.000000
2.622710,960.000000
2.279008,960.000000
3.265164,960.000000
4.394319,960.000000
2.672258,960.000000
2.597831,960.000000
0.899394,960.000000
1.109713,960.000000
1.051175,960.000000
5.529747,960.000000
3.335200,960.000000
3.024113,960.000000
4.405191,960.000000
4.222469,960.000000
5.463055,960.000000
3.134917,960.000000
4.087831,960.000000
4.849870,960.000000
10.872172,960.000000
2.054264,960.000000
3.030803,960.000000
5.992406,960.000000
4.636834,960.000000
5.849197,960.000000
9.248371,960.000000
5.312738,960.000000
5.192317,960.000000
2.013915,960.000000
2.219634,960.000000
2.281726,960.000000
1.012498,960.000000
0.613185,960.000000
0.569073,960.000000
0.865317,960.000000
0.737369,960.000000
0.994727,960.000000
0.495064,960.000000
0.880369,960.000000
1.046157,960.000000
2.047156,960.000000
0.573254,960.000000
0.619457,960.000000
1.057656,960.000000
0.833539,960.000000
1.100096,960.000000
1.844364,960.000000
1.177031,960.000000
1.073963,960.000000
0.400567,960.000000
0.466422,960.000000
0.411856,960.000000
1.564427,960.000000
1.005389,960.000000
1.040094,960.000000
1.473902,960.000000
1.354736,960.000000
1.669377,960.000000
0.867616,960.000000
1.510488,960.000000
1.752167,960.000000
3.060072,960.000000
0.570327,960.000000
1.234733,960.000000
1.629864,960.000000
1.321913,960.000000
1.789589,960.000000
2.729123,960.000000
1.673559,960.000000
1.696765,960.000000
0.524542,960.000000
0.836257,960.000000
0.607959,960.000000
3.932706,960.000000
2.178658,960.000000
1.719971,960.000000
2.679784,960.000000
2.083533,960.000000
3.762109,960.000000
2.076007,960.000000
2.118865,960.000000
2.636926,960.000000
6.144186,960.000000
1.105531,960.000000
1.601850,960.000000
5.408490,960.000000
2.917490,960.000000
4.206998,960.000000
6.235129,960.000000
3.638971,960.000000
3.016378,960.000000
1.283236,960.000000
1.187903,960.000000
1.297661,960.000000
2.722015,960.000000
1.487073,960.000000
1.435225,960.000000
2.300333,960.000000
1.582825,960.000000
2.740622,960.000000
1.558782,960.000000
1.671468,960.000000
2.322703,960.000000
4.599411,960.000000
0.877442,960.000000
1.386095,960.000000
3.016796,960.000000
2.581106,960.000000
3.096658,960.000000
4.082814,960.000000
2.347999,960.000000
2.320403,960.000000
0.866780,960.000000
0.930754,960.000000
0.961695,960.000000
3.985599,960.000000
2.249530,960.000000
1.885131,960.000000
3.215407,960.000000
2.206254,960.000000
4.322192,960.000000
2.008061,960.000000
2.226533,960.000000
3.147043,960.000000
5.955192,960.000000
1.219471,960.000000
1.721643,960.000000
4.155359,960.000000
3.031848,960.000000
5.418734,960.000000
6.248927,960.000000
3.539874,960.000000
3.076588,960.000000
1.514879,960.000000
1.273410,960.000000
1.595578,960.000000
5.334063,960.000000
3.253247,960.000000
2.866270,960.000000
4.282261,960.000000
3.404192,960.000000
5.488143,960.000000
2.912055,960.000000
3.478618,960.000000
4.391811,960.000000
9.192760,960.000000
1.771401,960.000000
2.800623,960.000000
6.377920,960.000000
4.282261,960.000000
6.130806,960.000000
10.418085,960.000000
5.474763,960.000000
4.755582,960.000000
1.992381,960.000000
2.007852,960.000000
2.105903,960.000000
3.171294,960.000000
1.805687,960.000000
1.696556,960.000000
2.482637,960.000000
1.982555,960.000000
3.070943,960.000000
1.724152,960.000000
2.208136,960.000000
2.767800,960.000000
5.266326,960.000000
1.153407,960.000000
1.720807,960.000000
3.508724,960.000000
2.461939,960.000000
3.640852,960.000000
5.599783,960.000000
3.593604,960.000000
2.779090,960.000000
1.118493,960.000000
1.165324,960.000000
1.208391,960.000000
3.288579,960.000000
1.870079,960.000000
1.739623,960.000000
2.586960,960.000000
2.070362,960.000000
3.237358,960.000000
1.557528,960.000000
2.176149,960.000000
2.462149,960.000000
5.297477,960.000000
1.022951,960.000000
1.650561,960.000000
2.991499,960.000000
2.241168,960.000000
3.080351,960.000000
4.664848,960.000000
2.907873,960.000000
3.122164,960.000000
0.990546,960.000000
1.306860,960.000000
1.050965,960.000000
1.108040,960.000000
0.782109,960.000000
0.550257,960.000000
0.814723,960.000000
0.740923,960.000000
1.304769,960.000000
0.612349,960.000000
0.723153,960.000000
0.878069,960.000000
2.048829,960.000000
0.417919,960.000000
0.543358,960.000000
1.267765,960.000000
0.822458,960.000000
1.472021,960.000000
1.953914,960.000000
1.130619,960.000000
1.001208,960.000000
0.596669,960.000000
0.435899,960.000000
0.557365,960.000000
1.122884,960.000000
0.728798,960.000000
0.849010,960.000000
1.065809,960.000000
0.993055,960.000000
1.192293,960.000000
0.693048,960.000000
1.135427,960.000000
1.198983,960.000000
2.163814,960.000000
0.473948,960.000000
0.794862,960.000000
1.185812,960.000000
0.957305,960.000000
1.266511,960.000000
1.936770,960.000000
1.228252,960.000000
1.261284,960.000000
0.399731,960.000000
0.681758,960.000000
0.488792,960.000000
1.103232,960.000000
0.880160,960.000000
0.484611,960.000000
0.816396,960.000000
0.894167,960.000000
1.260657,960.000000
0.729843,960.000000
0.837929,960.000000
1.109713,960.000000
2.263538,960.000000
0.398685,960.000000
0.626356,960.000000
1.322122,960.000000
0.996191,960.000000
1.589933,960.000000
2.105276,960.000000
1.204419,960.000000
1.015634,960.000000
0.585798,960.000000
0.472067,960.000000
1.069363,960.000000
4.378707,960.000000
1.923512,960.000000
1.887550,960.000000
2.745395,960.000000
1.867479,960.000000
4.018258,960.000000
1.782175,960.000000
2.030141,960.000000
2.498893,960.000000
5.665160,960.000000
0.978273,960.000000
1.531910,960.000000
3.904520,960.000000
2.662809,960.000000
3.908074,960.000000
5.444583,960.000000
3.197002,960.000000
3.116089,960.000000
1.113964,960.000000
1.114591,960.000000
1.091593,960.000000
1.901349,960.000000
1.633521,960.000000
1.003989,960.000000
1.342068,960.000000
1.467932,960.000000
2.191549,960.000000
1.130690,960.000000
1.231047,960.000000
1.448070,960.000000
3.176303,960.000000
0.581444,960.000000
0.974091,960.000000
2.177541,960.000000
1.449742,960.000000
2.236500,960.000000
3.276242,960.000000
1.869570,960.000000
1.623277,960.000000
0.854708,960.000000
0.791567,960.000000
0.919104,960.000000
1.805801,960.000000
0.988727,960.000000
1.429880,960.000000
1.936684,960.000000
1.204704,960.000000
1.986235,960.000000
1.014861,960.000000
1.317396,960.000000
1.714016,960.000000
2.969108,960.000000
0.548619,960.000000
1.098701,960.000000
1.789284,960.000000
1.484031,960.000000
2.023032,960.000000
2.762748,960.000000
1.603414,960.000000
1.794511,960.000000
0.525620,960.000000
0.843209,960.000000
0.504713,960.000000
2.829444,960.000000
1.327641,960.000000
1.825454,960.000000
3.264325,960.000000
1.606969,960.000000
2.944855,960.000000
1.402491,960.000000
1.822736,960.000000
2.983116,960.000000
4.531752,960.000000
0.884397,960.000000
1.592751,960.000000
2.707761,960.000000
2.422788,960.000000
3.208083,960.000000
4.124469,960.000000
2.458541,960.000000
2.433242,960.000000
0.825228,960.000000
1.066295,960.000000
0.821047,960.000000
1.843017,960.000000
1.361721,960.000000
1.174806,960.000000
1.581252,960.000000
2.250509,960.000000
1.982890,960.000000
1.118355,960.000000
1.800783,960.000000
1.995643,960.000000
4.084535,960.000000
0.734907,960.000000
1.367157,960.000000
2.095164,960.000000
1.573725,960.000000
2.095582,960.000000
3.531735,960.000000
1.987280,960.000000
2.133425,960.000000
0.716090,960.000000
1.013398,960.000000
0.938548,960.000000
3.975606,960.000000
2.080947,960.000000
1.953828,960.000000
3.009250,960.000000
2.045822,960.000000
4.364072,960.000000
1.914103,960.000000
2.118372,960.000000
2.592559,960.000000
5.523615,960.000000
0.966356,960.000000
1.636030,960.000000
4.045438,960.000000
2.729296,960.000000
4.219599,960.000000
5.711157,960.000000
3.215610,960.000000
3.177558,960.000000
1.262618,960.000000
1.294398,960.000000
1.322414,960.000000
1.723634,960.000000
1.134872,960.000000
0.951093,960.000000
1.450997,960.000000
1.159961,960.000000
1.901140,960.000000
1.551563,960.000000
1.132363,960.000000
1.477968,960.000000
3.124452,960.000000
0.527711,960.000000
0.863699,960.000000
2.050840,960.000000
1.498457,960.000000
2.067984,960.000000
2.741422,960.000000
1.583970,960.000000
1.580416,960.000000
0.621169,960.000000
0.671347,960.000000
0.757278,960.000000
1.922257,960.000000
1.238783,960.000000
1.412945,960.000000
1.885041,960.000000
1.753323,960.000000
2.125062,960.000000
1.106646,960.000000
2.087846,960.000000
2.273507,960.000000
4.067182,960.000000
0.876661,960.000000
1.498666,960.000000
2.062339,960.000000
1.657565,960.000000
2.125271,960.000000
3.454794,960.000000
2.197612,960.000000
2.201375,960.000000
0.685565,960.000000
1.078421,960.000000
0.823765,960.000000
2.476312,960.000000
1.498876,960.000000
1.651084,960.000000
2.822753,960.000000
1.962818,960.000000
2.595486,960.000000
1.355658,960.000000
2.189040,960.000000
3.619338,960.000000
4.777627,960.000000
1.017998,960.000000
1.722797,960.000000
2.636047,960.000000
2.247791,960.000000
3.255125,960.000000
4.367417,960.000000
2.754803,960.000000
2.577506,960.000000
0.894433,960.000000
1.175015,960.000000
1.061277,960.000000
5.455037,960.000000
3.373881,960.000000
2.937955,960.000000
4.472374,960.000000
4.094571,960.000000
5.527587,960.000000
3.182994,960.000000
4.093107,960.000000
4.768218,960.000000
11.190656,960.000000
2.089101,960.000000
2.986043,960.000000
6.096487,960.000000
4.536560,960.000000
6.035436,960.000000
8.894987,960.000000
5.285476,960.000000
5.319137,960.000000
1.975363,960.000000
2.232319,960.000000
2.211202,960.000000
1.018834,960.000000
0.609879,960.000000
0.610506,960.000000
0.878334,960.000000
0.731980,960.000000
1.052077,960.000000
0.537120,960.000000
0.825019,960.000000
1.069222,960.000000
1.970345,960.000000
0.547783,960.000000
0.635177,960.000000
1.055632,960.000000
0.865371,960.000000
1.105183,960.000000
1.808101,960.000000
1.167906,960.000000
1.068594,960.000000
0.399756,960.000000
0.437808,960.000000
0.425263,960.000000
1.523338,960.000000
0.949420,960.000000
1.049359,960.000000
1.497830,960.000000
1.396846,960.000000
1.613868,960.000000
0.900078,960.000000
1.420262,960.000000
1.760222,960.000000
3.007160,960.000000
0.577681,960.000000
1.175851,960.000000
1.690599,960.000000
1.359212,960.000000
1.748932,960.000000
2.826099,960.000000
1.675964,960.000000
1.749350,960.000000
0.533356,960.000000
0.849272,960.000000
0.607370,960.000000
4.063627,960.000000
2.066311,960.000000
1.776739,960.000000
2.728459,960.000000
2.081992,960.000000
3.949262,960.000000
1.971181,960.000000
1.988744,960.000000
2.628521,960.000000
5.974804,960.000000
1.096193,960.000000
1.569126,960.000000
5.213135,960.000000
2.941300,960.000000
4.400869,960.000000
6.257476,960.000000
3.544488,960.000000
3.134906,960.000000
1.319278,960.000000
1.162261,960.000000
1.368202,960.000000
2.650265,960.000000
1.488631,960.000000
1.536091,960.000000
2.451641,960.000000
1.589197,960.000000
2.782611,960.000000
1.559090,960.000000
1.743496,960.000000
2.180050,960.000000
4.503317,960.000000
0.814774,960.000000
1.348340,960.000000
2.891331,960.000000
2.618485,960.000000
3.005487,960.000000
4.204964,960.000000
2.375119,960.000000
2.290024,960.000000
0.875616,960.000000
0.994790,960.000000
0.981409,960.000000
4.004040,960.000000
2.255527,960.000000
1.897586,960.000000
3.142433,960.000000
2.016133,960.000000
4.380171,960.000000
1.976617,960.000000
2.241936,960.000000
3.183203,960.000000
6.069725,960.000000
1.188396,960.000000
1.846153,960.000000
4.110043,960.000000
3.051693,960.000000
5.356771,960.000000
6.348007,960.000000
3.518772,960.000000
3.146405,960.000000
1.457060,960.000000
1.259273,960.000000
1.546754,960.000000
5.487444,960.000000
3.283978,960.000000
2.923947,960.000000
4.188028,960.000000
3.546370,960.000000
5.536577,960.000000
2.828817,960.000000
3.455840,960.000000
4.402333,960.000000
9.000989,960.000000
1.831936,960.000000
2.756267,960.000000
6.235523,960.000000
4.167539,960.000000
6.212315,960.000000
10.521818,960.000000
5.555813,960.000000
4.663679,960.000000
2.010279,960.000000
1.954455,960.000000
2.159769,960.000000
3.188221,960.000000
1.848035,960.000000
1.629340,960.000000
2.423625,960.000000
2.021987,960.000000
3.072392,960.000000
1.560553,960.000000
2.282707,960.000000
2.678908,960.000000
5.387923,960.000000
1.179824,960.000000
1.737642,960.000000
3.514172,960.000000
2.354211,960.000000
3.566442,960.000000
5.582784,960.000000
3.720532,960.000000
2.773620,960.000000
1.179824,960.000000
1.197177,960.000000
1.221848,960.000000
3.062565,960.000000
1.746632,960.000000
1.883578,960.000000
2.550953,960.000000
2.087428,960.000000
3.203274,960.000000
1.565153,960.000000
2.202421,960.000000
2.519800,960.000000
5.372243,960.000000
1.039114,960.000000
1.729279,960.000000
3.070719,960.000000
2.310096,960.000000
3.019913,960.000000
4.617264,960.000000
2.908684,960.000000
3.251153,960.000000
0.968237,960.000000
1.179614,960.000000
1.031797,960.000000
1.164352,960.000000
0.804948,960.000000
0.548410,960.000000
0.783622,960.000000
0.729889,960.000000
1.254673,960.000000
0.649185,960.000000
0.726126,960.000000
0.908232,960.000000
1.989789,960.000000
0.431327,960.000000
0.562000,960.000000
1.234393,960.000000
0.925795,960.000000
1.398100,960.000000
1.980172,960.000000
1.174178,960.000000
0.977437,960.000000
0.541929,960.000000
0.402892,960.000000
0.577263,960.000000
1.088875,960.000000
0.786340,960.000000
0.768359,960.000000
1.047478,960.000000
1.011307,960.000000
1.199895,960.000000
0.738670,960.000000
1.072567,960.000000
1.186932,960.000000
2.177750,960.000000
0.482132,960.000000
0.787594,960.000000
1.182960,960.000000
1.005035,960.000000
1.239411,960.000000
1.951946,960.000000
1.179196,960.000000
1.283526,960.000000
0.397038,960.000000
0.738043,960.000000
0.494886,960.000000
1.084484,960.000000
0.888579,960.000000
0.496768,960.000000
0.864117,960.000000
0.923495,960.000000
1.280181,960.000000
0.704382,960.000000
0.858890,960.000000
1.070894,960.000000
2.198239,960.000000
0.417737,960.000000
0.628277,960.000000
1.275581,960.000000
1.036187,960.000000
1.565780,960.000000
2.163951,960.000000
1.187768,960.000000
1.042251,960.000000
0.550501,960.000000
0.466661,960.000000
1.061486,960.000000
56.852973,960.000000
33.279993,960.000000
31.343899,960.000000
47.078448,960.000000
37.389066,960.000000
59.159244,960.000000
30.576656,960.000000
38.545807,960.000000
48.721575,960.000000
96.776229,960.000000
18.823053,960.000000
29.920793,960.000000
61.241481,960.000000
44.891648,960.000000
64.003511,960.000000
92.732935,960.000000
54.137478,960.000000
51.328204,960.000000
19.764964,960.000000
21.825403,960.000000
21.774969,960.000000
