3,11,2,3,0,0.518834
3,20,18,0,1,0.512495
3,3,19,3,3,0.425697
0,3,1,2,3,0.299728
3,4,8,3,0,0.276633
2,20,2,0,0,0.251292
0,0,1,3,0,0.311656
0,2,1,2,0,0.232285
0,0,2,0,0,0.231159
3,3,2,2,3,0.231554
2,1,2,2,3,0.205322
0,0,2,2,3,0.187254
0,2,2,3,3,0.186021
0,2,0,2,3,0.171929
3,10,17,2,0,0.149672
2,20,0,0,0,0.170565
2,12,3,3,0,0.172513
2,14,3,3,0,0.151201
0,2,3,3,0,0.149121
0,3,0,2,0,0.135438
0,3,2,3,0,0.127131
3,11,2,1,0,0.122420
3,6,18,2,0,0.135275
3,2,11,1,3,0.106049
0,3,1,1,3,0.100588
3,18,13,2,1,0.112062
3,19,3,2,3,0.097885
3,14,7,3,0,0.091152
2,20,3,0,0,0.087201
0,0,0,2,0,0.101984
0,3,0,3,0,0.085941
3,4,8,0,0,0.087712
0,1,1,1,0,0.086900
0,1,3,0,0,0.095166
0,0,3,3,0,0.081685
0,3,1,2,0,0.079230
2,14,3,3,0,0.073427
2,18,2,2,0,0.092771
0,3,2,2,0,0.082797
0,3,0,0,0,0.080622
2,7,2,1,0,0.077262
0,0,1,1,0,0.078870
0,3,3,3,0,0.074628
0,2,2,1,0,0.075175
0,2,1,3,0,0.072564
2,15,0,3,0,0.065411
2,12,0,3,0,0.059988
3,3,2,0,3,0.067265
0,2,0,3,3,0.066883
2,1,2,0,3,0.061910
3,8,6,3,1,0.073120
3,11,8,0,3,0.056430
3,11,14,2,2,0.058394
3,19,3,2,1,0.055480
2,18,0,3,1,0.051568
0,0,0,3,1,0.054211
3,2,9,0,0,0.051871
0,1,2,3,0,0.046103
2,20,2,0,0,0.047312
2,9,1,2,0,0.056984
2,16,2,2,0,0.052174
0,3,1,2,0,0.045308
0,2,0,2,0,0.046338
0,2,2,0,0,0.043808
3,4,8,3,0,0.040319
3,4,8,3,2,0.055431
2,14,2,2,2,0.052804
2,18,2,3,2,0.042397
0,0,2,2,2,0.049166
3,17,7,2,1,0.043393
0,2,1,1,1,0.042776
2,8,2,3,1,0.043569
3,4,8,3,1,0.044813
0,3,1,3,1,0.041185
3,11,8,2,0,0.039959
3,8,1,3,3,0.043187
0,0,2,2,3,0.039560
0,0,2,2,3,0.037552
3,11,14,3,2,0.043353
0,2,3,0,2,0.036513
3,8,2,3,0,0.041459
0,3,2,3,0,0.035369
0,2,2,3,0,0.039182
3,3,2,3,1,0.033879
0,0,2,2,1,0.036207
0,3,2,0,1,0.039344
0,2,3,3,1,0.034431
0,2,3,3,1,0.043669
3,12,5,3,0,0.036811
0,3,3,3,0,0.036340
3,13,3,3,0,0.032934
2,13,2,3,0,0.039809
0,1,1,1,0,0.033100
0,2,0,1,0,0.035041
0,2,1,2,0,0.032605
2,6,2,3,0,0.032194
0,0,2,3,0,0.033014
2,17,3,1,0,0.031168
0,2,2,3,0,0.030618
0,3,3,1,0,0.030640
2,20,1,1,0,0.032621
0,3,2,3,0,0.036148
3,4,8,0,3,0.032036
0,1,1,2,3,0.028529
0,3,1,2,3,0.031777
0,0,0,0,3,0.033411
3,8,2,1,0,0.030399
2,12,2,3,0,0.028446
0,0,1,1,0,0.028660
0,3,1,2,0,0.027317
2,15,3,1,0,0.026573
0,2,3,1,0,0.028085
0,1,1,0,0,0.031831
3,17,6,3,1,0.027269
0,2,1,1,1,0.025264
0,2,1,0,1,0.025606
0,2,2,3,1,0.025086
0,2,2,3,1,0.026687
2,18,0,2,1,0.028958
2,8,3,2,1,0.031930
2,16,0,0,1,0.030659
0,2,1,2,1,0.027683
0,2,1,2,1,0.030412
0,1,3,3,1,0.024723
0,3,0,2,1,0.022624
0,0,3,2,1,0.028083
0,0,2,2,1,0.024294
0,3,0,1,1,0.025904
0,2,3,2,1,0.022162
0,2,3,3,1,0.026349
3,2,9,0,2,0.024982
0,2,3,3,2,0.025802
0,0,1,0,2,0.023477
3,4,8,3,0,0.023016
3,8,4,2,2,0.024234
0,2,0,2,2,0.026210
0,0,2,2,2,0.022112
2,14,0,0,2,0.022647
3,7,18,0,0,0.023930
3,7,18,0,0,0.026317
3,7,18,0,0,0.023089
2,9,0,0,0,0.021184
3,2,9,0,3,0.022347
0,2,1,2,3,0.022022
0,2,0,0,3,0.022982
0,2,1,2,3,0.021625
2,1,0,3,3,0.022818
3,17,7,2,1,0.031248
2,17,0,3,1,0.026228
2,20,0,3,1,0.023747
2,8,3,2,1,0.024352
0,2,0,3,1,0.023244
3,2,3,2,0,0.019793
2,2,2,2,0,0.019368
3,9,2,2,1,0.022871
3,11,14,2,2,0.023045
3,12,5,3,0,0.017828
0,1,0,3,0,0.018349
3,19,3,2,1,0.030246
2,19,3,2,1,0.026411
0,0,2,2,1,0.022993
0,1,3,2,1,0.019503
2,0,1,1,1,0.020470
0,2,1,3,1,0.017237
0,2,2,2,1,0.016428
0,2,2,3,1,0.020468
0,2,2,3,1,0.020441
3,8,4,1,1,0.020835
3,6,18,1,2,0.023195
2,18,1,3,2,0.021875
0,1,1,1,2,0.019439
0,0,1,1,2,0.018712
0,2,3,3,2,0.019382
0,2,3,0,2,0.020002
2,19,3,0,2,0.020660
2,18,1,1,2,0.021795
3,8,4,0,1,0.020595
0,3,1,1,1,0.021079
0,0,2,0,1,0.017740
0,0,2,0,1,0.019831
0,2,1,2,1,0.017017
3,13,3,0,0,0.015515
3,2,9,0,3,0.015675
0,3,1,0,3,0.021203
0,1,3,0,3,0.017916
0,2,0,2,3,0.021151
0,0,2,0,3,0.015744
0,0,2,0,3,0.017337
0,3,0,1,3,0.018184
3,13,13,3,3,0.016903
2,11,3,3,3,0.015342
2,18,3,3,3,0.014615
3,4,18,3,0,0.016782
3,4,8,3,0,0.018677
3,8,4,3,2,0.018657
3,4,18,0,0,0.018389
2,9,3,3,0,0.013453
0,2,1,0,0,0.017557
0,3,1,2,0,0.018573
0,3,1,2,0,0.019825
2,2,3,3,0,0.015220
3,13,3,2,3,0.015120
2,20,1,2,3,0.017688
3,6,18,0,1,0.019600
2,8,1,0,1,0.016653
2,6,1,2,1,0.018517
2,4,1,3,1,0.015868
2,0,3,3,1,0.014956
0,2,3,3,1,0.014296
2,7,1,0,1,0.016217
0,2,3,2,1,0.017033
0,3,3,3,1,0.015076
0,2,1,2,1,0.014427
0,0,2,3,1,0.014100
0,2,0,0,1,0.013768
0,1,3,0,1,0.014135
2,18,2,0,1,0.016536
3,13,3,0,3,0.018063
0,0,2,0,3,0.016326
0,0,1,0,3,0.016518
0,3,1,2,3,0.017224
0,3,2,3,3,0.014762
0,1,1,0,3,0.016394
2,9,2,0,3,0.015654
2,20,3,0,3,0.017716
0,0,2,0,3,0.017514
0,2,2,2,3,0.013018
0,0,0,2,3,0.013034
3,9,2,2,1,0.013479
0,2,3,0,1,0.016167
2,10,2,1,1,0.015584
0,0,2,0,1,0.015662
2,19,2,1,1,0.015635
0,3,0,1,1,0.016415
3,13,3,1,3,0.014045
0,2,2,2,3,0.012410
0,2,2,3,3,0.014517
0,2,2,3,3,0.013136
2,13,3,3,3,0.016870
0,3,2,1,3,0.013993
0,2,3,3,3,0.014265
2,14,3,0,3,0.015314
0,3,2,2,3,0.014894
2,15,0,2,3,0.013763
0,0,2,2,3,0.014821
0,0,2,2,3,0.015838
0,1,3,0,3,0.016041
0,3,0,2,3,0.015120
0,3,2,0,3,0.013528
0,0,2,2,3,0.013159
0,0,3,3,3,0.012373
0,0,3,2,3,0.011566
2,18,3,0,3,0.014739
0,3,2,3,3,0.015446
2,2,3,0,3,0.013530
0,0,2,0,3,0.015631
2,20,3,0,3,0.014571
0,2,3,0,3,0.015152
0,2,3,3,3,0.014351
0,3,3,1,3,0.012092
0,3,3,0,3,0.011567
0,2,3,3,3,0.011446
3,9,2,3,3,0.010930
0,3,3,3,3,0.012785
0,3,3,0,3,0.015257
0,3,1,3,3,0.013099
0,3,1,2,3,0.012689
0,3,1,1,3,0.013479
2,1,0,0,3,0.015631
0,0,3,0,3,0.012529
2,9,3,0,3,0.013988
3,9,2,3,3,0.014222
2,2,3,0,3,0.015379
3,2,9,3,3,0.014178
2,2,3,0,3,0.012990
2,14,0,1,3,0.011011
2,14,0,3,3,0.011624
2,14,3,0,3,0.011763
2,18,0,3,3,0.013043
2,16,0,0,3,0.012226
0,3,0,3,3,0.013363
0,1,0,3,3,0.011965
0,2,3,2,3,0.012945
0,1,0,0,3,0.013920
2,19,1,1,3,0.013082
2,18,3,0,3,0.014131
0,3,1,1,3,0.013381
3,6,17,0,0,0.013241
2,12,1,2,0,0.010520
2,12,1,2,0,0.011388
0,2,3,0,0,0.011449
0,2,3,0,0,0.013974
2,20,2,0,0,0.014055
0,1,1,2,0,0.013407
0,2,2,0,0,0.012872
2,2,1,0,0,0.010924
2,12,0,1,0,0.011746
2,12,1,0,0,0.012181
3,2,3,0,0,0.010643
2,0,3,0,0,0.010536
2,16,1,0,0,0.010317
3,4,8,0,0,0.011033
0,1,3,0,0,0.010025
2,8,0,2,0,0.011124
0,3,0,1,0,0.011665
0,3,0,1,0,0.010902
2,2,3,0,0,0.011269
0,1,3,0,0,0.012922
0,2,3,0,0,0.012401
0,2,3,0,0,0.012031
2,20,0,1,0,0.012558
0,3,1,0,0,0.012085
2,18,0,1,0,0.012163
0,2,1,0,0,0.011538
0,3,0,1,0,0.011625
0,1,3,1,0,0.010953
0,3,0,1,0,0.008982
0,0,2,0,0,0.011191
0,0,2,0,0,0.011787
2,3,2,0,0,0.009640
3,9,2,0,3,0.009425
3,13,3,2,0,0.010199
2,13,2,2,0,0.011103
2,9,2,2,0,0.009808
2,9,1,2,0,0.012063
2,9,2,0,0,0.010764
0,3,1,2,0,0.010990
0,3,1,2,0,0.009973
0,3,1,2,0,0.013632
0,3,1,2,0,0.011834
0,3,1,2,0,0.010274
2,9,1,2,0,0.009921
0,3,1,2,0,0.012766
0,0,3,2,0,0.010257
0,1,1,0,0,0.010519
2,9,3,0,0,0.009456
0,0,2,2,0,0.011016
0,0,2,0,0,0.010021
0,2,3,2,0,0.010050
0,1,1,0,0,0.010563
0,2,0,3,0,0.011516
0,2,2,3,0,0.009500
0,2,2,3,0,0.011846
0,3,3,0,0,0.009074
0,0,0,2,0,0.008782
0,2,2,3,0,0.009473
0,2,2,1,0,0.008993
0,2,2,1,0,0.010878
0,2,3,0,0,0.011865
0,2,3,0,0,0.010847
2,16,0,2,0,0.011689
0,2,3,2,0,0.010855
0,0,0,2,0,0.010009
0,0,0,2,0,0.008803
0,2,3,3,0,0.009466
0,1,3,0,0,0.008893
0,2,0,2,0,0.009664
2,15,3,0,0,0.009825
0,0,2,3,0,0.009238
2,14,3,3,0,0.009272
0,1,3,2,0,0.009999
2,3,1,3,0,0.011608
0,2,3,0,0,0.011259
2,2,1,3,0,0.011047
0,2,3,1,0,0.011110
0,0,1,3,0,0.010469
0,0,1,0,0,0.011261
0,1,1,1,0,0.009114
0,3,3,3,0,0.010164
0,1,1,1,0,0.010896
0,1,3,3,0,0.009351
0,3,0,0,0,0.008626
3,13,13,3,2,0.012572
3,6,17,2,0,0.008940
3,17,6,3,1,0.011796
0,3,0,0,1,0.014042
0,1,1,2,1,0.009463
0,3,0,2,1,0.009589
2,5,3,3,1,0.009222
3,3,13,2,3,0.009534
2,1,2,0,3,0.010659
2,1,3,3,3,0.011918
2,9,3,3,3,0.009305
2,15,3,3,3,0.009305
0,3,3,2,3,0.009161
2,20,2,0,3,0.011236
0,3,1,1,3,0.010844
0,0,2,0,3,0.010259
0,0,2,0,3,0.010535
2,7,2,0,3,0.010805
0,3,1,0,3,0.009985
2,18,2,0,3,0.010562
0,0,1,0,3,0.009790
0,0,1,3,3,0.011200
2,12,1,3,3,0.008982
2,14,2,0,3,0.009844
2,14,1,3,3,0.008995
0,0,0,2,3,0.008309
3,4,8,2,2,0.010115
0,0,1,0,2,0.011194
0,0,0,2,2,0.010665
0,2,1,3,2,0.009201
0,2,2,0,2,0.008680
0,2,1,0,2,0.008264
0,0,1,3,2,0.009605
0,0,1,0,2,0.010463
0,0,1,3,2,0.008425
3,17,6,2,1,0.009244
0,0,1,3,1,0.009348
2,17,1,0,1,0.008744
0,0,2,2,1,0.007535
0,0,2,2,1,0.009138
2,2,3,2,1,0.009406
0,1,3,3,1,0.010055
2,14,3,2,1,0.009101
0,0,2,2,1,0.008230
2,18,1,2,1,0.008302
2,18,1,2,1,0.008152
2,3,2,0,1,0.010884
0,3,2,2,1,0.009419
0,3,2,2,1,0.008931
0,3,2,0,1,0.010475
0,3,2,0,1,0.010820
0,2,3,2,1,0.009729
2,16,0,3,1,0.009808
0,3,2,1,1,0.009346
0,1,1,1,1,0.007983
0,0,2,0,1,0.008829
0,0,2,0,1,0.008123
2,11,1,0,1,0.009542
2,20,0,3,1,0.009989
0,0,2,0,1,0.009672
0,0,2,0,1,0.010065
0,0,2,0,1,0.009682
0,0,2,0,1,0.009314
0,0,2,0,1,0.008961
2,1,0,1,1,0.008859
0,3,2,3,1,0.008540
2,2,3,3,1,0.008559
0,1,3,0,1,0.009378
2,6,3,3,1,0.009218
0,1,1,2,1,0.009114
2,0,0,1,1,0.009040
0,3,2,2,1,0.007788
0,3,1,2,1,0.008108
0,3,1,2,1,0.009685
0,3,1,2,1,0.008406
0,3,2,0,1,0.008697
0,0,3,3,1,0.007637
0,3,1,3,1,0.008862
0,3,1,3,1,0.007880
2,9,1,0,1,0.009582
0,1,0,3,1,0.008809
0,2,2,2,1,0.008103
0,2,2,2,1,0.007171
0,0,2,0,1,0.007475
0,0,3,0,1,0.007594
0,0,3,1,1,0.008848
2,14,1,2,1,0.007625
3,2,9,2,3,0.009288
2,2,3,3,3,0.011122
3,2,3,2,0,0.010345
2,3,1,0,0,0.008486
3,2,9,0,3,0.009828
0,2,0,1,3,0.009883
0,3,1,0,3,0.008007
0,0,2,0,3,0.010121
0,3,1,1,3,0.008672
0,0,3,3,3,0.009534
0,3,1,2,3,0.007849
0,3,1,2,3,0.008286
2,13,3,0,3,0.007596
0,1,1,0,3,0.008713
2,2,3,0,3,0.009355
2,2,3,1,3,0.009154
2,20,3,0,3,0.009512
0,3,3,1,3,0.009482
0,3,3,1,3,0.009028
0,3,3,1,3,0.008189
0,2,3,0,3,0.008690
0,2,3,0,3,0.009055
2,18,3,0,3,0.009529
0,2,1,1,3,0.008745
0,2,1,1,3,0.009212
0,0,3,3,3,0.008015
3,13,3,3,0,0.007559
0,2,0,0,0,0.007047
0,3,1,2,0,0.007339
3,13,13,3,3,0.006917
3,13,3,1,0,0.008899
2,17,1,2,0,0.008875
0,1,1,2,0,0.007908
2,20,1,2,0,0.009126
0,3,3,2,0,0.009393
2,12,1,2,0,0.008857
2,12,3,3,0,0.010895
0,3,3,1,0,0.007762
2,15,3,3,0,0.006639
2,2,0,2,0,0.008009
0,0,2,1,0,0.007079
1,0.500000
1,0.300000
1,0.400000
1,0.300000
1,0.400000
0,0.200000
1,0.500000
1,0.300000
0,0.200000
1,0.500000
0,0.200000
0,0.200000
1,0.400000
1,0.500000
1,0.600000
0,0.500000
1,0.400000
1,0.300000
1,0.400000
1,0.600000
1,0.200000
0,0.200000
1,0.500000
0,0.200000
0,0.200000
1,0.500000
1,0.500000
1,0.600000
0,0.200000
1,0.500000
1,0.600000
0,0.100000
0,0.400000
0,0.200000
1,0.300000
0,0.300000
1,0.200000
1,0.100000
1,0.100000
0,0.500000
1,0.100000
1,0.200000
1,0.300000
1,0.100000
1,0.100000
1,0.500000
1,0.500000
0,0.200000
1,0.500000
0,0.200000
1,0.600000
0,0.200000
0,0.500000
0,0.500000
1,0.500000
1,0.500000
0,0.200000
1,0.900000
0,0.200000
1,0.500000
0,0.500000
1,0.500000
0,0.900000
0,0.200000
1,0.100000
1,0.100000
0,0.500000
1,0.500000
0,0.500000
1,0.200000
0,0.300000
1,0.500000
1,0.100000
1,0.100000
1,0.200000
1,0.500000
1,0.200000
0,0.400000
1,0.500000
0,0.400000
1,0.500000
1,0.400000
0,0.400000
0,0.400000
1,0.200000
1,0.100000
0,0.400000
1,0.200000
1,0.500000
1,0.100000
1,0.300000
1,0.300000
0,0.500000
1,0.500000
0,0.300000
1,0.200000
1,0.300000
1,0.300000
1,0.300000
1,0.300000
0,0.300000
1,0.500000
0,0.600000
1,0.100000
1,0.400000
0,0.600000
1,0.600000
0,0.400000
1,0.300000
0,0.300000
1,0.300000
1,0.600000
0,0.100000
1,0.200000
0,0.200000
1,0.100000
0,0.400000
1,0.600000
1,0.300000
1,0.400000
0,0.700000
1,0.500000
0,0.300000
1,0.200000
1,0.300000
1,0.400000
0,0.600000
0,0.200000
0,0.100000
0,0.400000
0,0.100000
1,0.100000
0,0.100000
0,0.200000
1,0.200000
1,0.300000
1,0.200000
1,0.400000
1,0.400000
1,0.400000
1,0.400000
1,0.400000
1,0.400000
1,0.500000
1,0.400000
0,0.200000
0,0.700000
1,0.200000
0,0.700000
0,0.700000
1,0.200000
0,0.700000
0,0.400000
0,0.400000
1,0.200000
0,0.600000
1,0.500000
1,0.500000
0,0.600000
1,0.200000
0,0.600000
1,0.200000
0,0.300000
0,0.200000
0,0.100000
0,0.400000
1,0.200000
1,0.400000
0,0.500000
1,0.400000
0,0.500000
1,0.400000
0,0.800000
0,0.200000
1,0.900000
0,0.300000
1,0.900000
0,0.300000
1,0.200000
0,0.100000
0,0.300000
0,0.300000
1,0.200000
0,0.300000
1,0.900000
1,0.400000
1,0.200000
0,0.400000
1,0.900000
1,0.100000
0,0.400000
1,0.100000
0,0.400000
1,0.100000
0,0.400000
1,0.900000
0,0.400000
1,0.900000
0,0.900000
1,0.500000
1,0.100000
1,0.500000
0,0.900000
1,0.800000
1,0.800000
0,0.900000
1,0.400000
1,0.100000
0,0.400000
1,0.800000
0,0.100000
1,0.100000
1,0.500000
1,0.100000
1,0.400000
1,0.300000
0,0.600000
1,0.900000
0,0.600000
1,0.800000
0,0.900000
1,0.500000
0,0.100000
1,0.200000
0,0.500000
1,0.200000
1,0.300000
0,0.900000
1,0.200000
0,0.500000
1,0.200000
0,0.600000
1,0.200000
0,0.500000
1,0.200000
0,0.100000
0,0.400000
1,0.600000
0,0.800000
1,0.200000
0,0.800000
1,0.900000
1,0.200000
1,0.300000
1,0.200000
0,0.400000
1,0.900000
1,0.300000
1,0.100000
1,0.200000
1,0.200000
1,0.300000
0,0.600000
1,0.500000
0,0.600000
1,0.900000
0,0.600000
1,0.900000
1,0.100000
1,0.200000
1,0.300000
0,0.400000
1,0.400000
1,0.900000
0,0.600000
1,0.400000
1,0.100000
1,0.600000
1,0.300000
1,0.600000
0,0.500000
0,0.100000
0,0.500000
0,0.100000
0,0.500000
1,0.900000
0,0.100000
0,0.500000
0,0.100000
1,0.300000
0,0.100000
1,0.400000
1,0.600000
1,0.300000
1,0.600000
0,0.500000
1,0.600000
0,0.500000
1,0.600000
0,0.300000
0,0.500000
1,0.900000
0,0.500000
1,0.600000
0,0.500000
1,0.900000
0,0.500000
1,0.400000
1,0.900000
0,0.100000
1,0.900000
0,0.100000
0,0.100000
1,0.500000
0,0.500000
1,0.900000
0,0.500000
1,0.900000
0,0.500000
1,0.900000
0,0.500000
1,0.900000
0,0.500000
1,0.900000
0,0.500000
1,0.100000
1,0.900000
0,0.600000
1,0.200000
0,0.100000
0,0.100000
1,0.400000
0,0.400000
1,0.300000
1,0.200000
0,0.100000
1,0.500000
0,0.300000
1,0.200000
0,0.300000
1,0.200000
1,0.300000
0,0.900000
1,0.400000
0,0.100000
1,0.300000
0,0.400000
0,0.100000
0,0.100000
1,0.400000
0,0.700000
0,0.400000
1,0.300000
1,0.200000
1,0.500000
0,0.400000
0,0.100000
1,0.400000
0,0.500000
1,0.900000
1,0.400000
1,0.400000
0,0.900000
1,0.500000
1,0.100000
1,0.300000
1,0.400000
1,0.900000
1,0.100000
1,0.200000
1,0.200000
0,0.500000
1,0.900000
0,0.500000
1,0.900000
0,0.500000
0,0.100000
0,0.500000
1,0.900000
1,0.100000
1,0.200000
1,0.400000
0,0.300000
1,0.300000
0,0.300000
0,0.700000
1,0.300000
0,0.900000
0,0.300000
1,0.800000
0,0.600000
0,0.300000
0,0.300000
0,0.300000
1,0.800000
0,0.600000
1,0.600000
0,0.600000
1,0.900000
0,0.400000
1,0.900000
0,0.400000
1,0.800000
1,0.300000
1,0.500000
0,0.400000
1,0.500000
0,0.900000
1,0.500000
1,0.900000
1,0.400000
1,0.500000
0,0.400000
1,0.400000
0,0.600000
0,0.100000
1,0.300000
1,0.800000
0,0.600000
0,0.100000
1,0.200000
0,0.400000
1,0.800000
0,0.800000
1,0.800000
1,0.200000
1,0.200000
1,0.200000
0,0.600000
1,0.300000
0,0.100000
1,0.100000
0,0.300000
1,0.800000
1,0.400000
1,0.200000
0,0.500000
1,0.200000
0,0.400000
1,0.900000
1,0.400000
1,0.900000
0,0.600000
1,0.900000
0,0.600000
1,0.900000
0,0.500000
1,0.500000
0,0.800000
1,0.900000
0,0.800000
1,0.600000
0,0.500000
1,0.300000
1,0.200000
0,0.300000
1,0.200000
1,0.100000
0,0.800000
1,0.400000
0,0.600000
1,0.900000
1,0.400000
0,0.100000
1,0.200000
1,0.200000
0,0.300000
0,0.100000
1,0.500000
1,0.500000
0,0.800000
1,0.500000
1,0.900000
1,0.900000
0,0.900000
1,0.900000
0,0.600000
1,0.600000
0,0.800000
1,0.500000
0,0.300000
0,0.500000
1,0.400000
0,0.500000
1,0.800000
0,0.500000
1,0.800000
0,0.500000
1,0.700000
0,0.500000
1,0.900000
0,0.600000
1,0.900000
0,0.400000
1,0.600000
0,0.800000
1,0.400000
1,0.400000
0,0.400000
1,0.900000
0,0.900000
1,0.600000
0,0.900000
1,0.800000
0,0.900000
0,0.300000
1,0.100000
0,0.400000
1,0.400000
1,0.200000
0,0.647705
1,1.219701
0,0.943953
0,0.917781
0,0.967781
0,0.929559
0,0.950083
0,1.040054
0,1.163375
0,1.113375
0,1.071186
0,1.091588
0,1.071186
0,1.091588
0,1.091588
1,0.647705
1,0.895886
1,0.845886
1,0.895886
1,0.845886
1,0.845886
1,0.647705
1,0.895886
0,1.277726
1,0.875972
1,1.112546
0,1.113272
1,0.875972
1,1.113375
0,0.991537
1,0.967781
1,0.967781
1,1.113375
1,1.113375
0,0.911722
1,1.113375
1,1.113375
1,0.876849
1,1.113375
1,1.113375
1,1.334448
1,1.113375
0,1.130788
0,1.130788
0,1.130788
0,1.130788
1,1.113375
1,1.113375
1,0.876849
1,0.833632
1,0.876849
0,1.496893
1,0.799718
1,0.991063
0,1.442134
0,1.442134
0,1.130788
1,0.967781
1,0.917781
1,1.150025
1,0.967781
1,0.917781
1,0.967781
1,0.967781
1,0.967781
0,1.103962
1,1.041547
0,1.034448
1,1.207527
0,1.034448
1,1.207527
1,1.504625
1,1.207527
0,1.542134
0,1.542134
1,0.897251
0,1.290440
0,1.290440
1,0.899718
0,1.290440
0,1.290440
1,1.596830
1,1.041547
1,1.041547
1,1.454625
1,1.596830
0,1.301204
0,1.301204
1,1.454625
0,1.301204
0,1.301204
1,1.596830
1,0.749718
1,1.150025
0,1.452961
0,1.352961
0,1.090039
0,1.090039
0,1.452961
0,1.352961
0,1.352961
0,1.036878
0,1.352961
1,1.540440
1,0.749718
1,0.861722
1,1.540440
1,1.204625
1,0.861722
0,1.036878
0,1.036878
1,0.882388
1,0.634963
1,0.882388
1,1.081096
1,1.390039
1,1.204625
1,1.081096
1,0.634963
1,1.081096
0,0.895886
1,1.081096
1,0.967781
1,0.917781
1,0.967781
1,1.081096
0,0.895886
1,1.081096
1,0.917781
1,1.081096
1,1.081096
1,0.917781
0,1.090039
1,0.917781
0,1.036878
1,1.296830
0,1.090039
1,0.861722
1,0.861722
0,0.911722
1,0.861722
0,0.911722
0,1.020722
0,1.090039
1,0.749718
0,0.961722
1,0.749718
1,1.334448
1,0.749718
1,0.749718
1,1.642696
1,0.749718
0,1.025923
1,0.749718
1,1.133613
1,0.749718
1,1.204625
0,1.002208
1,0.991063
1,1.642696
1,0.634963
1,1.542696
1,0.634963
1,1.052208
1,1.152208
1,0.634963
1,1.152208
1,1.642696
1,0.634963
1,1.542696
1,1.396830
1,1.642696
1,1.396830
1,1.642696
1,1.642696
0,1.286878
1,1.642696
1,1.296830
1,1.152208
0,1.286878
0,1.301204
0,1.301204
0,0.820722
1,1.296830
1,1.052208
1,1.296830
1,1.052208
1,1.396830
1,1.642696
1,1.396830
1,1.052208
0,1.386878
0,0.952208
1,0.917781
0,1.286878
1,1.052208
0,0.784963
0,1.101204
1,0.634963
1,0.932388
0,0.784963
0,0.944171
0,1.069505
0,0.774440
1,1.344171
0,1.069505
1,1.344171
0,1.069505
0,0.869505
0,0.869505
0,1.069505
0,1.069505
0,0.869505
0,1.069505
1,1.169505
1,1.344171
0,1.069505
1,1.344171
0,1.069505
0,0.869505
0,1.069505
0,0.869505
0,1.094171
1,1.169505
0,1.069505
0,0.869505
0,1.094171
0,1.094171
0,0.833613
0,1.069505
0,0.944171
0,1.069505
0,0.944171
0,1.069505
0,1.094171
1,1.169505
0,1.069505
1,1.169505
1,1.296830
1,1.169505
0,1.069505
1,1.169505
0,1.069505
0,1.069505
1,1.169505
0,1.069505
1,1.169505
0,1.069505
1,1.169505
0,1.069505
0,1.069505
0,1.069505
0,1.069505
1,1.169505
0,1.069505
1,1.169505
0,1.069505
1,1.169505
0,1.069505
0,1.069505
0,1.069505
0,1.069505
0,1.069505
0,0.870722
0,1.270722
0,0.820722
1,1.169505
0,0.820722
0,1.270722
0,0.820722
0,1.270722
1,1.169505
1,0.749746
0,0.820722
1,0.749746
0,0.869505
0,0.869505
0,1.069505
0,0.869505
1,0.967781
0,0.869505
1,0.749746
0,0.869505
1,0.749746
0,0.869505
1,0.749746
0,0.869505
1,0.749746
1,1.125923
1,0.967781
0,1.069505
0,0.869505
0,1.069505
0,0.869505
0,1.069505
0,0.869505
0,1.069505
1,1.125923
1,1.125923
0,1.069505
1,1.052208
1,0.967781
0,1.069505
1,0.849746
0,1.069505
1,1.169505
0,1.069505
1,1.169505
0,1.069505
1,1.169505
0,1.069505
1,1.169505
0,1.069505
1,1.169505
0,1.069505
0,1.069505
0,1.069505
0,1.069505
1,1.169505
0,1.069505
0,1.069505
0,1.101204
1,1.296830
1,1.310862
0,0.870722
1,0.849746
0,0.870722
0,1.360904
0,1.360904
0,0.870722
0,0.870722
0,0.870722
0,1.360904
0,0.870722
0,1.360904
0,0.870722
0,1.270722
0,0.870722
0,0.870722
1,1.310862
0,1.270722
1,0.849746
1,0.849746
1,0.849746
1,0.849746
1,0.849746
1,0.849746
1,1.310862
1,0.649746
1,1.310862
1,0.649746
1,1.310862
1,0.849746
1,0.849746
1,0.849746
1,1.310862
1,0.849746
1,1.310862
1,0.849746
1,0.849746
1,0.849746
1,0.649746
1,1.310862
1,0.649746
1,1.310862
1,0.649746
1,0.849746
1,0.849746
1,1.310862
1,0.849746
1,0.849746
1,0.849746
0,1.360904
1,0.849746
1,0.932388
1,0.682388
1,1.310862
0,1.117781
0,1.117781
1,1.310862
0,1.017781
0,1.017781
1,0.932388
0,1.117781
1,1.132388
1,0.682388
1,1.132388
1,0.682388
1,0.982388
1,0.682388
1,1.132388
1,0.682388
1,0.982388
0,1.017781
1,0.982388
0,1.017781
1,0.932388
0,1.017781
0,1.303962
1,1.132388
1,0.682388
1,0.982388
1,0.682388
1,0.932388
1,0.682388
1,0.932388
1,0.682388
1,0.932388
0,0.949746
1,1.796830
0,1.301204
0,1.351204
1,1.796830
0,0.949746
1,1.796830
0,1.301204
0,1.351204
0,1.360904
1,0.649746
1,1.796830
0,1.301204
0,1.301204
0,0.949746
1,1.796830
1,0.649746
1,1.796830
0,1.351204
1,1.796830
0,1.351204
1,1.796830
1,0.649746
1,1.796830
0,0.949746
1,1.796830
1,0.649746
1,1.796830
1,0.649746
1,1.796830
0,0.949746
1,1.796830
1,0.649746
1,1.796830
0,0.949746
1,1.396830
0,0.949746
1,1.396830
1,1.396830
1,1.396830
1,1.396830
1,1.796830
1,1.396830
1,1.796830
1,0.649746
1,1.796830
1,1.396830
1,1.396830
1,1.396830
1,1.396830
1,1.396830
0,0.870722
1,1.396830
0,1.025923
0,0.770722
0,0.770722
1,0.649746
1,1.310862
1,0.649746
1,1.310862
1,0.649746
0,1.301204
1,1.396830
0,1.351204
1,1.796830
1,0.649746
0,0.770722
1,0.649746
1,1.796830
0,1.351204
1,1.796830
0,1.351204
1,1.796830
1,0.649746
1,1.796830
0,1.351204
1,1.796830
0,1.351204
1,1.396830
1,1.501204
1,1.396830
1,1.501204
1,0.649746
0,1.101204
0,0.949746
0,1.101204
0,0.949746
0,1.101204
0,1.546830
0,1.546830
0,0.949746
0,1.546830
1,2
0,0
1,2
0,0
0,2
0,0
0,1
0,0
0,0
0,0
0,0
0,2
0,1
0,2
0,3
0,0
0,1
0,3
0,0
0,0
0,0
0,0
0,0
1,0
0,0
0,0
0,4
0,4
0,0
1,1
1,1
0,4
0,4
0,4
1,1
0,4
0,4
1,1
0,1
0,1
1,1
0,1
0,2
0,2
0,2
0,2
0,2
0,1
1,0
0,1
1,2
0,0
0,4
0,0
0,0
1,2
0,2
1,1
0,0
0,0
0,2
1,1
0,4
0,4
0,4
1,1
0,4
1,1
0,0
1,2
0,1
1,2
0,0
0,0
0,0
0,0
0,0
0,1
1,3
0,1
1,1
0,0
0,1
0,0
0,0
0,0
0,1
0,1
0,0
0,0
0,0
0,0
0,0
1,3
0,0
0,1
0,2
1,1
0,2
0,0
0,0
0,2
0,3
0,2
0,3
0,3
1,3
0,2
0,3
0,3
0,3
1,3
0,2
1,3
0,2
0,2
0,3
1,3
0,2
1,3
0,3
0,2
0,2
0,2
0,2
0,0
0,2
1,1
1,1
0,2
0,1
0,2
1,1
1,1
1,1
0,2
1,1
0,1
0,2
1,1
0,0
0,2
1,1
1,1
1,1
1,1
0,2
1,3
1,1
0,1
1,3
0,1
0,4
0,1
1,2
0,1
1,0
1,0
0,2
1,1
0,2
1,1
0,4
1,1
1,0
1,1
1,1
1,2
0,2
1,1
0,2
1,1
0,2
1,2
1,2
0,2
1,3
0,1
1,0
0,0
0,0
1,0
1,0
0,1
1,1
0,1
1,0
0,4
1,1
0,4
1,0
0,0
1,1
0,4
0,4
1,3
0,4
1,3
0,1
1,3
0,1
1,1
0,1
1,3
1,3
0,2
1,1
1,1
1,1
1,1
0,2
0,2
1,1
0,2
1,3
1,1
0,2
1,2
0,1
1,2
0,1
1,2
0,1
0,0
0,1
1,2
0,4
0,4
1,1
0,4
1,1
0,4
1,2
0,1
0,1
0,2
0,2
0,1
0,2
0,1
0,4
0,1
0,1
0,4
0,0
1,2
0,0
0,2
0,0
1,2
1,1
0,2
0,2
1,2
0,3
1,2
0,1
1,2
0,3
1,2
1,2
1,2
1,2
1,1
0,3
0,0
1,1
1,1
0,2
1,1
0,4
1,3
0,3
1,1
0,1
0,2
1,3
0,4
1,1
0,3
1,2
0,2
1,2
0,2
1,2
0,2
1,3
0,1
0,2
1,4
0,1
1,3
0,1
1,3
1,1
1,2
1,1
0,3
1,3
0,4
0,0
0,1
1,1
1,1
0,3
0,1
0,3
0,0
0,1
0,0
0,1
0,0
0,2
0,0
0,3
0,1
0,1
0,4
0,0
0,1
0,1
0,0
0,2
0,2
1,3
0,4
0,1
1,0
0,4
0,0
0,1
0,0
0,4
1,3
0,4
0,0
0,4
0,2
0,1
1,3
0,3
0,4
1,0
0,1
0,1
0,4
1,0
0,1
0,4
0,1
0,4
1,4
0,4
0,1
0,2
0,1
0,4
0,1
0,2
0,2
0,2
0,4
1,3
0,3
1,3
0,1
0,2
0,1
1,3
0,1
0,2
1,0
0,4
0,2
0,2
0,1
1,1
0,1
0,4
0,2
0,1
1,0
0,2
0,3
0,0
0,1
1,3
0,2
1,3
0,2
0,0
0,2
0,0
0,4
0,0
0,4
1,3
0,0
0,1
1,4
0,4
1,4
0,0
1,1
0,4
0,1
0,0
1,4
0,4
1,1
0,0
0,1
1,4
0,4
0,1
0,0
0,0
1,1
0,4
1,3
1,0
1,0
0,4
1,3
0,4
1,3
0,1
1,3
1,0
1,3
0,1
1,2
0,3
1,2
0,2
1,2
0,2
1,2
0,3
1,4
0,3
1,4
0,4
0,2
0,2
1,0
1,0
0,2
1,1
0,0
1,1
0,0
0,2
1,2
0,2
0,2
0,2
0,2
0,2
0,2
0,1
0,2
0,1
1,4
0,2
0,2
0,3
1,2
0,3
0,2
0,1
0,3
1,2
0,3
1,4
0,2
1,2
0,3
1,2
1,1
1,2
0,2
1,2
0,2
1,2
1,1
0,2
0,2
1,0
1,2
0,3
0,1
0,2
1,2
1,1
0,2
0,1
0,1
0,1
1,2
12.747933,960.000000
2.539932,960.000000
2.099355,960.000000
3.548751,960.000000
1.828902,960.000000
9.041564,960.000000
2.575992,960.000000
1.487201,960.000000
1.861764,960.000000
7.869601,960.000000
1.103332,960.000000
1.112638,960.000000
8.760642,960.000000
3.904702,960.000000
7.910605,960.000000
8.505602,960.000000
4.907123,960.000000
4.566294,960.000000
2.108079,960.000000
0.875628,960.000000
0.903546,960.000000
2.722560,960.000000
1.833555,960.000000
0.629312,960.000000
0.876500,960.000000
0.848001,960.000000
3.042742,960.000000
1.184759,960.000000
0.624950,960.000000
0.622914,960.000000
3.243110,960.000000
0.365839,960.000000
0.448719,960.000000
3.812806,960.000000
1.382800,960.000000
2.727213,960.000000
3.467033,960.000000
1.858856,960.000000
1.462773,960.000000
1.267349,960.000000
0.474020,960.000000
0.595869,960.000000
2.020255,960.000000
0.811941,960.000000
0.967815,960.000000
1.183595,960.000000
0.875337,960.000000
2.242143,960.000000
0.923612,960.000000
0.765120,960.000000
0.793910,960.000000
2.832486,960.000000
0.398700,960.000000
0.515606,960.000000
2.780141,960.000000
1.128632,960.000000
2.085396,960.000000
2.493984,960.000000
1.365933,960.000000
1.290613,960.000000
0.490596,960.000000
0.482453,960.000000
0.273361,960.000000
4.034112,960.000000
0.833751,960.000000
1.902768,960.000000
3.236712,960.000000
0.745054,960.000000
3.547878,960.000000
1.021033,960.000000
0.931463,960.000000
1.625335,960.000000
3.422539,960.000000
0.592379,960.000000
0.881444,960.000000
3.647626,960.000000
1.695130,960.000000
3.357689,960.000000
2.520157,960.000000
2.069402,960.000000
2.072019,960.000000
0.565043,960.000000
0.503682,960.000000
0.322217,960.000000
1.281017,960.000000
0.890750,960.000000
0.504264,960.000000
0.727606,960.000000
1.046915,960.000000
1.412172,960.000000
0.670898,960.000000
0.685729,960.000000
0.589180,960.000000
2.844991,960.000000
0.291391,960.000000
0.436505,960.000000
2.251739,960.000000
1.055930,960.000000
1.502904,960.000000
2.218296,960.000000
1.087337,960.000000
1.060874,960.000000
0.590925,960.000000
0.556610,960.000000
0.361767,960.000000
8.618436,960.000000
3.027038,960.000000
2.739718,960.000000
3.431263,960.000000
1.845187,960.000000
9.224483,960.000000
3.149760,960.000000
1.569500,960.000000
2.065040,960.000000
7.562506,960.000000
0.897148,960.000000
1.348775,960.000000
8.645481,960.000000
3.826183,960.000000
8.206068,960.000000
7.810857,960.000000
4.946091,960.000000
3.745338,960.000000
1.913819,960.000000
1.135030,960.000000
1.159167,960.000000
2.031306,960.000000
1.204534,960.000000
0.596160,960.000000
0.893077,960.000000
0.744473,960.000000
2.523065,960.000000
1.709961,960.000000
0.594124,960.000000
0.526947,960.000000
3.569980,960.000000
0.313784,960.000000
0.394629,960.000000
3.703171,960.000000
1.705308,960.000000
3.268701,960.000000
2.579191,960.000000
1.561648,960.000000
1.289159,960.000000
0.662464,960.000000
0.453372,960.000000
0.456571,960.000000
1.240885,960.000000
0.698234,960.000000
0.500193,960.000000
0.666827,960.000000
0.762794,960.000000
1.065236,960.000000
0.621169,960.000000
0.655194,960.000000
0.678750,960.000000
2.168277,960.000000
0.294009,960.000000
0.460061,960.000000
1.956858,960.000000
0.936698,960.000000
1.379310,960.000000
1.929522,960.000000
1.143173,960.000000
0.847419,960.000000
0.497575,960.000000
0.536253,960.000000
0.288774,960.000000
2.247959,960.000000
0.624368,960.000000
1.009110,960.000000
1.556123,960.000000
0.538289,960.000000
1.993791,960.000000
0.576094,960.000000
0.723244,960.000000
1.679135,960.000000
1.942318,960.000000
0.544977,960.000000
0.687183,960.000000
2.039739,960.000000
0.995442,960.000000
2.103136,960.000000
1.808255,960.000000
1.486037,960.000000
1.392106,960.000000
0.468204,960.000000
0.445520,960.000000
0.282085,960.000000
6.643256,960.000000
3.566490,960.000000
2.384349,960.000000
3.669727,960.000000
2.272387,960.000000
7.250758,960.000000
3.215192,960.000000
1.630279,960.000000
2.243015,960.000000
10.106218,960.000000
1.079195,960.000000
1.489818,960.000000
10.250751,960.000000
4.923408,960.000000
8.131911,960.000000
7.864076,960.000000
3.886381,960.000000
3.916043,960.000000
2.483515,960.000000
1.436018,960.000000
1.526751,960.000000
1.317077,960.000000
0.384741,960.000000
0.503392,960.000000
0.729351,960.000000
0.289356,960.000000
0.995151,960.000000
0.277432,960.000000
0.247770,960.000000
0.506009,960.000000
1.084139,960.000000
0.274815,960.000000
0.304478,960.000000
1.042553,960.000000
0.458607,960.000000
0.985263,960.000000
1.082394,960.000000
0.783441,960.000000
0.702887,960.000000
0.323090,960.000000
0.223342,960.000000
0.155292,960.000000
0.980029,960.000000
0.541197,960.000000
0.374854,960.000000
0.558355,960.000000
0.484780,960.000000
1.217329,960.000000
0.521422,960.000000
0.523167,960.000000
0.642399,960.000000
1.753873,960.000000
0.265509,960.000000
0.396955,960.000000
1.484002,960.000000
0.717137,960.000000
1.206279,960.000000
1.601780,960.000000
0.889587,960.000000
0.843348,960.000000
0.353334,960.000000
0.339375,960.000000
0.187281,960.000000
10.564825,960.000000
3.136092,960.000000
2.502417,960.000000
4.098672,960.000000
1.913819,960.000000
11.215657,960.000000
3.085491,960.000000
1.462482,960.000000
1.949007,960.000000
8.086545,960.000000
1.038481,960.000000
1.224018,960.000000
10.370273,960.000000
4.403440,960.000000
9.289625,960.000000
9.805812,960.000000
5.257839,960.000000
4.366507,960.000000
2.589369,960.000000
1.108857,960.000000
1.276364,960.000000
3.915462,960.000000
1.197845,960.000000
1.676518,960.000000
2.384058,960.000000
0.624078,960.000000
3.901503,960.000000
1.459574,960.000000
0.875046,960.000000
1.225472,960.000000
3.818913,960.000000
0.547013,960.000000
0.856725,960.000000
4.860593,960.000000
2.534116,960.000000
4.035275,960.000000
2.857496,960.000000
1.981286,960.000000
2.223531,960.000000
0.832297,960.000000
0.500483,960.000000
0.535671,960.000000
8.844686,960.000000
3.081710,960.000000
2.443965,960.000000
3.443478,960.000000
1.460737,960.000000
8.531484,960.000000
2.721688,960.000000
1.547689,960.000000
2.507943,960.000000
7.062604,960.000000
1.118745,960.000000
1.462191,960.000000
8.541953,960.000000
3.349255,960.000000
10.706449,960.000000
7.739027,960.000000
5.019666,960.000000
3.867187,960.000000
2.188343,960.000000
0.987590,960.000000
1.079776,960.000000
7.519757,960.000000
3.581321,960.000000
2.009204,960.000000
2.856042,960.000000
2.160716,960.000000
7.563378,960.000000
2.545166,960.000000
1.731481,960.000000
1.848096,960.000000
8.569289,960.000000
1.221401,960.000000
1.250482,960.000000
9.449861,960.000000
3.634830,960.000000
7.725650,960.000000
10.927465,960.000000
5.392193,960.000000
3.868641,960.000000
2.863312,960.000000
1.234778,960.000000
1.369714,960.000000
5.224978,960.000000
1.995536,960.000000
1.222855,960.000000
2.006005,960.000000
1.260369,960.000000
4.309218,960.000000
1.563684,960.000000
1.073088,960.000000
1.230707,960.000000
4.643067,960.000000
0.806997,960.000000
0.779370,960.000000
5.023156,960.000000
2.133089,960.000000
4.548845,960.000000
5.697253,960.000000
3.639483,960.000000
2.662944,960.000000
1.696875,960.000000
0.718591,960.000000
0.772681,960.000000
3.813678,960.000000
1.804183,960.000000
1.232451,960.000000
1.720139,960.000000
1.249028,960.000000
3.333551,960.000000
1.479640,960.000000
0.972177,960.000000
1.144918,960.000000
4.667495,960.000000
0.621169,960.000000
0.760467,960.000000
5.101093,960.000000
2.013566,960.000000
3.446676,960.000000
3.964899,960.000000
2.507070,960.000000
2.278785,960.000000
1.096643,960.000000
0.812522,960.000000
0.641817,960.000000
2.215679,960.000000
0.864286,960.000000
0.599068,960.000000
0.853817,960.000000
0.435924,960.000000
1.978960,960.000000
0.652868,960.000000
0.516187,960.000000
0.756978,960.000000
2.244760,960.000000
0.479254,960.000000
0.494086,960.000000
2.507652,960.000000
0.875337,960.000000
2.655383,960.000000
2.106625,960.000000
1.772485,960.000000
0.956473,960.000000
0.763957,960.000000
0.291682,960.000000
0.386486,960.000000
0.811359,960.000000
0.479254,960.000000
0.418766,960.000000
0.514152,960.000000
0.532763,960.000000
1.008528,960.000000
0.484198,960.000000
0.485943,960.000000
0.426327,960.000000
1.517736,960.000000
0.200949,960.000000
0.360604,960.000000
1.237395,960.000000
0.627276,960.000000
1.047206,960.000000
1.240303,960.000000
0.703178,960.000000
0.638909,960.000000
0.290228,960.000000
0.355079,960.000000
0.148604,960.000000
1.338306,960.000000
0.402771,960.000000
0.403644,960.000000
0.542360,960.000000
0.190190,960.000000
1.379601,960.000000
0.374272,960.000000
0.265218,960.000000
0.379507,960.000000
0.961998,960.000000
0.171578,960.000000
0.242244,960.000000
1.293231,960.000000
0.519386,960.000000
1.343832,960.000000
1.060001,960.000000
0.788094,960.000000
0.611573,960.000000
0.331523,960.000000
0.100329,960.000000
0.366711,960.000000
11.634550,960.000000
3.033772,960.000000
2.261587,960.000000
3.508717,960.000000
1.701716,960.000000
8.982362,960.000000
2.626012,960.000000
1.490856,960.000000
1.748542,960.000000
7.811142,960.000000
1.049358,960.000000
1.237242,960.000000
9.244411,960.000000
3.530239,960.000000
8.566167,960.000000
8.278234,960.000000
5.149066,960.000000
4.189287,960.000000
2.201673,960.000000
1.049358,960.000000
0.969667,960.000000
2.961643,960.000000
1.686011,960.000000
0.892885,960.000000
1.102873,960.000000
0.757643,960.000000
2.871773,960.000000
1.122068,960.000000
0.589246,960.000000
0.782946,960.000000
3.063729,960.000000
0.436554,960.000000
0.465638,960.000000
3.544200,960.000000
1.397786,960.000000
3.113172,960.000000
3.290586,960.000000
1.769191,960.000000
1.550769,960.000000
1.065354,960.000000
0.453132,960.000000
0.579648,960.000000
2.311321,960.000000
0.850131,960.000000
1.272143,960.000000
1.580144,960.000000
0.771894,960.000000
2.586748,960.000000
0.880088,960.000000
0.734085,960.000000
0.864673,960.000000
2.433184,960.000000
0.362098,960.000000
0.539803,960.000000
1.995467,960.000000
1.218337,960.000000
2.127218,960.000000
2.118202,960.000000
1.267489,960.000000
1.482421,960.000000
0.496176,960.000000
0.550855,960.000000
0.277463,960.000000
3.423791,960.000000
1.060410,960.000000
1.365794,960.000000
2.968914,960.000000
0.935348,960.000000
3.675370,960.000000
1.159005,960.000000
0.961814,960.000000
1.299482,960.000000
4.010419,960.000000
0.566560,960.000000
0.712272,960.000000
3.292040,960.000000
2.017280,960.000000
3.385691,960.000000
2.920635,960.000000
1.907341,960.000000
2.089408,960.000000
0.752990,960.000000
0.580520,960.000000
0.443534,960.000000
1.646165,960.000000
0.732922,960.000000
0.788472,960.000000
0.997588,960.000000
1.031325,960.000000
1.785769,960.000000
0.638980,960.000000
0.647705,960.000000
0.785855,960.000000
2.265077,960.000000
0.319054,960.000000
0.596226,960.000000
1.789841,960.000000
0.883287,960.000000
1.653436,960.000000
1.997793,960.000000
1.148535,960.000000
1.206412,960.000000
0.446152,960.000000
0.425502,960.000000
0.278627,960.000000
8.348327,960.000000
3.013122,960.000000
2.411370,960.000000
3.591025,960.000000
1.759303,960.000000
10.982191,960.000000
2.832800,960.000000
1.386443,960.000000
2.035312,960.000000
7.317292,960.000000
0.914989,960.000000
1.165404,960.000000
8.372467,960.000000
3.972028,960.000000
8.835196,960.000000
7.303332,960.000000
3.952833,960.000000
4.013328,960.000000
2.274966,960.000000
1.130793,960.000000
1.258764,960.000000
2.721408,960.000000
1.089203,960.000000
0.960360,960.000000
1.241023,960.000000
0.640434,960.000000
2.971241,960.000000
1.922756,960.000000
0.530787,960.000000
0.676207,960.000000
3.023884,960.000000
0.292878,960.000000
0.470873,960.000000
3.297275,960.000000
1.668851,960.000000
2.635028,960.000000
2.308994,960.000000
1.292211,960.000000
1.421345,960.000000
0.645669,960.000000
0.494431,960.000000
0.477562,960.000000
1.562112,960.000000
0.600007,960.000000
0.663701,960.000000
0.955416,960.000000
0.630254,960.000000
1.525175,960.000000
0.595935,960.000000
0.710236,960.000000
0.727396,960.000000
1.761920,960.000000
0.324870,960.000000
0.529914,960.000000
1.441413,960.000000
0.819011,960.000000
1.408547,960.000000
1.752032,960.000000
1.247130,960.000000
1.034816,960.000000
0.389728,960.000000
0.415613,960.000000
0.232674,960.000000
1.756685,960.000000
0.696857,960.000000
0.709654,960.000000
1.384117,960.000000
0.806214,960.000000
1.803511,960.000000
0.667482,960.000000
0.714308,960.000000
1.649946,960.000000
2.421550,960.000000
0.441207,960.000000
0.598553,960.000000
1.958530,960.000000
1.127303,960.000000
2.134780,960.000000
2.185677,960.000000
1.392260,960.000000
1.226190,960.000000
0.603788,960.000000
0.513627,960.000000
0.331269,960.000000
7.989137,960.000000
2.905511,960.000000
2.589075,960.000000
3.769893,960.000000
2.330516,960.000000
7.560727,960.000000
2.948265,960.000000
1.904433,960.000000
2.457614,960.000000
9.770544,960.000000
1.202050,960.000000
1.539426,960.000000
9.542524,960.000000
4.177654,960.000000
7.383313,960.000000
8.339602,960.000000
4.783186,960.000000
4.369900,960.000000
1.986450,960.000000
1.303844,960.000000
1.117706,960.000000
1.064772,960.000000
0.387983,960.000000
0.320508,960.000000
0.520316,960.000000
0.318763,960.000000
0.836461,960.000000
0.300440,960.000000
0.319635,960.000000
0.445570,960.000000
1.211066,960.000000
0.313528,960.000000
0.308002,960.000000
1.177328,960.000000
0.514209,960.000000
1.070589,960.000000
1.281740,960.000000
0.930113,960.000000
0.603206,960.000000
0.344939,960.000000
0.223948,960.000000
0.176250,960.000000
1.198269,960.000000
0.557544,960.000000
0.595353,960.000000
0.736121,960.000000
0.493850,960.000000
1.132248,960.000000
0.454295,960.000000
0.544456,960.000000
0.612804,960.000000
1.470497,960.000000
0.260594,960.000000
0.436554,960.000000
1.108689,960.000000
0.695694,960.000000
1.169766,960.000000
1.670887,960.000000
1.037433,960.000000
0.828609,960.000000
0.352210,960.000000
0.344357,960.000000
0.177414,960.000000
9.814752,960.000000
3.433680,960.000000
2.442200,960.000000
3.190827,960.000000
1.935844,960.000000
8.639460,960.000000
3.167269,960.000000
1.576945,960.000000
1.958820,960.000000
9.308396,960.000000
1.083386,960.000000
1.321295,960.000000
14.197449,960.000000
3.990642,960.000000
8.476588,960.000000
9.701324,960.000000
5.586783,960.000000
4.148860,960.000000
2.370071,960.000000
1.125558,960.000000
1.278250,960.000000
3.535475,960.000000
1.343399,960.000000
1.164240,960.000000
1.840739,960.000000
0.904809,960.000000
3.559033,960.000000
1.700553,960.000000
0.866127,960.000000
1.094438,960.000000
4.766318,960.000000
0.544165,960.000000
0.684642,960.000000
4.695934,960.000000
3.059075,960.000000
3.722195,960.000000
3.249868,960.000000
1.929736,960.000000
1.973363,960.000000
1.042668,960.000000
0.585174,960.000000
0.586046,960.000000
8.210468,960.000000
3.245505,960.000000
2.028332,960.000000
3.111136,960.000000
1.610101,960.000000
7.857386,960.000000
2.977640,960.000000
1.447520,960.000000
2.160083,960.000000
8.085406,960.000000
1.032198,960.000000
1.126431,960.000000
9.318285,960.000000
3.979299,960.000000
10.799543,960.000000
7.947547,960.000000
4.403929,960.000000
3.460146,960.000000
2.580059,960.000000
1.006313,960.000000
1.327693,960.000000
8.168877,960.000000
3.417684,960.000000
2.301141,960.000000
3.112300,960.000000
1.979470,960.000000
7.571488,960.000000
2.541668,960.000000
1.693863,960.000000
2.078938,960.000000
8.006588,960.000000
1.190125,960.000000
1.537681,960.000000
9.319448,960.000000
3.446768,960.000000
7.956563,960.000000
10.446461,960.000000
5.631282,960.000000
3.831552,960.000000
2.607689,960.000000
1.180237,960.000000
1.299482,960.000000
5.215378,960.000000
1.928282,960.000000
1.260509,960.000000
1.959984,960.000000
1.174420,960.000000
4.008965,960.000000
1.358232,960.000000
1.185472,960.000000
1.429779,960.000000
4.353031,960.000000
0.839952,960.000000
0.938256,960.000000
5.249406,960.000000
2.053635,960.000000
4.677611,960.000000
5.695267,960.000000
4.373972,960.000000
2.390430,960.000000
1.460027,960.000000
0.715471,960.000000
0.738157,960.000000
4.303006,960.000000
1.428034,960.000000
1.365503,960.000000
2.021351,960.000000
1.191870,960.000000
4.262579,960.000000
1.264290,960.000000
1.110725,960.000000
1.225899,960.000000
4.071787,960.000000
0.660793,960.000000
0.807959,960.000000
3.899609,960.000000
1.965510,960.000000
3.691075,960.000000
3.957777,960.000000
2.468666,960.000000
2.677491,960.000000
1.022891,960.000000
0.742810,960.000000
0.522352,960.000000
1.937298,960.000000
1.032780,960.000000
0.527296,960.000000
0.784692,960.000000
0.463893,960.000000
1.897162,960.000000
0.698021,960.000000
0.407470,960.000000
0.604079,960.000000
2.329935,960.000000
0.349301,960.000000
0.361226,960.000000
2.800517,960.000000
1.103745,960.000000
2.465467,960.000000
2.468085,960.000000
1.448102,960.000000
0.943782,960.000000
1.060119,960.000000
0.263794,960.000000
0.465347,960.000000
1.124395,960.000000
0.513918,960.000000
0.533113,960.000000
0.663701,960.000000
0.439171,960.000000
1.106944,960.000000
0.488614,960.000000
0.362098,960.000000
0.458367,960.000000
1.295410,960.000000
0.233546,960.000000
0.381585,960.000000
1.089203,960.000000
0.610768,960.000000
0.954834,960.000000
1.104618,960.000000
0.653813,960.000000
0.753571,960.000000
0.249252,960.000000
0.357445,960.000000
0.155019,960.000000
1.073207,960.000000
0.543002,960.000000
0.270483,960.000000
0.426374,960.000000
0.256813,960.000000
1.117124,960.000000
0.474363,960.000000
0.240817,960.000000
0.320217,960.000000
1.214265,960.000000
0.182067,960.000000
0.184394,960.000000
1.362304,960.000000
0.608441,960.000000
1.301227,960.000000
1.221536,960.000000
0.738448,960.000000
0.484834,960.000000
0.438880,960.000000
0.134951,960.000000
0.468256,960.000000
11.103957,960.000000
2.962956,960.000000
2.250578,960.000000
3.372231,960.000000
1.710114,960.000000
8.529333,960.000000
2.653163,960.000000
1.532965,960.000000
1.934095,960.000000
7.947854,960.000000
1.045150,960.000000
1.194665,960.000000
9.535796,960.000000
3.790815,960.000000
8.687866,960.000000
8.312915,960.000000
5.353741,960.000000
4.087518,960.000000
2.094955,960.000000
1.091110,960.000000
1.072784,960.000000
2.772717,960.000000
1.963765,960.000000
0.813024,960.000000
1.104782,960.000000
0.707723,960.000000
2.822167,960.000000
1.181575,960.000000
0.580898,960.000000
0.716159,960.000000
3.121488,960.000000
0.441273,960.000000
0.494796,960.000000
3.577887,960.000000
1.363960,960.000000
3.096763,960.000000
3.178211,960.000000
1.983255,960.000000
1.425919,960.000000
1.136488,960.000000
0.459308,960.000000
0.550064,960.000000
2.319809,960.000000
0.761246,960.000000
1.074530,960.000000
1.386649,960.000000
0.736230,960.000000
2.411438,960.000000
0.854911,960.000000
0.655655,960.000000
0.852584,960.000000
2.582769,960.000000
0.386005,960.000000
0.549773,960.000000
2.320972,960.000000
1.189429,960.000000
2.138587,960.000000
2.281121,960.000000
1.399448,960.000000
1.479733,960.000000
0.558209,960.000000
0.497995,960.000000
0.285940,960.000000
3.682315,960.000000
1.043405,960.000000
1.486714,960.000000
2.658690,960.000000
0.998318,960.000000
3.631701,960.000000
1.150742,960.000000
0.857529,960.000000
1.515511,960.000000
3.395502,960.000000
0.469198,960.000000
0.717323,960.000000
3.459206,960.000000
1.934968,960.000000
3.770453,960.000000
3.089782,960.000000
1.801742,960.000000
2.094082,960.000000
0.738848,960.000000
0.630639,960.000000
0.406657,960.000000
1.679571,960.000000
0.767064,960.000000
0.726631,960.000000
0.938686,960.000000
0.871492,960.000000
1.645246,960.000000
0.687652,960.000000
0.632966,960.000000
0.754847,960.000000
2.292466,960.000000
0.376114,960.000000
0.507013,960.000000
1.949221,960.000000
0.954976,960.000000
1.664154,960.000000
2.054812,960.000000
1.124853,960.000000
1.209791,960.000000
0.495959,960.000000
0.444472,960.000000
0.282449,960.000000
8.586347,960.000000
2.883253,960.000000
2.537100,960.000000
3.679988,960.000000
1.766254,960.000000
11.263363,960.000000
2.780862,960.000000
1.493404,960.000000
1.890753,960.000000
7.427751,960.000000
0.894472,960.000000
1.170231,960.000000
8.305934,960.000000
3.739910,960.000000
8.194815,960.000000
7.540324,960.000000
4.156748,960.000000
4.045048,960.000000
2.183965,960.000000
1.106818,960.000000
1.239171,960.000000
2.612439,960.000000
1.092274,960.000000
0.867129,960.000000
1.242079,960.000000
0.692597,960.000000
2.764863,960.000000
1.582415,960.000000
0.581479,960.000000
0.657109,960.000000
2.941430,960.000000
0.329573,960.000000
0.446800,960.000000
3.427208,960.000000
1.594341,960.000000
2.848638,960.000000
2.572006,960.000000
1.549254,960.000000
1.416611,960.000000
0.653910,960.000000
0.469489,960.000000
0.442727,960.000000
1.531219,960.000000
0.661473,960.000000
0.630348,960.000000
0.832222,960.000000
0.666127,960.000000
1.434355,960.000000
0.542792,960.000000
0.702197,960.000000
0.664382,960.000000
2.019034,960.000000
0.316192,960.000000
0.528829,960.000000
1.572525,960.000000
0.845312,960.000000
1.342726,960.000000
1.721749,960.000000
1.171394,960.000000
1.041950,960.000000
0.443600,960.000000
0.405494,960.000000
0.248125,960.000000
1.886972,960.000000
0.672526,960.000000
0.790917,960.000000
1.393921,960.000000
0.744957,960.000000
1.927405,960.000000
0.608823,960.000000
0.709178,960.000000
1.615576,960.000000
2.305265,960.000000
0.415384,960.000000
0.603005,960.000000
2.028342,960.000000
1.136197,960.000000
2.176693,960.000000
2.182511,960.000000
1.381995,960.000000
1.249061,960.000000
0.511376,960.000000
0.444763,960.000000
0.308629,960.000000
8.114240,960.000000
2.895180,960.000000
2.630183,960.000000
3.726238,960.000000
2.378568,960.000000
7.462949,960.000000
3.122070,960.000000
1.916060,960.000000
2.409692,960.000000
10.100695,960.000000
1.274949,960.000000
1.650482,960.000000
9.283017,960.000000
4.179728,960.000000
7.321287,960.000000
7.844008,960.000000
4.603839,960.000000
4.365022,960.000000
2.148768,960.000000
1.335454,960.000000
1.202519,960.000000
1.050386,960.000000
0.459017,960.000000
0.358080,960.000000
0.534356,960.000000
0.326082,960.000000
0.947995,960.000000
0.335681,960.000000
0.338009,960.000000
0.399967,960.000000
1.228117,960.000000
0.313865,960.000000
0.274014,960.000000
1.130089,960.000000
0.494505,960.000000
0.964284,960.000000
1.299966,960.000000
0.785099,960.000000
0.690852,960.000000
0.331900,960.000000
0.237362,960.000000
0.170750,960.000000
1.281931,960.000000
0.479670,960.000000
0.520393,960.000000
0.753974,960.000000
0.500322,960.000000
1.260987,960.000000
0.440691,960.000000
0.516321,960.000000
0.585843,960.000000
1.654555,960.000000
0.277504,960.000000
0.450581,960.000000
1.240916,960.000000
0.635875,960.000000
1.233644,960.000000
1.424174,960.000000
0.886618,960.000000
0.873528,960.000000
0.336263,960.000000
0.342372,960.000000
0.179767,960.000000
9.697237,960.000000
3.555489,960.000000
2.317773,960.000000
3.293110,960.000000
1.941658,960.000000
8.634343,960.000000
3.357978,960.000000
1.646410,960.000000
1.954457,960.000000
9.107904,960.000000
1.114090,960.000000
1.258660,960.000000
13.318757,960.000000
4.497084,960.000000
8.760587,960.000000
9.631206,960.000000
5.506746,960.000000
4.120388,960.000000
2.513247,960.000000
1.155687,960.000000
1.368614,960.000000
3.863827,960.000000
1.322364,960.000000
1.242661,960.000000
2.050449,960.000000
0.897962,960.000000
3.997343,960.000000
1.550709,960.000000
0.880509,960.000000
1.215609,960.000000
4.187873,960.000000
0.488687,960.000000
0.678053,960.000000
4.525591,960.000000
2.699123,960.000000
3.822230,960.000000
3.279439,960.000000
1.993145,960.000000
2.006235,960.000000
0.975338,960.000000
0.577407,960.000000
0.594569,960.000000
8.522352,960.000000
3.099963,960.000000
2.201128,960.000000
3.405683,960.000000
1.662408,960.000000
8.270446,960.000000
2.926595,960.000000
1.439881,960.000000
2.164767,960.000000
7.672095,960.000000
1.005881,960.000000
1.164122,960.000000
8.761460,960.000000
4.009270,960.000000
10.567565,960.000000
8.040355,960.000000
4.481958,960.000000
3.614538,960.000000
2.448962,960.000000
1.007335,960.000000
1.255169,960.000000
7.770705,960.000000
3.368159,960.000000
2.305265,960.000000
3.236097,960.000000
1.965220,960.000000
7.228786,960.000000
2.647345,960.000000
1.675498,960.000000
2.157786,960.000000
8.115986,960.000000
1.236844,960.000000
1.546054,960.000000
9.744360,960.000000
3.597376,960.000000
8.066244,960.000000
10.331948,960.000000
5.667315,960.000000
3.724784,960.000000
2.527792,960.000000
1.165286,960.000000
1.249352,960.000000
4.911304,960.000000
2.010016,960.000000
1.275531,960.000000
1.848866,960.000000
1.141142,960.000000
4.157330,960.000000
1.530347,960.000000
1.104491,960.000000
1.423301,960.000000
4.744627,960.000000
0.787717,960.000000
0.939268,960.000000
5.562014,960.000000
2.120843,960.000000
4.603548,960.000000
5.742072,960.000000
3.835029,960.000000
2.262504,960.000000
1.547218,960.000000
0.712087,960.000000
0.751356,960.000000
4.415636,960.000000
1.425628,960.000000
1.427082,960.000000
2.122880,960.000000
1.156850,960.000000
3.993271,960.000000
1.315673,960.000000
1.069875,960.000000
1.259242,960.000000
4.465087,960.000000
0.635584,960.000000
0.831059,960.000000
3.991816,960.000000
1.940204,960.000000
3.495276,960.000000
3.767835,960.000000
2.437908,960.000000
2.635128,960.000000
1.002099,960.000000
0.729249,960.000000
0.548318,960.000000
2.085646,960.000000
1.075111,960.000000
0.536974,960.000000
0.817678,960.000000
0.535229,960.000000
2.104554,960.000000
0.628021,960.000000
0.445054,960.000000
0.507885,960.000000
2.159531,960.000000
0.339754,960.000000
0.398803,960.000000
2.356460,960.000000
0.970684,960.000000
2.519647,960.000000
2.532446,960.000000
1.544309,960.000000
1.035551,960.000000
1.069585,960.000000
0.288849,960.000000
0.462798,960.000000
0.980574,960.000000
0.434291,960.000000
0.475597,960.000000
0.623076,960.000000
0.472979,960.000000
0.998899,960.000000
0.485196,960.000000
0.449708,960.000000
0.479670,960.000000
1.343307,960.000000
0.271687,960.000000
0.364479,960.000000
1.176630,960.000000
0.642565,960.000000
0.939559,960.000000
1.167613,960.000000
0.716450,960.000000
0.734485,960.000000
0.273723,960.000000
0.345281,960.000000
0.151551,960.000000
1.081511,960.000000
0.540174,960.000000
0.267323,960.000000
0.429637,960.000000
0.281577,960.000000
1.210664,960.000000
0.428474,960.000000
0.228345,960.000000
0.333645,960.000000
1.177212,960.000000
0.159987,960.000000
0.183549,960.000000
1.339235,960.000000
0.599514,960.000000
1.238007,960.000000
1.278731,960.000000
0.758337,960.000000
0.561699,960.000000
0.407821,960.000000
0.144861,960.000000
0.409566,960.000000
11.163674,960.000000
3.009487,960.000000
2.253333,960.000000
3.322248,960.000000
1.654869,960.000000
8.857680,960.000000
2.712437,960.000000
1.509690,960.000000
1.880639,960.000000
7.871392,960.000000
1.029638,960.000000
1.243188,960.000000
9.753486,960.000000
3.771460,960.000000
8.754396,960.000000
8.157969,960.000000
4.946278,960.000000
4.083057,960.000000
2.152959,960.000000
1.080553,960.000000
1.070952,960.000000
2.938207,960.000000
1.669125,960.000000
0.734915,960.000000
1.071243,960.000000
0.872821,960.000000
3.032472,960.000000
1.118084,960.000000
0.626977,960.000000
0.671199,960.000000
2.955082,960.000000
0.462886,960.000000
0.532712,960.000000
3.454917,960.000000
1.317378,960.000000
3.108698,960.000000
3.425823,960.000000
1.947555,960.000000
1.413097,960.000000
1.122448,960.000000
0.467250,960.000000
0.549005,960.000000
2.299302,960.000000
0.785830,960.000000
1.168998,960.000000
1.418625,960.000000
0.786121,960.000000
2.432844,960.000000
0.895805,960.000000
0.653452,960.000000
0.842272,960.000000
2.556784,960.000000
0.343892,960.000000
0.587118,960.000000
2.411605,960.000000
1.297012,960.000000
2.122992,960.000000
2.128229,960.000000
1.252789,960.000000
1.358983,960.000000
0.558606,960.000000
0.521947,960.000000
0.298796,960.000000
3.582058,960.000000
1.111683,960.000000
1.444810,960.000000
2.706618,960.000000
0.920244,960.000000
3.577694,960.000000
1.216422,960.000000
0.819579,960.000000
1.504453,960.000000
3.664685,960.000000
0.509728,960.000000
0.742189,960.000000
3.398766,960.000000
2.048220,960.000000
3.529398,960.000000
3.191907,960.000000
1.821869,960.000000
1.924862,960.000000
0.752372,960.000000
0.637450,960.000000
0.427973,960.000000
1.552167,960.000000
0.735497,960.000000
0.747426,960.000000
0.917335,960.000000
1.026438,960.000000
1.642940,960.000000
0.628431,960.000000
0.643851,960.000000
0.783212,960.000000
2.407823,960.000000
0.339527,960.000000
0.539113,960.000000
1.942027,960.000000
0.917335,960.000000
1.601336,960.000000
2.003706,960.000000
1.169871,960.000000
1.173654,960.000000
0.506236,960.000000
0.478306,960.000000
0.306942,960.000000
8.639475,960.000000
3.025489,960.000000
2.494232,960.000000
3.616971,960.000000
1.811104,960.000000
10.154111,960.000000
2.812230,960.000000
1.470413,960.000000
1.920207,960.000000
7.469313,960.000000
0.913553,960.000000
1.277810,960.000000
9.092178,960.000000
3.753131,960.000000
8.331660,960.000000
7.623511,960.000000
4.170049,960.000000
3.978901,960.000000
2.045020,960.000000
1.133795,960.000000
1.146305,960.000000
2.715056,960.000000
1.080262,960.000000
0.897260,960.000000
1.201293,960.000000
0.704076,960.000000
2.727275,960.000000
1.978395,960.000000
0.575189,960.000000
0.702912,960.000000
3.043527,960.000000
0.340691,960.000000
0.418372,960.000000
3.236712,960.000000
1.603954,960.000000
2.624573,960.000000
2.541655,960.000000
1.370038,960.000000
1.412516,960.000000
0.704367,960.000000
0.443102,960.000000
0.467832,960.000000
1.413679,960.000000
0.601083,960.000000
0.628722,960.000000
0.869621,960.000000
0.664799,960.000000
1.496888,960.000000
0.580426,960.000000
0.689529,960.000000
0.716295,960.000000
1.974321,960.000000
0.359020,960.000000
0.494890,960.000000
1.578061,960.000000
0.803868,960.000000
1.476813,960.000000
1.659524,960.000000
1.192856,960.000000
1.072115,960.000000
0.413426,960.000000
0.380841,960.000000
0.253700,960.000000
1.917879,960.000000
0.787867,960.000000
0.810269,960.000000
1.390404,960.000000
0.692438,960.000000
1.974903,960.000000
0.674400,960.000000
0.737243,960.000000
1.466921,960.000000
2.269335,960.000000
0.392770,960.000000
0.584499,960.000000
1.981013,960.000000
1.198674,960.000000
2.061313,960.000000
2.226858,960.000000
1.394477,960.000000
1.233296,960.000000
0.529221,960.000000
0.443975,960.000000
0.281630,960.000000
7.688973,960.000000
3.000759,960.000000
2.678979,960.000000
3.709199,960.000000
2.381347,960.000000
7.638349,960.000000
3.001050,960.000000
1.994396,960.000000
2.365054,960.000000
10.191351,960.000000
1.231260,960.000000
1.595517,960.000000
9.286817,960.000000
4.192160,960.000000
7.355264,960.000000
7.704392,960.000000
4.575038,960.000000
4.659119,960.000000
2.121246,960.000000
1.390404,960.000000
1.212349,960.000000
1.054659,960.000000
0.430592,960.000000
0.344473,960.000000
0.521947,960.000000
0.338364,960.000000
0.979887,960.000000
0.310724,960.000000
0.353493,960.000000
0.416627,960.000000
1.216713,960.000000
0.284249,960.000000
0.268829,960.000000
1.085790,960.000000
0.492562,960.000000
1.000253,960.000000
1.296430,960.000000
0.827725,960.000000
0.702039,960.000000
0.336327,960.000000
0.238280,960.000000
0.170491,960.000000
1.224568,960.000000
0.522529,960.000000
0.500708,960.000000
0.737825,960.000000
0.520201,960.000000
1.172490,960.000000
0.511473,960.000000
0.464050,960.000000
0.686037,960.000000
1.491651,960.000000
0.253409,960.000000
0.461431,960.000000
1.290030,960.000000
0.717459,960.000000
1.207112,960.000000
1.495434,960.000000
0.879513,960.000000
0.841981,960.000000
0.348838,960.000000
0.366585,960.000000
0.179219,960.000000
9.812256,960.000000
3.395856,960.000000
2.373783,960.000000
3.464227,960.000000
1.850381,960.000000
8.942344,960.000000
3.348724,960.000000
1.626357,960.000000
2.097971,960.000000
9.009551,960.000000
1.125648,960.000000
1.310977,960.000000
13.115593,960.000000
4.369052,960.000000
9.164331,960.000000
9.474765,960.000000
5.323336,960.000000
4.020214,960.000000
2.476776,960.000000
1.118666,960.000000
1.347054,960.000000
3.778443,960.000000
1.265009,960.000000
1.307195,960.000000
2.106990,960.000000
0.886786,960.000000
3.924495,960.000000
1.572533,960.000000
0.764882,960.000000
1.198674,960.000000
4.293407,960.000000
0.526311,960.000000
0.624067,960.000000
4.376616,960.000000
2.959155,960.000000
3.676032,960.000000
3.350760,960.000000
2.021745,960.000000
2.036292,960.000000
0.968250,960.000000
0.617666,960.000000
0.598464,960.000000
8.690098,960.000000
3.087750,960.000000
2.169833,960.000000
3.632391,960.000000
1.615592,960.000000
8.161460,960.000000
2.642902,960.000000
1.466049,960.000000
2.168670,960.000000
7.694210,960.000000
1.029347,960.000000
1.179181,960.000000
8.771562,960.000000
3.855542,960.000000
10.362424,960.000000
7.955765,960.000000
4.788297,960.000000
3.769424,960.000000
2.416551,960.000000
0.970286,960.000000
1.304868,960.000000
8.075050,960.000000
3.442407,960.000000
2.167797,960.000000
3.138665,960.000000
1.989741,960.000000
7.373593,960.000000
2.497141,960.000000
1.689200,960.000000
2.243732,960.000000
7.931035,960.000000
1.232714,960.000000
1.464012,960.000000
9.333368,960.000000
3.522706,960.000000
8.025300,960.000000
10.630089,960.000000
5.733271,960.000000
3.731020,960.000000
2.668796,960.000000
1.118666,960.000000
1.323197,960.000000
4.872961,960.000000
1.959774,960.000000
1.280138,960.000000
1.803539,960.000000
1.110810,960.000000
4.082766,960.000000
1.419498,960.000000
1.205075,960.000000
1.425026,960.000000
4.691705,960.000000
0.835872,960.000000
0.935082,960.000000
5.307044,960.000000
2.060149,960.000000
4.757166,960.000000
5.730653,960.000000
4.260822,960.000000
2.314431,960.000000
1.553331,960.000000
0.658689,960.000000
0.745971,960.000000
4.101969,960.000000
1.499216,960.000000
1.431427,960.000000
1.888203,960.000000
1.126812,960.000000
4.125535,960.000000
1.368875,960.000000
1.103828,960.000000
1.223695,960.000000
4.535179,960.000000
0.654907,960.000000
0.852164,960.000000
4.224745,960.000000
1.874529,960.000000
3.672541,960.000000
3.755749,960.000000
2.340034,960.000000
2.641739,960.000000
0.983088,960.000000
0.720950,960.000000
0.538822,960.000000
2.169542,960.000000
1.055241,960.000000
0.518456,960.000000
0.831799,960.000000
0.511182,960.000000
2.047929,960.000000
0.669745,960.000000
0.434374,960.000000
0.544931,960.000000
2.228021,960.000000
0.350583,960.000000
0.353202,960.000000
2.426152,960.000000
0.974941,960.000000
2.368255,960.000000
2.514598,960.000000
1.617920,960.000000
1.050004,960.000000
0.976396,960.000000
0.312761,960.000000
0.456485,960.000000
1.035457,960.000000
0.478888,960.000000
0.473069,960.000000
0.648215,960.000000
0.457649,960.000000
1.136122,960.000000
0.449503,960.000000
0.401498,960.000000
0.456485,960.000000
1.344145,960.000000
0.224315,960.000000
0.351165,960.000000
1.132049,960.000000
0.619412,960.000000
0.953121,960.000000
1.096263,960.000000
0.699130,960.000000
0.736079,960.000000
0.305778,960.000000
0.379386,960.000000
0.148961,960.000000
1.127976,960.000000
0.520783,960.000000
0.290359,960.000000
0.466087,960.000000
0.289486,960.000000
1.194310,960.000000
0.412553,960.000000
0.234498,960.000000
0.308106,960.000000
1.153288,960.000000
0.158853,960.000000
0.168745,960.000000
1.335998,960.000000
0.589445,960.000000
1.251916,960.000000
1.265882,960.000000
0.784084,960.000000
0.539403,960.000000
0.448048,960.000000
0.126850,960.000000
0.390442,960.000000
90.253818,960.000000
33.490367,960.000000
26.719259,960.000000
39.524733,960.000000
22.078777,960.000000
86.890052,960.000000
30.788947,960.000000
19.334898,960.000000
25.170399,960.000000
89.998094,960.000000
12.675562,960.000000
15.887796,960.000000
98.767036,960.000000
42.854677,960.000000
87.724870,960.000000
89.343221,960.000000
53.022322,960.000000
44.674866,960.000000
24.418957,960.000000
13.534442,960.000000
13.074191,960.000000
