3,20,1,2,0,0.602373
3,3,2,2,1,0.516495
3,14,20,3,3,0.436071
3,18,20,3,2,0.354399
3,19,7,3,0,0.260777
2,20,1,2,0,0.229061
3,1,1,2,0,0.278729
3,8,11,2,0,0.195906
0,3,1,2,0,0.169866
2,20,2,0,0,0.149815
0,0,1,3,0,0.160704
2,15,1,2,0,0.139909
0,0,2,0,0,0.133557
2,12,1,2,0,0.133542
0,2,3,3,0,0.126426
2,2,1,2,0,0.125007
2,14,1,2,0,0.130046
3,8,10,2,0,0.123210
0,2,1,2,0,0.121830
0,3,0,2,0,0.111308
2,1,0,3,0,0.101206
3,11,19,3,2,0.097351
2,18,2,2,2,0.092369
0,0,2,2,2,0.100455
0,0,0,2,2,0.103509
3,1,3,3,3,0.086760
0,3,0,1,3,0.080814
0,2,2,3,3,0.089343
3,7,19,0,2,0.070683
2,9,3,3,2,0.076843
0,0,3,3,2,0.063594
2,20,3,0,2,0.080886
0,3,2,0,2,0.079476
2,18,3,0,2,0.067021
0,3,2,2,2,0.073953
3,4,4,0,1,0.066224
0,2,1,3,1,0.061232
0,3,1,3,1,0.057647
3,2,3,2,0,0.057115
0,3,1,2,0,0.060716
2,6,3,0,0,0.067980
2,17,0,2,0,0.053161
0,1,3,0,0,0.057434
2,15,0,2,0,0.053625
3,7,8,1,3,0.054315
3,3,11,2,0,0.054514
0,0,1,1,0,0.059025
0,3,0,2,0,0.054980
3,8,11,1,0,0.050000
3,8,8,3,1,0.046528
3,2,3,1,0,0.050606
2,2,2,3,0,0.062935
0,1,0,3,0,0.060187
2,3,2,3,0,0.045878
3,11,19,2,3,0.049449
0,3,2,3,3,0.046567
3,2,3,2,0,0.049656
3,5,4,1,2,0.042218
0,3,1,2,2,0.040171
3,19,4,1,0,0.040469
3,19,7,1,1,0.053842
2,11,3,1,1,0.043405
2,20,2,1,1,0.049346
2,2,3,1,1,0.049398
3,7,10,1,1,0.043272
0,2,3,1,1,0.041554
2,12,3,1,1,0.038556
0,2,0,2,1,0.037312
3,5,13,1,1,0.036942
3,5,7,3,1,0.037013
0,1,2,3,1,0.042855
3,4,19,0,0,0.038068
2,1,2,0,0,0.035461
2,14,3,1,0,0.031628
2,17,2,0,0,0.036798
0,0,1,0,0,0.032678
0,2,2,0,0,0.032345
2,18,3,1,0,0.030000
2,18,3,1,0,0.038004
2,2,1,2,0,0.037876
2,20,3,1,0,0.034191
3,10,2,2,1,0.035676
3,10,7,1,3,0.031818
0,3,3,1,3,0.028272
0,3,3,3,3,0.032192
0,2,1,0,3,0.028940
0,0,0,2,3,0.026447
2,0,1,2,3,0.030431
3,8,8,1,0,0.036300
3,5,2,0,1,0.037966
3,2,3,3,0,0.028076
2,3,1,2,0,0.035578
3,2,3,1,1,0.025645
2,11,1,2,1,0.029579
3,8,11,0,0,0.036137
0,0,3,0,0,0.025733
3,14,2,1,0,0.023590
0,1,1,1,0,0.025575
3,5,7,3,1,0.023701
3,19,7,2,3,0.027143
2,19,3,3,3,0.026717
2,20,0,1,3,0.028290
0,1,3,3,3,0.026510
0,0,2,1,3,0.022331
0,1,1,2,3,0.021415
3,19,7,2,1,0.022063
3,19,7,2,1,0.028338
2,18,3,2,1,0.028634
0,3,1,2,1,0.030504
2,15,0,2,1,0.025286
2,13,2,0,1,0.023849
3,13,5,2,2,0.025583
2,8,2,3,2,0.027096
2,9,0,1,2,0.023679
3,10,2,0,1,0.023515
3,10,11,0,3,0.020925
0,3,2,0,3,0.021752
2,16,0,1,3,0.020967
0,2,3,3,3,0.022092
2,14,0,1,3,0.024478
2,14,2,2,3,0.023613
3,1,14,0,2,0.019672
0,3,3,0,2,0.018162
0,2,2,3,2,0.021231
0,1,0,1,2,0.023533
0,3,3,1,2,0.018390
2,12,0,2,2,0.023554
0,3,2,2,2,0.021228
2,14,0,2,2,0.019408
2,2,0,0,2,0.022165
3,2,3,2,0,0.023998
3,2,3,0,0,0.023425
3,1,3,2,2,0.022629
2,18,0,1,2,0.024553
3,1,3,0,2,0.022828
0,2,0,1,2,0.022637
2,18,3,1,2,0.018231
0,0,0,0,2,0.017623
3,5,7,1,0,0.016751
3,1,3,1,2,0.017548
2,9,3,1,2,0.016472
2,18,3,1,2,0.018847
3,1,3,2,2,0.019324
2,5,3,2,2,0.020014
3,7,19,0,3,0.016736
2,6,3,2,3,0.019096
2,13,0,0,3,0.018210
3,19,4,2,0,0.019656
3,19,7,1,1,0.017018
2,7,0,0,1,0.019812
3,5,7,3,0,0.017035
3,7,10,1,2,0.016456
2,19,0,0,2,0.019360
0,1,1,1,2,0.019397
3,19,7,3,1,0.017635
0,3,1,3,1,0.016916
0,1,3,1,1,0.016177
0,0,2,3,1,0.016769
0,0,0,0,1,0.017961
2,15,0,2,1,0.019020
2,15,3,2,1,0.019338
3,10,17,1,1,0.015610
0,2,1,2,1,0.016777
0,3,0,0,1,0.015609
0,1,2,3,1,0.016208
2,15,3,3,1,0.014745
3,19,7,1,1,0.015318
3,14,14,3,2,0.014229
0,0,2,0,2,0.015022
0,3,2,3,2,0.014014
3,2,3,0,1,0.020380
3,12,2,0,2,0.017524
0,0,2,0,2,0.020302
0,3,3,3,2,0.013665
0,3,3,2,2,0.013688
2,2,0,0,2,0.017868
0,2,3,2,2,0.018604
0,1,0,0,2,0.015174
2,20,1,3,2,0.018050
3,1,3,1,2,0.016472
3,5,2,3,1,0.017160
3,19,7,1,1,0.014107
2,0,1,3,1,0.015663
3,8,8,3,3,0.014853
3,10,0,3,0,0.013410
0,0,1,3,0,0.014493
2,2,1,0,0,0.013888
2,6,2,3,0,0.016538
2,11,3,3,0,0.015720
0,1,2,1,0,0.015988
0,0,1,0,0,0.013323
0,0,0,2,0,0.012703
3,7,12,0,0,0.015120
0,3,3,0,0,0.015883
0,3,3,0,0,0.014158
0,3,1,0,0,0.012467
2,1,0,3,0,0.013164
0,3,1,2,0,0.012434
0,3,1,2,0,0.015133
3,13,5,3,2,0.014426
2,13,3,3,2,0.013449
0,0,0,3,2,0.011780
0,0,2,3,2,0.012654
2,13,1,0,2,0.016342
3,13,5,2,2,0.015550
2,13,1,0,2,0.014515
0,1,1,1,2,0.012034
2,2,3,3,2,0.011781
2,9,3,3,2,0.012136
0,3,1,2,2,0.011620
0,3,1,2,2,0.012983
3,1,14,2,2,0.016107
0,0,1,0,2,0.012572
0,1,3,2,2,0.014131
3,7,12,0,0,0.013121
3,1,14,3,2,0.011897
2,0,1,2,2,0.011237
0,2,3,3,2,0.012959
0,2,3,3,2,0.011337
2,18,3,0,2,0.012976
3,1,3,0,2,0.014237
2,10,2,3,2,0.013934
2,2,0,0,2,0.013332
2,14,2,3,2,0.013803
0,2,1,0,2,0.011852
0,0,3,0,2,0.012014
0,2,1,2,2,0.012521
0,3,3,1,2,0.011891
0,1,0,0,2,0.011540
0,3,3,0,2,0.013884
0,0,2,0,2,0.011178
0,3,2,2,2,0.010160
3,13,5,3,2,0.010488
2,13,3,3,2,0.011177
2,20,2,3,2,0.013422
2,19,3,3,2,0.013305
0,0,2,3,2,0.013274
0,0,2,3,2,0.013027
0,0,1,3,2,0.009239
0,0,1,1,2,0.011705
0,0,2,3,2,0.011552
0,0,1,0,2,0.011409
2,15,3,1,2,0.013174
2,9,1,3,2,0.009878
2,19,1,3,2,0.011275
2,19,3,3,2,0.011085
3,13,5,2,2,0.013262
3,10,0,3,0,0.010361
0,0,1,3,0,0.010344
3,19,7,1,1,0.010150
2,11,3,3,1,0.013155
0,0,1,3,1,0.013492
2,0,3,3,1,0.010663
2,10,0,0,1,0.010313
2,2,3,3,1,0.012319
2,6,1,2,1,0.012554
2,1,3,3,1,0.012068
2,18,1,2,1,0.012126
0,1,3,3,1,0.011790
0,0,0,0,1,0.010985
0,2,2,1,1,0.009353
2,15,0,0,1,0.009145
2,6,0,0,1,0.008696
0,2,0,0,1,0.010318
2,5,0,0,1,0.008847
2,8,3,2,1,0.008864
2,14,2,3,1,0.009645
2,14,3,2,1,0.009510
0,0,0,2,1,0.009016
0,2,2,3,1,0.009671
0,3,1,2,1,0.010914
2,13,0,0,1,0.011040
2,20,3,1,1,0.011525
2,19,0,0,1,0.011551
2,6,3,1,1,0.011507
2,12,0,0,1,0.011194
2,14,3,1,1,0.010483
2,18,0,0,1,0.009466
2,0,2,0,1,0.009282
2,17,0,0,1,0.008427
0,1,0,0,1,0.008877
3,10,0,2,0,0.011751
2,2,1,0,0,0.011000
0,1,3,2,0,0.011118
2,1,1,0,0,0.009109
2,1,2,0,0,0.010988
3,10,0,1,0,0.009026
0,3,3,2,0,0.008262
3,1,3,1,2,0.010466
3,13,5,0,2,0.010473
3,1,3,0,2,0.009829
0,0,2,0,2,0.010439
0,0,2,0,2,0.008291
0,3,2,0,2,0.007585
2,14,2,1,2,0.008888
0,3,2,3,2,0.009447
2,18,2,1,2,0.009178
2,13,1,0,2,0.010640
2,20,1,3,2,0.010348
2,11,1,0,2,0.010229
0,3,1,3,2,0.009699
3,1,3,0,2,0.009433
2,1,3,1,2,0.009870
0,0,1,1,2,0.008437
2,19,1,2,2,0.007753
0,1,0,3,2,0.009041
0,1,2,3,2,0.010334
0,0,1,1,2,0.007891
2,17,1,3,2,0.009223
2,12,1,3,2,0.007850
3,7,8,2,3,0.009640
0,0,1,3,3,0.009032
0,0,1,0,3,0.008244
3,10,0,3,0,0.010305
3,8,11,0,0,0.021061
3,8,11,0,0,0.029377
2,1,3,0,0,0.022481
2,11,1,3,0,0.012053
3,18,10,3,0,0.013867
2,17,3,0,0,0.009663
0,0,1,3,0,0.009684
0,3,1,2,0,0.007796
0,3,1,2,0,0.009351
2,19,3,0,0,0.009851
0,2,3,1,0,0.009916
2,2,3,0,0,0.007688
0,0,2,3,0,0.009653
0,1,3,0,0,0.008739
0,2,3,2,0,0.008951
0,0,2,3,0,0.008095
0,3,3,0,0,0.007804
2,14,3,1,0,0.007193
0,3,1,0,0,0.008062
2,14,3,1,0,0.007546
0,3,3,1,0,0.007035
2,14,3,3,0,0.006946
0,3,3,2,0,0.009109
2,20,2,1,0,0.009616
0,1,0,0,0,0.009382
2,6,2,1,0,0.008807
2,2,1,0,0,0.008765
2,18,2,1,0,0.008767
2,19,1,0,0,0.008493
2,10,2,1,0,0.008694
2,13,1,0,0,0.008184
0,0,2,1,0,0.008384
2,13,1,0,0,0.008205
3,13,5,3,2,0.007221
3,13,5,3,2,0.008336
0,3,1,0,2,0.007443
2,20,2,1,2,0.008570
3,1,3,2,2,0.008387
0,3,3,1,2,0.007787
0,1,1,2,2,0.006723
3,18,10,3,0,0.006436
2,13,3,2,0,0.007682
0,1,1,2,0,0.007277
0,3,0,2,0,0.007241
0,0,2,0,0,0.007415
0,0,2,0,0,0.007416
2,0,1,1,0,0.006499
0,2,3,3,0,0.007850
0,2,3,3,0,0.008904
0,2,2,1,0,0.008307
2,8,2,1,0,0.007631
0,1,1,1,0,0.007199
0,1,1,3,0,0.006515
0,3,3,0,0,0.006485
0,2,2,1,0,0.007593
0,0,2,3,0,0.006318
2,12,3,2,0,0.008109
0,3,1,2,0,0.007070
0,3,1,2,0,0.007855
0,3,1,2,0,0.006759
0,3,1,2,0,0.007973
0,3,1,2,0,0.006763
0,0,1,0,0,0.006493
0,1,1,0,0,0.006191
2,15,2,1,0,0.006070
0,3,1,3,0,0.006708
0,0,2,1,0,0.007649
0,1,3,1,0,0.005954
0,0,0,0,0,0.006219
0,1,3,3,0,0.006807
0,0,3,0,0,0.006310
0,0,3,1,0,0.007149
0,2,2,1,0,0.007670
0,0,3,3,0,0.007642
3,5,2,3,1,0.006619
2,19,3,2,1,0.007112
0,0,2,1,1,0.007630
2,2,3,2,1,0.007716
0,0,3,3,1,0.007954
2,11,2,1,1,0.006617
0,3,1,2,1,0.007007
0,3,3,2,1,0.007300
2,20,2,0,1,0.007669
0,2,3,2,1,0.007688
2,0,1,3,1,0.007222
2,17,2,1,1,0.006581
0,0,1,3,1,0.006606
0,0,1,3,1,0.006624
0,0,1,0,1,0.006943
0,0,2,0,1,0.006929
2,14,1,2,1,0.005929
2,14,2,3,1,0.007666
3,1,3,0,2,0.008006
0,0,2,2,2,0.007580
0,0,2,2,2,0.006293
0,0,2,2,2,0.005917
2,19,1,2,2,0.005706
0,1,0,3,2,0.005638
0,1,1,3,2,0.006689
0,1,0,3,2,0.006203
0,2,0,3,2,0.006506
0,2,1,2,2,0.005527
0,2,1,2,2,0.007016
0,2,2,3,2,0.006325
0,2,2,3,2,0.005553
2,6,0,2,2,0.008273
2,6,2,1,2,0.007127
2,5,0,1,2,0.005344
0,0,2,1,2,0.007089
0,0,2,1,2,0.007119
0,1,3,0,2,0.007456
2,6,2,0,2,0.007229
0,0,3,3,2,0.006586
0,2,2,0,2,0.006318
0,0,3,2,2,0.006516
0,1,1,3,2,0.005064
2,1,0,1,2,0.006260
2,1,2,0,2,0.007258
2,8,0,0,2,0.005210
2,19,0,0,2,0.006020
0,0,0,0,2,0.007869
3,1,3,3,2,0.006466
2,19,2,0,2,0.005811
0,1,0,3,2,0.005315
2,3,0,1,2,0.006688
0,1,0,3,2,0.005634
0,2,0,0,2,0.006729
2,14,1,2,2,0.005432
2,14,0,0,2,0.006620
2,14,0,0,2,0.006365
2,2,2,0,2,0.006668
3,5,2,0,1,0.007383
2,1,2,0,1,0.006751
0,2,0,0,1,0.007214
3,1,3,2,2,0.005546
2,1,2,1,2,0.007264
0,1,2,0,2,0.005926
2,3,0,1,2,0.006911
0,2,1,1,2,0.006020
0,0,0,1,2,0.006635
2,11,2,2,2,0.006100
0,3,2,2,2,0.006192
0,0,2,2,2,0.006237
0,0,2,2,2,0.006756
0,1,0,0,2,0.006215
2,20,1,1,2,0.007029
2,19,1,0,2,0.007110
2,18,1,2,2,0.006857
2,2,1,0,2,0.006716
0,2,1,2,2,0.006666
0,2,1,2,2,0.006743
2,17,1,2,2,0.007318
2,17,0,0,2,0.005375
0,3,1,0,2,0.006405
0,2,2,1,2,0.006707
2,13,1,2,2,0.006132
3,13,5,2,2,0.006917
2,0,1,2,2,0.006205
3,13,5,0,2,0.005643
2,9,2,1,2,0.006088
2,0,1,0,2,0.006276
0,3,1,2,2,0.006309
0,3,1,2,2,0.005629
0,0,2,1,2,0.006445
0,0,2,1,2,0.006609
2,1,1,2,2,0.006851
2,10,0,2,2,0.006552
2,15,1,2,2,0.006255
3,8,8,0,3,0.005155
3,8,8,0,3,0.006451
0,0,0,0,3,0.006181
3,8,8,0,3,0.005851
3,8,8,0,3,0.005837
0,1,1,2,3,0.006786
0,1,1,2,3,0.006488
0,1,3,0,3,0.006030
0,3,1,0,3,0.005529
0,2,0,0,3,0.005588
3,5,2,2,1,0.004864
3,5,2,3,1,0.006132
0,0,2,3,1,0.005314
2,14,2,3,1,0.005253
0,3,1,0,1,0.005483
0,0,2,3,1,0.006772
0,3,3,2,1,0.006145
2,14,1,3,1,0.006544
1,0.900000
1,0.900000
1,0.400000
1,0.400000
1,0.400000
1,0.400000
1,0.500000
1,0.400000
1,0.300000
0,0.400000
1,0.500000
1,0.300000
0,0.400000
1,0.300000
1,0.300000
1,0.300000
1,0.300000
1,0.300000
1,0.300000
1,0.400000
1,0.500000
1,0.500000
0,0.400000
0,0.400000
1,0.500000
1,0.300000
0,0.500000
1,0.300000
0,0.200000
1,0.300000
1,0.300000
0,0.200000
1,0.200000
0,0.200000
1,0.300000
0,0.200000
1,0.100000
1,0.100000
1,0.500000
1,0.500000
0,0.200000
1,0.500000
0,0.200000
1,0.500000
1,0.400000
1,0.500000
1,0.300000
1,0.500000
0,0.600000
1,0.500000
0,0.600000
1,0.200000
1,0.200000
1,0.200000
0,0.300000
1,0.200000
0,0.300000
1,0.300000
0,0.300000
1,0.300000
0,0.600000
1,0.300000
0,0.600000
1,0.300000
0,0.600000
1,0.300000
1,0.300000
1,0.500000
0,0.600000
1,0.500000
1,0.300000
1,0.400000
1,0.400000
1,0.200000
1,0.400000
0,0.400000
1,0.400000
1,0.200000
1,0.200000
1,0.500000
1,0.200000
1,0.500000
1,0.200000
1,0.200000
1,0.400000
0,0.200000
0,0.900000
1,0.500000
0,0.600000
0,0.100000
1,0.200000
1,0.500000
0,0.600000
1,0.500000
0,0.100000
0,0.100000
0,0.600000
0,0.600000
1,0.200000
0,0.300000
1,0.200000
0,0.600000
1,0.200000
1,0.100000
1,0.100000
1,0.500000
1,0.500000
0,0.300000
1,0.500000
0,0.900000
1,0.100000
0,0.900000
1,0.600000
0,0.600000
1,0.100000
1,0.100000
1,0.100000
0,0.600000
1,0.500000
0,0.600000
1,0.200000
1,0.200000
1,0.200000
1,0.600000
0,0.600000
1,0.300000
0,0.900000
1,0.200000
0,0.900000
1,0.900000
0,0.900000
1,0.900000
0,0.300000
0,0.900000
1,0.900000
0,0.900000
1,0.100000
1,0.400000
1,0.100000
1,0.100000
1,0.100000
1,0.100000
0,0.100000
0,0.300000
1,0.900000
0,0.300000
1,0.900000
0,0.300000
1,0.100000
1,0.900000
0,0.900000
1,0.100000
1,0.900000
1,0.100000
1,0.200000
1,0.200000
1,0.100000
1,0.200000
0,0.700000
0,0.100000
0,0.300000
1,0.100000
0,0.300000
1,0.900000
0,0.900000
1,0.100000
0,0.600000
1,0.100000
1,0.300000
1,0.200000
0,0.700000
1,0.900000
0,0.700000
1,0.200000
0,0.200000
1,0.900000
0,0.300000
1,0.900000
0,0.900000
1,0.500000
0,0.900000
1,0.500000
0,0.900000
0,0.900000
0,0.300000
0,0.900000
0,0.300000
0,0.800000
1,0.600000
0,0.600000
0,0.300000
0,0.900000
1,0.900000
0,0.700000
1,0.400000
0,0.100000
1,0.500000
0,0.300000
1,0.100000
1,0.500000
0,0.300000
1,0.500000
0,0.800000
1,0.900000
0,0.200000
1,0.900000
0,0.600000
0,0.300000
0,0.300000
0,0.300000
1,0.500000
0,0.200000
1,0.900000
0,0.200000
1,0.900000
0,0.300000
1,0.500000
0,0.300000
1,0.600000
0,0.500000
1,0.900000
0,0.800000
1,0.900000
0,0.800000
1,0.400000
0,0.500000
1,0.500000
0,0.600000
1,0.600000
0,0.700000
1,0.400000
1,0.100000
1,0.200000
1,0.600000
0,0.800000
1,0.600000
0,0.800000
1,0.300000
1,0.200000
1,0.500000
0,0.400000
1,0.900000
0,0.800000
1,0.200000
1,0.200000
1,0.600000
0,0.900000
1,0.600000
1,0.200000
1,0.200000
1,0.600000
0,0.900000
1,0.600000
0,0.800000
1,0.600000
0,0.900000
1,0.600000
0,0.900000
1,0.600000
0,0.700000
1,0.200000
0,0.800000
0,0.800000
0,0.800000
1,0.600000
0,0.200000
1,0.700000
0,0.200000
0,0.900000
1,0.700000
0,0.900000
1,0.600000
0,0.800000
1,0.600000
0,0.800000
1,0.600000
0,0.800000
1,0.600000
1,0.100000
1,0.600000
1,0.600000
0,0.200000
1,0.900000
0,0.200000
1,0.900000
0,0.700000
0,0.200000
0,0.200000
0,0.200000
0,0.700000
1,0.900000
0,0.700000
1,0.400000
1,0.100000
1,0.100000
1,0.200000
1,0.100000
1,0.900000
0,0.700000
1,0.900000
0,0.700000
1,0.900000
0,0.800000
0,0.200000
0,0.300000
1,0.500000
0,0.900000
1,0.500000
1,0.200000
1,0.200000
1,0.500000
1,0.200000
1,0.900000
0,0.900000
1,0.600000
1,0.900000
1,0.900000
0,0.900000
0,0.800000
1,0.900000
0,0.900000
1,0.500000
0,0.900000
1,0.900000
0,0.800000
1,0.900000
0,0.800000
1,0.900000
0,0.300000
1,0.300000
1,0.200000
1,0.300000
0,0.100000
1,0.300000
1,0.300000
0,0.300000
1,0.900000
0,0.900000
1,0.600000
0,0.900000
1,0.900000
0,0.900000
1,0.900000
0,0.900000
1,0.900000
0,0.900000
1,0.900000
0,0.300000
0,0.900000
1,0.900000
0,0.800000
1,0.900000
0,0.600000
1,0.100000
0,0.300000
1,0.900000
0,0.300000
0,0.100000
0,0.500000
1,0.400000
1,0.100000
0,0.300000
1,0.600000
0,0.800000
1,0.400000
1,0.100000
1,0.500000
0,0.700000
1,0.400000
0,0.800000
1,0.900000
0,0.900000
1,0.500000
0,0.300000
1,0.200000
0,0.300000
0,0.300000
0,0.100000
1,0.200000
0,0.400000
1,0.200000
1,0.200000
0,0.600000
1,0.300000
1,0.100000
1,0.400000
0,0.800000
1,0.500000
0,0.800000
1,0.200000
0,0.900000
1,0.900000
0,0.800000
1,0.500000
0,0.900000
1,0.900000
0,0.500000
1,0.900000
0,0.900000
1,0.500000
1,0.200000
0,0.400000
1,0.900000
0,0.500000
0,0.300000
0,0.300000
1,0.800000
0,0.700000
1,0.400000
0,0.200000
0,0.300000
0,0.100000
0,0.900000
1,0.500000
0,0.900000
0,0.300000
1,0.500000
0,0.300000
1,0.700000
0,0.500000
1,0.500000
0,0.700000
1,0.500000
0,0.900000
1,0.800000
0,0.700000
1,0.500000
0,0.700000
1,0.200000
1,0.500000
0,0.700000
1,0.700000
1,0.400000
1,0.400000
1,0.400000
1,0.300000
1,0.700000
0,0.100000
0,0.700000
1,0.500000
1,0.300000
1,0.500000
0,0.800000
0,0.800000
1,0.700000
0,0.800000
1,0.700000
0,0.800000
1,0.100000
0,0.800000
1,0.700000
0,0.700000
1,0.900000
0,0.700000
1,0.100000
1,0.100000
1,0.400000
0,0.500000
1,0.600000
0,0.500000
1,0.900000
0,0.400000
1,0.900000
1,0.100000
0,0.300000
1,0.200000
1,0.500000
1,0.900000
0,0.800000
1,0.500000
0,0.400000
1,0.500000
0,0.600000
1,0.500000
0,0.100000
1,0.500000
0,0.900000
1,0.500000
0,0.900000
1,0.900000
0,0.500000
1,0.900000
0,0.600000
1,0.300000
0,0.600000
1,0.500000
1,0.300000
1,0.900000
0,0.400000
1,0.300000
0,0.100000
1,0.500000
0,0.100000
0,0.900000
1,0.300000
0,0.800000
1,0.900000
0,0.800000
1,0.900000
0,0.700000
1,0.924530
0,0.974038
1,1.066532
1,1.307770
0,1.206556
0,1.246953
0,1.145052
0,1.246953
1,1.445052
0,1.250496
0,0.923155
0,1.250496
0,1.250496
0,1.250496
0,0.779740
0,0.977298
0,1.287015
0,1.287015
0,1.469336
0,1.469336
0,1.099518
0,1.081752
0,0.741259
0,0.741259
0,0.741259
0,0.741259
0,1.248816
0,1.194465
0,1.248816
0,1.027298
0,1.724489
0,1.027298
1,1.546953
0,1.724489
1,1.496953
0,1.674489
0,1.027298
0,1.027298
0,1.027298
1,1.546953
0,1.166509
0,1.116509
0,1.116509
0,1.116509
0,1.116509
0,1.194465
1,1.246953
1,1.246953
1,1.246953
0,1.568562
1,0.877298
0,0.772784
1,0.973793
0,1.270090
0,1.299518
1,0.917417
1,0.827298
1,0.946209
0,0.968571
0,1.270090
1,0.973793
0,0.968571
0,1.270123
0,0.777298
0,1.268934
1,0.967417
1,0.917417
0,1.285798
0,1.004412
1,0.967417
0,1.335798
0,1.285798
1,0.926656
1,0.877298
1,0.926656
1,0.827298
1,0.926656
0,1.170123
0,1.120123
1,0.926656
1,0.827298
1,0.926656
0,1.170123
0,0.926311
0,0.926311
1,0.827298
0,0.926311
0,1.702028
0,1.702028
0,0.968571
1,0.877298
0,0.830011
1,1.050496
1,0.917417
1,1.246953
1,0.917417
0,0.926311
0,1.362082
1,0.917417
0,1.312082
0,0.873793
1,0.973793
1,1.544465
1,0.879745
1,0.973793
1,0.973793
0,0.873793
0,1.141358
1,1.594465
0,1.141358
1,0.876656
0,1.046721
0,0.777298
1,0.876656
1,0.876656
0,1.091358
1,0.916341
0,1.027298
0,0.777298
0,1.027298
0,0.777298
1,0.916341
1,0.973793
0,0.777298
1,0.973793
0,0.927298
0,1.027298
0,0.777298
1,0.827298
0,0.777298
1,0.827298
0,0.927298
0,0.699978
0,1.118571
0,0.649978
1,1.050496
1,0.749978
1,0.749978
1,0.964961
1,0.749978
0,0.649978
0,1.470090
0,0.649978
0,1.520090
0,0.895118
0,1.520090
0,0.599978
0,1.470090
1,0.973793
0,0.599978
1,0.864961
1,1.031319
0,1.073793
0,1.173793
0,1.073793
0,0.599978
1,0.973793
1,0.973793
0,1.097190
1,1.296955
1,1.050496
0,1.032536
0,0.896721
0,0.896721
1,0.973793
0,0.896721
1,0.973793
1,1.296955
0,0.873793
1,1.050496
1,1.050496
0,0.668667
0,1.118571
0,0.873793
0,0.618667
0,0.599978
0,1.118571
0,0.873793
0,1.118571
0,0.599978
0,1.118571
0,0.873793
0,1.669441
0,1.669441
1,1.125528
0,1.223793
0,0.896721
0,1.223793
0,0.599978
0,1.173793
0,1.173793
0,0.896721
0,0.784376
0,1.096721
0,0.896721
0,0.896721
1,0.984376
0,0.896721
0,0.896721
0,0.896721
1,0.846721
1,0.984376
1,0.796721
1,0.984376
1,0.796721
1,0.984376
1,0.846721
1,0.984376
1,0.846721
1,0.816341
1,0.984376
1,0.816341
1,0.984376
0,0.966341
1,0.984376
0,0.966341
0,0.599978
1,0.846721
0,0.699978
1,0.846721
0,0.599978
0,1.275528
0,0.925528
1,0.846721
0,0.925528
1,0.846721
0,0.925528
1,0.846721
0,0.925528
1,0.846721
0,0.925528
0,1.294100
1,0.846721
0,0.925528
0,1.046721
0,0.925528
0,1.096721
0,0.925528
0,1.294100
0,0.925528
0,1.046721
0,0.925528
0,1.096721
0,0.925528
0,1.046721
0,0.925528
0,1.046721
0,0.925528
0,1.173793
0,1.173793
0,0.599978
0,1.275528
0,0.599978
0,1.275528
0,0.599978
0,1.275528
0,0.599978
0,1.275528
0,0.599978
0,1.275528
1,0.899978
0,1.294100
0,1.294100
0,1.275528
0,1.294100
0,1.444100
0,0.875528
0,1.444100
0,1.294100
0,0.599978
0,1.275528
0,0.599978
1,0.796721
0,0.599978
1,0.796721
0,0.599978
1,0.796721
0,0.875528
0,0.875528
0,1.073793
0,0.873793
0,1.275528
1,1.175528
1,0.796721
1,1.175528
1,0.796721
1,1.125528
0,0.699978
0,0.699978
1,0.796721
1,1.099978
0,1.494100
0,0.599978
1,0.749978
0,1.594100
0,0.599978
0,1.494100
0,0.599978
0,1.494100
0,0.599978
0,1.494100
0,0.599978
0,1.594100
0,0.599978
0,1.294100
0,1.444100
0,1.494100
0,1.444100
0,1.494100
0,1.444100
0,1.016509
1,1.116509
0,0.875528
0,1.275528
0,1.396953
1,1.246953
0,0.599978
0,1.494100
0,1.594100
0,0.875528
0,1.594100
0,0.875528
0,1.594100
0,0.875528
0,1.494100
1,1.719441
0,1.494100
1,1.719441
0,1.494100
1,0.949978
0,1.294100
0,0.896721
0,1.444100
1,0.949978
0,0.896721
0,1.294100
1,0.949978
0,1.594100
1,0.949978
0,1.594100
1,1.099978
0,1.594100
1,0.949978
0,1.594100
1,1.099978
0,1.494100
1,0.949978
0,0.896721
1,0.846721
1,1.099978
0,1.594100
1,1.099978
0,1.294100
0,1.444100
0,1.294100
0,0.599978
0,1.118571
0,0.599978
0,1.118571
0,0.599978
0,1.118571
1,1.075528
0,0.875528
0,1.118571
0,0.599978
0,1.118571
0,0.599978
0,1.118571
0,0.599978
0,1.118571
0,0.599978
0,1.118571
1,1.719441
0,1.118571
0,1.118571
0,1.118571
0,1.118571
0,1.118571
1,1.719441
0,1.118571
0,0.599978
0,1.118571
0,1.118571
1,1.719441
0,1.118571
0,1.118571
0,1.118571
1,1.719441
0,1.118571
1,1.719441
1,0.796721
1,1.719441
1,0.768571
1,1.719441
1,0.768571
1,1.719441
1,0.768571
1,1.719441
1,0.768571
1,1.719441
1,0.768571
1,0.968571
1,1.719441
1,0.768571
0,0.699978
0,1.569441
0,0.599978
1,0.768571
0,0.599978
1,0.968571
1,0.968571
1,0.968571
1,0.768571
1,0.968571
1,0.768571
0,0.699978
1,0.968571
1,0.768571
0,1.569441
1,0.768571
1,1.719441
0,1.569441
1,1.719441
1,0.768571
1,1.719441
1,0.768571
0,0.599978
1,0.768571
1,1.719441
1,0.918571
1,0.768571
1,1.719441
1,0.918571
0,0.599978
1,0.749978
1,0.749978
1,0.968571
1,0.968571
1,0.768571
1,0.968571
1,0.768571
1,0.968571
1,1.369441
1,1.369441
1,1.719441
1,0.768571
1,1.719441
1,0.796721
0,0.699978
1,0.796721
1,1.719441
1,0.796721
1,1.719441
1,0.796721
1,1.369441
1,1.719441
1,1.369441
1,0.796721
1,1.719441
1,0.796721
1,1.719441
1,0.796721
1,1.719441
1,0.796721
1,1.369441
1,1.369441
1,1.369441
1,1.719441
1,0.796721
1,1.719441
1,0.796721
1,1.719441
0,1.046721
1,1.719441
1,1.369441
1,1.719441
1,1.369441
1,1.719441
1,1.369441
1,1.719441
1,1.369441
1,1.719441
1,1.369441
0,1.269441
1,0.768571
0,1.569441
1,1.369441
1,1.719441
1,0.768571
1,1.719441
1,0.968571
1,0.968571
1,0.968571
0,1.018571
1,0.968571
1,0.918571
1,1.719441
1,0.768571
1,1.719441
1,0.768571
0,0
1,2
0,0
0,0
1,1
0,0
1,1
1,1
0,2
0,0
1,2
0,2
1,0
0,1
1,2
1,0
1,2
0,0
0,0
0,0
0,0
1,0
1,0
0,2
1,2
0,2
0,1
0,2
0,2
0,2
0,1
0,1
1,3
0,1
1,3
0,1
0,1
0,1
0,1
1,2
0,1
1,2
0,1
1,2
1,2
1,2
0,1
1,2
1,1
1,1
1,1
1,2
0,1
1,2
1,0
1,2
0,1
1,2
1,1
1,1
1,1
1,2
0,1
1,2
1,1
1,1
1,1
1,1
0,4
1,1
0,4
1,1
1,1
0,4
1,3
0,1
1,0
1,0
0,1
1,3
0,1
1,3
0,2
1,2
1,3
0,2
0,2
1,3
1,0
1,1
1,1
1,2
0,2
1,1
1,2
1,2
1,1
0,1
0,0
0,4
1,2
0,1
0,0
0,0
0,0
0,4
0,0
0,2
1,3
0,4
0,0
0,4
1,3
0,4
1,3
0,2
1,1
0,2
1,3
0,3
1,2
1,1
1,1
1,3
0,4
0,2
0,2
1,3
0,4
1,3
0,2
1,1
0,1
0,2
1,2
0,2
1,0
1,2
1,2
1,0
0,1
0,1
1,2
1,0
1,2
0,2
1,4
0,1
1,2
1,2
1,2
1,2
1,2
0,1
0,1
1,2
1,2
0,0
0,1
0,1
1,2
0,3
0,1
0,1
0,1
0,1
1,1
1,4
1,4
1,1
0,1
1,3
0,1
1,2
1,2
1,4
0,1
1,2
0,1
1,3
0,3
1,1
1,1
0,4
1,1
0,3
1,4
0,3
1,3
0,4
1,1
1,1
1,1
0,4
1,1
1,1
1,1
1,2
1,2
1,1
0,1
1,1
0,4
1,4
0,2
1,2
0,4
1,1
1,2
1,2
1,2
0,2
1,4
0,2
1,4
1,2
1,2
0,2
1,4
0,2
1,4
0,2
1,4
0,4
1,3
0,2
1,3
0,4
1,3
0,2
1,3
1,2
0,4
1,4
0,2
1,3
0,3
1,3
1,2
1,3
0,4
1,3
0,4
0,1
0,1
1,2
0,3
1,3
0,2
0,0
1,3
0,2
0,0
0,2
1,4
0,3
1,4
0,2
1,4
0,2
1,2
1,2
1,1
0,3
1,2
1,0
1,2
0,1
1,1
1,4
0,2
1,4
0,2
1,3
0,3
1,4
1,0
1,0
1,1
1,1
1,4
0,2
1,4
0,2
1,4
0,2
1,4
0,0
1,4
0,2
1,4
0,2
1,4
0,0
0,3
1,2
0,2
1,4
0,2
1,3
0,2
1,4
0,2
1,4
0,0
0,2
0,3
0,2
0,2
0,2
1,4
0,2
1,4
0,2
1,4
1,4
1,4
1,1
0,2
1,4
0,2
1,3
0,2
1,3
0,2
1,4
0,2
1,4
0,2
1,2
1,2
1,2
0,1
0,1
0,0
1,0
1,4
0,2
1,4
0,3
1,4
0,2
1,3
0,2
1,4
0,2
0,0
0,3
0,4
0,0
0,2
0,0
0,4
0,1
1,2
1,2
1,1
1,3
1,0
1,3
1,1
1,3
1,3
0,4
1,3
1,0
1,4
1,0
1,4
0,4
1,4
0,4
1,2
0,4
0,3
0,4
0,1
1,0
0,1
0,4
1,2
0,0
1,0
1,2
0,4
1,0
0,2
1,2
1,0
1,2
0,2
1,4
0,2
1,2
0,2
1,3
0,2
1,4
0,4
1,3
0,0
0,0
1,1
0,3
1,2
0,3
1,4
0,3
1,1
0,0
0,0
1,1
0,2
1,1
0,3
1,2
0,1
0,2
1,0
0,3
1,1
1,0
1,3
0,2
1,3
0,2
1,3
0,2
1,3
0,0
0,2
1,1
1,0
1,3
0,2
0,0
0,0
0,1
1,0
1,2
0,2
1,2
0,1
1,0
1,4
0,2
1,4
0,2
1,1
0,2
1,3
0,3
1,3
0,2
1,0
1,3
1,1
0,2
1,3
0,2
1,3
0,2
1,3
0,2
1,1
1,1
0,2
1,4
0,2
1,4
0,2
1,3
1,0
0,0
0,4
1,4
1,0
1,4
0,2
1,4
0,2
0,1
1,0
1,3
0,2
1,0
1,2
1,4
0,3
1,3
0,3
1,2
0,3
1,2
1,3
0,3
1,4
1,0
1,4
1,0
5.221349,960.000000
1.710587,960.000000
1.840441,960.000000
2.926983,960.000000
2.126833,960.000000
4.237495,960.000000
1.619543,960.000000
1.978705,960.000000
2.312316,960.000000
5.509196,960.000000
1.069723,960.000000
1.392176,960.000000
3.432979,960.000000
2.293396,960.000000
3.514643,960.000000
5.415403,960.000000
3.084005,960.000000
3.677810,960.000000
1.102874,960.000000
1.073604,960.000000
0.901381,960.000000
1.561003,960.000000
1.661750,960.000000
0.847370,960.000000
1.066327,960.000000
1.638787,960.000000
2.283532,960.000000
1.300971,960.000000
1.344957,960.000000
1.246474,960.000000
3.943341,960.000000
0.555156,960.000000
0.802575,960.000000
2.173406,960.000000
1.476428,960.000000
2.142195,960.000000
3.508498,960.000000
1.707838,960.000000
1.887338,960.000000
0.947793,960.000000
0.790124,960.000000
0.929519,960.000000
1.725949,960.000000
1.026870,960.000000
1.281566,960.000000
1.563429,960.000000
1.451686,960.000000
2.080422,960.000000
1.027193,960.000000
1.549360,960.000000
1.429532,960.000000
3.255419,960.000000
0.566961,960.000000
0.974637,960.000000
1.981616,960.000000
1.288357,960.000000
1.880061,960.000000
2.927468,960.000000
1.628922,960.000000
1.746325,960.000000
0.572945,960.000000
0.841710,960.000000
0.529444,960.000000
3.347110,960.000000
1.113871,960.000000
2.365519,960.000000
3.954822,960.000000
1.412390,960.000000
2.928761,960.000000
1.204753,960.000000
2.048079,960.000000
3.186045,960.000000
3.884478,960.000000
1.012316,960.000000
2.014282,960.000000
2.251998,960.000000
1.913212,960.000000
3.236822,960.000000
3.293098,960.000000
2.606146,960.000000
2.591916,960.000000
0.671589,960.000000
0.942941,960.000000
0.659946,960.000000
1.543215,960.000000
1.543215,960.000000
0.961215,960.000000
1.293047,960.000000
2.386865,960.000000
1.885074,960.000000
1.211868,960.000000
1.897526,960.000000
1.709455,960.000000
5.109444,960.000000
0.643613,960.000000
1.064872,960.000000
2.531436,960.000000
1.731448,960.000000
1.895747,960.000000
3.954822,960.000000
1.850306,960.000000
1.925017,960.000000
0.909143,960.000000
1.207016,960.000000
1.163678,960.000000
3.730690,960.000000
2.063604,960.000000
2.104193,960.000000
2.945579,960.000000
2.267522,960.000000
4.538764,960.000000
1.984527,960.000000
2.355817,960.000000
3.159039,960.000000
5.467474,960.000000
1.030266,960.000000
1.976118,960.000000
3.484241,960.000000
2.513001,960.000000
4.634497,960.000000
5.570161,960.000000
3.432008,960.000000
3.011881,960.000000
1.208957,960.000000
1.380048,960.000000
1.235801,960.000000
1.318759,960.000000
1.253589,960.000000
0.747108,960.000000
1.003907,960.000000
1.322317,960.000000
1.897040,960.000000
1.460095,960.000000
1.154298,960.000000
1.018137,960.000000
3.609891,960.000000
0.459585,960.000000
0.725277,960.000000
2.204131,960.000000
1.656252,960.000000
2.255232,960.000000
2.977922,960.000000
1.766054,960.000000
1.432604,960.000000
0.651375,960.000000
0.707974,960.000000
0.739023,960.000000
1.697973,960.000000
1.475296,960.000000
1.104168,960.000000
1.412714,960.000000
2.101929,960.000000
1.603210,960.000000
1.320538,960.000000
1.915314,960.000000
2.067485,960.000000
4.676219,960.000000
0.857557,960.000000
1.328300,960.000000
2.416459,960.000000
1.942320,960.000000
2.046139,960.000000
3.758666,960.000000
2.153515,960.000000
1.870843,960.000000
0.844459,960.000000
1.347382,960.000000
1.049833,960.000000
2.973556,960.000000
1.359996,960.000000
1.935851,960.000000
3.188632,960.000000
1.410935,960.000000
2.772710,960.000000
1.311806,960.000000
2.260892,960.000000
4.196743,960.000000
4.141600,960.000000
1.297898,960.000000
2.060208,960.000000
2.691530,960.000000
2.077511,960.000000
3.223885,960.000000
3.785672,960.000000
3.037108,960.000000
2.533538,960.000000
0.824568,960.000000
1.276229,960.000000
1.000187,960.000000
4.921050,960.000000
3.916173,960.000000
2.884614,960.000000
4.420229,960.000000
4.188819,960.000000
5.419931,960.000000
3.326087,960.000000
3.537930,960.000000
5.035380,960.000000
11.224412,960.000000
1.847233,960.000000
2.696705,960.000000
6.912692,960.000000
5.171218,960.000000
6.136799,960.000000
8.928914,960.000000
4.864613,960.000000
4.661179,960.000000
2.336573,960.000000
2.531759,960.000000
2.760420,960.000000
1.248738,960.000000
0.616445,960.000000
0.756002,960.000000
1.127293,960.000000
0.628250,960.000000
1.086056,960.000000
0.406220,960.000000
0.749372,960.000000
1.277846,960.000000
1.766054,960.000000
0.569387,960.000000
0.671427,960.000000
1.055816,960.000000
0.742257,960.000000
1.094627,960.000000
1.521222,960.000000
1.207502,960.000000
1.047084,960.000000
0.395709,960.000000
0.483518,960.000000
0.417055,960.000000
1.414331,960.000000
1.024767,960.000000
0.871465,960.000000
1.231273,960.000000
1.362098,960.000000
1.809393,960.000000
0.950057,960.000000
1.623909,960.000000
1.631186,960.000000
3.151115,960.000000
0.646200,960.000000
1.027516,960.000000
1.780770,960.000000
1.305822,960.000000
1.584452,960.000000
2.816695,960.000000
1.769612,960.000000
1.615339,960.000000
0.569064,960.000000
0.874861,960.000000
0.666899,960.000000
4.344548,960.000000
2.108883,960.000000
1.879899,960.000000
3.048752,960.000000
2.104193,960.000000
4.897440,960.000000
1.812304,960.000000
1.736946,960.000000
2.340778,960.000000
5.526499,960.000000
0.946499,960.000000
1.481441,960.000000
4.447558,960.000000
2.649809,960.000000
4.341799,960.000000
6.255981,960.000000
3.256875,960.000000
3.477288,960.000000
1.410450,960.000000
1.117428,960.000000
1.231273,960.000000
2.597414,960.000000
1.306307,960.000000
1.608870,960.000000
2.593048,960.000000
1.214617,960.000000
2.651587,960.000000
1.413684,960.000000
1.743414,960.000000
2.569276,960.000000
3.789876,960.000000
0.931621,960.000000
1.566178,960.000000
2.735678,960.000000
2.224507,960.000000
3.457074,960.000000
3.338054,960.000000
2.402390,960.000000
2.260892,960.000000
0.786081,960.000000
0.876478,960.000000
0.896368,960.000000
4.007540,960.000000
2.115028,960.000000
2.160469,960.000000
3.415352,960.000000
1.802277,960.000000
4.427021,960.000000
1.953963,960.000000
2.428587,960.000000
3.961129,960.000000
5.513077,960.000000
1.300648,960.000000
2.307788,960.000000
3.886580,960.000000
2.700424,960.000000
6.148604,960.000000
5.782974,960.000000
3.726162,960.000000
3.076081,960.000000
1.340105,960.000000
1.180819,960.000000
1.268144,960.000000
5.194990,960.000000
3.332556,960.000000
2.547930,960.000000
3.696084,960.000000
3.731984,960.000000
5.642770,960.000000
2.724196,960.000000
3.301184,960.000000
3.717753,960.000000
9.499433,960.000000
1.571353,960.000000
2.188607,960.000000
6.042359,960.000000
4.019831,960.000000
5.848144,960.000000
10.394022,960.000000
5.088422,960.000000
5.037483,960.000000
2.251836,960.000000
1.939409,960.000000
2.228711,960.000000
3.466938,960.000000
1.803571,960.000000
1.742282,960.000000
2.619569,960.000000
2.170818,960.000000
3.432008,960.000000
1.751015,960.000000
2.048564,960.000000
2.407888,960.000000
5.339075,960.000000
1.115002,960.000000
1.477237,960.000000
3.217902,960.000000
2.255879,960.000000
3.272884,960.000000
5.408773,960.000000
3.300537,960.000000
3.360694,960.000000
1.312776,960.000000
1.173542,960.000000
1.202650,960.000000
2.810065,960.000000
2.235827,960.000000
1.653826,960.000000
2.199441,960.000000
2.501196,960.000000
2.731635,960.000000
1.628114,960.000000
2.162895,960.000000
2.359860,960.000000
5.819844,960.000000
0.945205,960.000000
1.571191,960.000000
3.362796,960.000000
2.285149,960.000000
2.679240,960.000000
4.574340,960.000000
3.031125,960.000000
2.854536,960.000000
1.111607,960.000000
1.373903,960.000000
1.241623,960.000000
1.114517,960.000000
0.640217,960.000000
0.664150,960.000000
0.994366,960.000000
0.628412,960.000000
1.147668,960.000000
0.554833,960.000000
0.930328,960.000000
1.330564,960.000000
2.045492,960.000000
0.547233,960.000000
0.748725,960.000000
1.278008,960.000000
0.833462,960.000000
1.808261,960.000000
1.770097,960.000000
1.371477,960.000000
0.900896,960.000000
0.557906,960.000000
0.390696,960.000000
0.451337,960.000000
0.913186,960.000000
0.795945,960.000000
0.739993,960.000000
0.889253,960.000000
1.283183,960.000000
1.200710,960.000000
0.750019,960.000000
1.289813,960.000000
1.149447,960.000000
2.564910,960.000000
0.436298,960.000000
0.792226,960.000000
1.255207,960.000000
1.016843,960.000000
1.310997,960.000000
2.091256,960.000000
1.261028,960.000000
1.183892,960.000000
0.412850,960.000000
0.720426,960.000000
0.509715,960.000000
1.176615,960.000000
0.718647,960.000000
0.595908,960.000000
1.048377,960.000000
0.688245,960.000000
1.289975,960.000000
0.653477,960.000000
0.989676,960.000000
1.395734,960.000000
1.914505,960.000000
0.482871,960.000000
0.901220,960.000000
1.228362,960.000000
0.902190,960.000000
1.919842,960.000000
1.924693,960.000000
1.333313,960.000000
1.015550,960.000000
0.461202,960.000000
0.380831,960.000000
1.039645,960.000000
4.607740,960.000000
1.904811,960.000000
1.858234,960.000000
2.830046,960.000000
1.998935,960.000000
4.006442,960.000000
1.684378,960.000000
2.073491,960.000000
2.439477,960.000000
5.500954,960.000000
1.008039,960.000000
1.494026,960.000000
3.750591,960.000000
2.424437,960.000000
3.954851,960.000000
5.171517,960.000000
3.093660,960.000000
3.225305,960.000000
1.222811,960.000000
1.132245,960.000000
1.061894,960.000000
1.808422,960.000000
1.780282,960.000000
1.006260,960.000000
1.423675,960.000000
1.390683,960.000000
2.094515,960.000000
1.212946,960.000000
1.224105,960.000000
1.499848,960.000000
3.434417,960.000000
0.575098,960.000000
0.952405,960.000000
2.131874,960.000000
1.529121,960.000000
2.346970,960.000000
3.269294,960.000000
1.668529,960.000000
1.816023,960.000000
0.837418,960.000000
0.830787,960.000000
0.983618,960.000000
1.767505,960.000000
0.992513,960.000000
1.489498,960.000000
1.979205,960.000000
1.296397,960.000000
2.129125,960.000000
0.955802,960.000000
1.399578,960.000000
1.661575,960.000000
2.948753,960.000000
0.580920,960.000000
1.085021,960.000000
1.708475,960.000000
1.376290,960.000000
1.851926,960.000000
2.662336,960.000000
1.596237,960.000000
1.844972,960.000000
0.575260,960.000000
0.883348,960.000000
0.548252,960.000000
2.801097,960.000000
1.374672,960.000000
1.786751,960.000000
3.335117,960.000000
1.716400,960.000000
3.027028,960.000000
1.324052,960.000000
2.082709,960.000000
2.673657,960.000000
4.814103,960.000000
0.956125,960.000000
1.465562,960.000000
2.573548,960.000000
2.262711,960.000000
2.988699,960.000000
3.812856,960.000000
2.347779,960.000000
2.545085,960.000000
0.844857,960.000000
1.079522,960.000000
0.826582,960.000000
1.844325,960.000000
1.365292,960.000000
1.274240,960.000000
1.682437,960.000000
2.498993,960.000000
2.130742,960.000000
1.134186,960.000000
1.851926,960.000000
2.213708,960.000000
4.077440,960.000000
0.781784,960.000000
1.418985,960.000000
2.105189,960.000000
1.530900,960.000000
2.090796,960.000000
3.583205,960.000000
1.985997,960.000000
2.179583,960.000000
0.701406,960.000000
1.075317,960.000000
0.887068,960.000000
3.767087,960.000000
2.210797,960.000000
1.997480,960.000000
2.938726,960.000000
2.143357,960.000000
5.000896,960.000000
1.973221,960.000000
2.239746,960.000000
2.727673,960.000000
5.570496,960.000000
0.975047,960.000000
1.647019,960.000000
3.742020,960.000000
2.701635,960.000000
4.550489,960.000000
5.498204,960.000000
3.074899,960.000000
3.238890,960.000000
1.427395,960.000000
1.361249,960.000000
1.303351,960.000000
1.736292,960.000000
1.152461,960.000000
1.094077,960.000000
1.371923,960.000000
1.145830,960.000000
2.082063,960.000000
1.481088,960.000000
1.098929,960.000000
1.305292,960.000000
3.134576,960.000000
0.478709,960.000000
0.905181,960.000000
2.024326,960.000000
1.519417,960.000000
2.097427,960.000000
2.596028,960.000000
1.405885,960.000000
1.582329,960.000000
0.621352,960.000000
0.755423,960.000000
0.772889,960.000000
2.097750,960.000000
1.243351,960.000000
1.374834,960.000000
2.002978,960.000000
1.804055,960.000000
2.193977,960.000000
1.121409,960.000000
1.952035,960.000000
2.286484,960.000000
3.813341,960.000000
0.896125,960.000000
1.462975,960.000000
1.969339,960.000000
1.667882,960.000000
2.280501,960.000000
3.500563,960.000000
2.395326,960.000000
2.254139,960.000000
0.712565,960.000000
1.086476,960.000000
0.875424,960.000000
2.513710,960.000000
1.489821,960.000000
1.545779,960.000000
2.627080,960.000000
2.067831,960.000000
2.541203,960.000000
1.366424,960.000000
2.361525,960.000000
4.111726,960.000000
5.012379,960.000000
1.073377,960.000000
1.830417,960.000000
2.537322,960.000000
2.233115,960.000000
3.194577,960.000000
4.139058,960.000000
2.798671,960.000000
2.474572,960.000000
1.000115,960.000000
1.333270,960.000000
1.082757,960.000000
5.491735,960.000000
3.293230,960.000000
3.085897,960.000000
4.555502,960.000000
4.196794,960.000000
5.692761,960.000000
3.016193,960.000000
4.145850,960.000000
5.121706,960.000000
10.787782,960.000000
2.017049,960.000000
3.187137,960.000000
6.253789,960.000000
4.360299,960.000000
6.151416,960.000000
9.290036,960.000000
5.427368,960.000000
5.216639,960.000000
2.003464,960.000000
2.217913,960.000000
2.220662,960.000000
1.013538,960.000000
0.576230,960.000000
0.539842,960.000000
0.886906,960.000000
0.782108,960.000000
0.985397,960.000000
0.485340,960.000000
0.836448,960.000000
1.115587,960.000000
2.006536,960.000000
0.579627,960.000000
0.611487,960.000000
1.086153,960.000000
0.793914,960.000000
1.192245,960.000000
1.836724,960.000000
1.256936,960.000000
1.037958,960.000000
0.394450,960.000000
0.454289,960.000000
0.396553,960.000000
1.512463,960.000000
0.942863,960.000000
1.091328,960.000000
1.535913,960.000000
1.296397,960.000000
1.650254,960.000000
0.869116,960.000000
1.451331,960.000000
1.808745,960.000000
2.832957,960.000000
0.604694,960.000000
1.195965,960.000000
1.549013,960.000000
1.320979,960.000000
1.743570,960.000000
2.726056,960.000000
1.871819,960.000000
1.677585,960.000000
0.533211,960.000000
0.847283,960.000000
0.661783,960.000000
3.905040,960.000000
2.161794,960.000000
1.847560,960.000000
2.558831,960.000000
2.076564,960.000000
3.882722,960.000000
2.054084,960.000000
2.072844,960.000000
2.474248,960.000000
6.141713,960.000000
1.013861,960.000000
1.628097,960.000000
5.360737,960.000000
2.538130,960.000000
4.044448,960.000000
6.218209,960.000000
3.567517,960.000000
3.080883,960.000000
1.288472,960.000000
1.230251,960.000000
1.278769,960.000000
2.435758,960.000000
1.452786,960.000000
1.364484,960.000000
2.097588,960.000000
1.501466,960.000000
2.525030,960.000000
1.543676,960.000000
1.670469,960.000000
2.138505,960.000000
4.759439,960.000000
0.811865,960.000000
1.259847,960.000000
2.891340,960.000000
2.450960,960.000000
2.832148,960.000000
3.806063,960.000000
2.294894,960.000000
2.167939,960.000000
0.932836,960.000000
1.031166,960.000000
0.995101,960.000000
3.933989,960.000000
2.391606,960.000000
1.778341,960.000000
2.841529,960.000000
2.157427,960.000000
4.228492,960.000000
2.199152,960.000000
2.223896,960.000000
3.159482,960.000000
6.497834,960.000000
1.089873,960.000000
1.686319,960.000000
4.370002,960.000000
3.039967,960.000000
5.782357,960.000000
6.128289,960.000000
3.501210,960.000000
2.952311,960.000000
1.590415,960.000000
1.319524,960.000000
1.636022,960.000000
5.301869,960.000000
3.342394,960.000000
2.745140,960.000000
3.927196,960.000000
3.513986,960.000000
5.552382,960.000000
2.727026,960.000000
3.351289,960.000000
4.053019,960.000000
9.200925,960.000000
1.760874,960.000000
2.615435,960.000000
6.063922,960.000000
3.844878,960.000000
6.083976,960.000000
9.831657,960.000000
5.261437,960.000000
4.533669,960.000000
2.151928,960.000000
1.946213,960.000000
2.192036,960.000000
3.276734,960.000000
1.813112,960.000000
1.639903,960.000000
2.551877,960.000000
1.996186,960.000000
3.129239,960.000000
1.495644,960.000000
2.183950,960.000000
2.854790,960.000000
5.220844,960.000000
1.196774,960.000000
1.640550,960.000000
3.369888,960.000000
2.363790,960.000000
3.566547,960.000000
5.297502,960.000000
3.891617,960.000000
2.829237,960.000000
1.176073,960.000000
1.147447,960.000000
1.239793,960.000000
3.132312,960.000000
1.722545,960.000000
1.761845,960.000000
2.638886,960.000000
2.216295,960.000000
3.263796,960.000000
1.554188,960.000000
2.229557,960.000000
2.575489,960.000000
5.226989,960.000000
1.112191,960.000000
1.672087,960.000000
2.836677,960.000000
2.094030,960.000000
3.137973,960.000000
4.535287,960.000000
2.852364,960.000000
3.280453,960.000000
1.009333,960.000000
1.236720,960.000000
1.045721,960.000000
1.086153,960.000000
0.790841,960.000000
0.573804,960.000000
0.848577,960.000000
0.763671,960.000000
1.224267,960.000000
0.645934,960.000000
0.742161,960.000000
1.005452,960.000000
2.203681,960.000000
0.426310,960.000000
0.597902,960.000000
1.454080,960.000000
0.940114,960.000000
1.554512,960.000000
2.060068,960.000000
1.214725,960.000000
0.950303,960.000000
0.636231,960.000000
0.419356,960.000000
0.573158,960.000000
1.130304,960.000000
0.913753,960.000000
0.898874,960.000000
1.128040,960.000000
1.068040,960.000000
1.327933,960.000000
0.756232,960.000000
1.030519,960.000000
1.291222,960.000000
2.275487,960.000000
0.472887,960.000000
0.842917,960.000000
1.186747,960.000000
0.972783,960.000000
1.293162,960.000000
1.894460,960.000000
1.119307,960.000000
1.271329,960.000000
0.403022,960.000000
0.785180,960.000000
0.504747,960.000000
1.052676,960.000000
0.899844,960.000000
0.537901,960.000000
0.869602,960.000000
0.855531,960.000000
1.214887,960.000000
0.773213,960.000000
0.899359,960.000000
1.103296,960.000000
2.298290,960.000000
0.422105,960.000000
0.634937,960.000000
1.322273,960.000000
1.031328,960.000000
1.588798,960.000000
2.081577,960.000000
1.245938,960.000000
1.031166,960.000000
0.605018,960.000000
0.479680,960.000000
1.112838,960.000000
4.279652,960.000000
1.910227,960.000000
1.792637,960.000000
2.765381,960.000000
1.996761,960.000000
3.870757,960.000000
1.731497,960.000000
2.037198,960.000000
2.476987,960.000000
5.538364,960.000000
1.079011,960.000000
1.537239,960.000000
3.945807,960.000000
2.415038,960.000000
4.035739,960.000000
5.338122,960.000000
3.177350,960.000000
2.979372,960.000000
1.216496,960.000000
1.219246,960.000000
1.107317,960.000000
1.878525,960.000000
1.709014,960.000000
0.998462,960.000000
1.396358,960.000000
1.408489,960.000000
2.133114,960.000000
1.137402,960.000000
1.304971,960.000000
1.443912,960.000000
3.506342,960.000000
0.623857,960.000000
0.982610,960.000000
2.169830,960.000000
1.436310,960.000000
2.195871,960.000000
3.257899,960.000000
1.853939,960.000000
1.849087,960.000000
0.820702,960.000000
0.803719,960.000000
0.908045,960.000000
1.852483,960.000000
0.954790,960.000000
1.434692,960.000000
1.903110,960.000000
1.221995,960.000000
2.062430,960.000000
0.968700,960.000000
1.332468,960.000000
1.774845,960.000000
2.958830,960.000000
0.575009,960.000000
1.068660,960.000000
1.804445,960.000000
1.409136,960.000000
1.899228,960.000000
2.723327,960.000000
1.698986,960.000000
1.807033,960.000000
0.543792,960.000000
0.827172,960.000000
0.511928,960.000000
2.873266,960.000000
1.391506,960.000000
1.876422,960.000000
3.233637,960.000000
1.680870,960.000000
3.015765,960.000000
1.326322,960.000000
1.844234,960.000000
2.995708,960.000000
4.339175,960.000000
0.832348,960.000000
1.420458,960.000000
2.661701,960.000000
2.283215,960.000000
3.440835,960.000000
3.848760,960.000000
2.296639,960.000000
2.538451,960.000000
0.811159,960.000000
1.091628,960.000000
0.841729,960.000000
1.892111,960.000000
1.382933,960.000000
1.207923,960.000000
1.685237,960.000000
2.281921,960.000000
2.085560,960.000000
1.143063,960.000000
1.825633,960.000000
2.078929,960.000000
4.272374,960.000000
0.771208,960.000000
1.353495,960.000000
2.097529,960.000000
1.582043,960.000000
2.100603,960.000000
3.542735,960.000000
2.064048,960.000000
2.240028,960.000000
0.763282,960.000000
1.073835,960.000000
0.967730,960.000000
3.885638,960.000000
2.157699,960.000000
2.031860,960.000000
3.007354,960.000000
2.276259,960.000000
4.958664,960.000000
1.970558,960.000000
2.167404,960.000000
2.600238,960.000000
5.700272,960.000000
1.017062,960.000000
1.593204,960.000000
3.836143,960.000000
2.597165,960.000000
4.332705,960.000000
5.436140,960.000000
3.154867,960.000000
3.349771,960.000000
1.337321,960.000000
1.346378,960.000000
1.341364,960.000000
1.727777,960.000000
1.133196,960.000000
0.983743,960.000000
1.457660,960.000000
1.082085,960.000000
1.887582,960.000000
1.291223,960.000000
1.207276,960.000000
1.384551,960.000000
3.113460,960.000000
0.516619,960.000000
0.900120,960.000000
2.054667,960.000000
1.448279,960.000000
2.102058,960.000000
2.682082,960.000000
1.763846,960.000000
1.608246,960.000000
0.609946,960.000000
0.708773,960.000000
0.701010,960.000000
2.090089,960.000000
1.268093,960.000000
1.371611,960.000000
1.805739,960.000000
1.835338,960.000000
2.191342,960.000000
1.117992,960.000000
2.057578,960.000000
2.184064,960.000000
4.188427,960.000000
0.905619,960.000000
1.479819,960.000000
2.070841,960.000000
1.635420,960.000000
2.112087,960.000000
3.484021,960.000000
2.229838,960.000000
2.204929,960.000000
0.746460,960.000000
1.145166,960.000000
0.868903,960.000000
2.542494,960.000000
1.433722,960.000000
1.697692,960.000000
2.812449,960.000000
2.066636,960.000000
2.690169,960.000000
1.349128,960.000000
2.251512,960.000000
3.908282,960.000000
4.858382,960.000000
1.010916,960.000000
1.768052,960.000000
2.635175,960.000000
2.240675,960.000000
3.269545,960.000000
4.290813,960.000000
2.700197,960.000000
2.580828,960.000000
0.926808,960.000000
1.214878,960.000000
1.060896,960.000000
5.540467,960.000000
3.498578,960.000000
3.033557,960.000000
4.455471,960.000000
4.241965,960.000000
5.623766,960.000000
3.164733,960.000000
4.197162,960.000000
4.947019,960.000000
11.001354,960.000000
2.044962,960.000000
3.103431,960.000000
5.921380,960.000000
4.416005,960.000000
5.927526,960.000000
9.056190,960.000000
5.389719,960.000000
5.313213,960.000000
2.157699,960.000000
2.328342,960.000000
2.364573,960.000000
1.006387,960.000000
0.616416,960.000000
0.594095,960.000000
0.884430,960.000000
0.753254,960.000000
1.046015,960.000000
0.497371,960.000000
0.860653,960.000000
1.099068,960.000000
2.061298,960.000000
0.581802,960.000000
0.681277,960.000000
1.012048,960.000000
0.779457,960.000000
1.136270,960.000000
1.754627,960.000000
1.177515,960.000000
1.005417,960.000000
0.422159,960.000000
0.493812,960.000000
0.403396,960.000000
1.515242,960.000000
0.931984,960.000000
1.056205,960.000000
1.497611,960.000000
1.379698,960.000000
1.667607,960.000000
0.915162,960.000000
1.475614,960.000000
1.846984,960.000000
3.037762,960.000000
0.597492,960.000000
1.149695,960.000000
1.570074,960.000000
1.280709,960.000000
1.809782,960.000000
2.631778,960.000000
1.661946,960.000000
1.697045,960.000000
0.550747,960.000000
0.826201,960.000000
0.627577,960.000000
3.806058,960.000000
2.213340,960.000000
1.712896,960.000000
2.558184,960.000000
2.110469,960.000000
3.793119,960.000000
2.054020,960.000000
2.143465,960.000000
2.559478,960.000000
6.177587,960.000000
1.062513,960.000000
1.557296,960.000000
5.213254,960.000000
2.718960,960.000000
4.247627,960.000000
6.038970,960.000000
3.482080,960.000000
3.064450,960.000000
1.335541,960.000000
1.247713,960.000000
1.326160,960.000000
2.509336,960.000000
1.429516,960.000000
1.408813,960.000000
2.174036,960.000000
1.503111,960.000000
2.680949,960.000000
1.495185,960.000000
1.674077,960.000000
2.261055,960.000000
4.355512,960.000000
0.794823,960.000000
1.324057,960.000000
2.779615,960.000000
2.370072,960.000000
3.032263,960.000000
3.865905,960.000000
2.253938,960.000000
2.224662,960.000000
0.890738,960.000000
0.942174,960.000000
0.998138,960.000000
4.001287,960.000000
2.252483,960.000000
1.936268,960.000000
3.235902,960.000000
2.216251,960.000000
4.485232,960.000000
2.009216,960.000000
2.205414,960.000000
3.161013,960.000000
6.135371,960.000000
1.141607,960.000000
1.736188,960.000000
4.171282,960.000000
3.030807,960.000000
5.622149,960.000000
6.144914,960.000000
3.509900,960.000000
3.153735,960.000000
1.530608,960.000000
1.253536,960.000000
1.574926,960.000000
5.099546,960.000000
3.325024,960.000000
2.741928,960.000000
4.022475,960.000000
3.466552,960.000000
5.396027,960.000000
2.763602,960.000000
3.340875,960.000000
4.356482,960.000000
9.237185,960.000000
1.733438,960.000000
2.680626,960.000000
6.068408,960.000000
3.992714,960.000000
6.032985,960.000000
9.648830,960.000000
5.377750,960.000000
4.383170,960.000000
2.104808,960.000000
2.002908,960.000000
2.230162,960.000000
3.040027,960.000000
1.841970,960.000000
1.696883,960.000000
2.391099,960.000000
2.098823,960.000000
3.035174,960.000000
1.759156,960.000000
2.206061,960.000000
2.778806,960.000000
5.391660,960.000000
1.152121,960.000000
1.712087,960.000000
3.528825,960.000000
2.352766,960.000000
3.518150,960.000000
5.510382,960.000000
3.542573,960.000000
2.653938,960.000000
1.212776,960.000000
1.220054,960.000000
1.241567,960.000000
3.210993,960.000000
1.849895,960.000000
1.790858,960.000000
2.455475,960.000000
2.160125,960.000000
3.214713,960.000000
1.608731,960.000000
2.264128,960.000000
2.557698,960.000000
5.269703,960.000000
1.040516,960.000000
1.666798,960.000000
2.901572,960.000000
2.182770,960.000000
3.006707,960.000000
4.515479,960.000000
2.878927,960.000000
3.163925,960.000000
1.045368,960.000000
1.265343,960.000000
1.081923,960.000000
1.142416,960.000000
0.856448,960.000000
0.589890,960.000000
0.868417,960.000000
0.835259,960.000000
1.371287,960.000000
0.622563,960.000000
0.739505,960.000000
0.917750,960.000000
2.093486,960.000000
0.434613,960.000000
0.587140,960.000000
1.336350,960.000000
0.862433,960.000000
1.528667,960.000000
2.034772,960.000000
1.203556,960.000000
1.023209,960.000000
0.638899,960.000000
0.448847,960.000000
0.575009,960.000000
1.151312,960.000000
0.734168,960.000000
0.820540,960.000000
1.097936,960.000000
1.057823,960.000000
1.270358,960.000000
0.746137,960.000000
1.201130,960.000000
1.264858,960.000000
2.224015,960.000000
0.489930,960.000000
0.924867,960.000000
1.151474,960.000000
0.962392,960.000000
1.305780,960.000000
1.950017,960.000000
1.275695,960.000000
1.303677,960.000000
0.405013,960.000000
0.743872,960.000000
0.486048,960.000000
1.085643,960.000000
0.915324,960.000000
0.513384,960.000000
0.866962,960.000000
0.892194,960.000000
1.328101,960.000000
0.737888,960.000000
0.882489,960.000000
1.125756,960.000000
2.242940,960.000000
0.425393,960.000000
0.642943,960.000000
1.336674,960.000000
0.991345,960.000000
1.597894,960.000000
2.134408,960.000000
1.203718,960.000000
1.021430,960.000000
0.564657,960.000000
0.476182,960.000000
1.072380,960.000000
4.446840,960.000000
1.930448,960.000000
1.766894,960.000000
2.707933,960.000000
1.948081,960.000000
3.970902,960.000000
1.776439,960.000000
2.093192,960.000000
2.512995,960.000000
5.622128,960.000000
0.999601,960.000000
1.461142,960.000000
3.969931,960.000000
2.477567,960.000000
3.946474,960.000000
5.150880,960.000000
3.218491,960.000000
3.029701,960.000000
1.143418,960.000000
1.180140,960.000000
1.097474,960.000000
1.908932,960.000000
1.706876,960.000000
1.006557,960.000000
1.382034,960.000000
1.492526,960.000000
2.207728,960.000000
1.140021,960.000000
1.287558,960.000000
1.507409,960.000000
3.391104,960.000000
0.574459,960.000000
0.969996,960.000000
2.081544,960.000000
1.454671,960.000000
2.236362,960.000000
3.256185,960.000000
1.890328,960.000000
1.713185,960.000000
0.860637,960.000000
0.809516,960.000000
0.940715,960.000000
1.820118,960.000000
0.983262,960.000000
1.347415,960.000000
1.935301,960.000000
1.273646,960.000000
1.935463,960.000000
1.036809,960.000000
1.315222,960.000000
1.753144,960.000000
3.025495,960.000000
0.577856,960.000000
1.076767,960.000000
1.829015,960.000000
1.453538,960.000000
1.987877,960.000000
2.717639,960.000000
1.596223,960.000000
1.702832,960.000000
0.548737,960.000000
0.893477,960.000000
0.525280,960.000000
2.780084,960.000000
1.335443,960.000000
1.835810,960.000000
3.287083,960.000000
1.656726,960.000000
2.947520,960.000000
1.394167,960.000000
1.764468,960.000000
3.016436,960.000000
4.515918,960.000000
0.875035,960.000000
1.485893,960.000000
2.571881,960.000000
2.374193,960.000000
3.176915,960.000000
4.006815,960.000000
2.376782,960.000000
2.424667,960.000000
0.827959,960.000000
1.095047,960.000000
0.896874,960.000000
1.864120,960.000000
1.439302,960.000000
1.247600,960.000000
1.663359,960.000000
2.345074,960.000000
2.051778,960.000000
1.129667,960.000000
1.781130,960.000000
2.154990,960.000000
4.298979,960.000000
0.810002,960.000000
1.389314,960.000000
2.068926,960.000000
1.492849,960.000000
2.091251,960.000000
3.489139,960.000000
2.041263,960.000000
2.217273,960.000000
0.797545,960.000000
1.092297,960.000000
0.950098,960.000000
3.988211,960.000000
2.155152,960.000000
2.027997,960.000000
2.918724,960.000000
2.197698,960.000000
4.708914,960.000000
1.924786,960.000000
2.126194,960.000000
2.591456,960.000000
5.761577,960.000000
0.955113,960.000000
1.687302,960.000000
4.007139,960.000000
2.670078,960.000000
4.307229,960.000000
5.582655,960.000000
3.209270,960.000000
3.244375,960.000000
1.306971,960.000000
1.408889,960.000000
1.324119,960.000000
1.697655,960.000000
1.144065,960.000000
1.000248,960.000000
1.412448,960.000000
1.105724,960.000000
1.946463,960.000000
1.568883,960.000000
1.123681,960.000000
1.414227,960.000000
3.026466,960.000000
0.496808,960.000000
0.907551,960.000000
1.995319,960.000000
1.530219,960.000000
2.004055,960.000000
2.696123,960.000000
1.529734,960.000000
1.613047,960.000000
0.646610,960.000000
0.741410,960.000000
0.763896,960.000000
1.981568,960.000000
1.280926,960.000000
1.344826,960.000000
1.811706,960.000000
1.837428,960.000000
2.196080,960.000000
1.105239,960.000000
2.151916,960.000000
2.340221,960.000000
4.155324,960.000000
0.916611,960.000000
1.487187,960.000000
2.017806,960.000000
1.600267,960.000000
2.216464,960.000000
3.364088,960.000000
2.267908,960.000000
2.264025,960.000000
0.747719,960.000000
1.050074,960.000000
0.850284,960.000000
2.520275,960.000000
1.563706,960.000000
1.681639,960.000000
2.902223,960.000000
2.071676,960.000000
2.614913,960.000000
1.340620,960.000000
2.229568,960.000000
3.859925,960.000000
4.825715,960.000000
1.073855,960.000000
1.771100,960.000000
2.681078,960.000000
2.205949,960.000000
3.215579,960.000000
4.252550,960.000000
2.734302,960.000000
2.520599,960.000000
0.928906,960.000000
1.221069,960.000000
1.053471,960.000000
5.358921,960.000000
3.430415,960.000000
3.122559,960.000000
4.364336,960.000000
4.248506,960.000000
5.731487,960.000000
3.178210,960.000000
4.144809,960.000000
4.932809,960.000000
11.137484,960.000000
2.057602,960.000000
3.085513,960.000000
6.132039,960.000000
4.373071,960.000000
5.996796,960.000000
8.971656,960.000000
5.329317,960.000000
5.336920,960.000000
2.106458,960.000000
2.366752,960.000000
2.326308,960.000000
0.991512,960.000000
0.590151,960.000000
0.586916,960.000000
0.867917,960.000000
0.788648,960.000000
1.105724,960.000000
0.524309,960.000000
0.897036,960.000000
1.046515,960.000000
2.038027,960.000000
0.552296,960.000000
0.637874,960.000000
1.054442,960.000000
0.793986,960.000000
1.180626,960.000000
1.708817,960.000000
1.138888,960.000000
1.060104,960.000000
0.417538,960.000000
0.472865,960.000000
0.414626,960.000000
1.517763,960.000000
0.997498,960.000000
1.022734,960.000000
1.427816,960.000000
1.408727,960.000000
1.596546,960.000000
0.891698,960.000000
1.471172,960.000000
1.778866,960.000000
3.010288,960.000000
0.617814,960.000000
1.202465,960.000000
1.658829,960.000000
1.266042,960.000000
1.770939,960.000000
2.662313,960.000000
1.623401,960.000000
1.668536,960.000000
0.611182,960.000000
0.873579,960.000000
0.644345,960.000000
3.897942,960.000000
2.124253,960.000000
1.799734,960.000000
2.688520,960.000000
2.080574,960.000000
3.938709,960.000000
2.027836,960.000000
2.076368,960.000000
2.642415,960.000000
5.959426,960.000000
1.052339,960.000000
1.560956,960.000000
4.988298,960.000000
2.806291,960.000000
4.332466,960.000000
6.017988,960.000000
3.466167,960.000000
3.080336,960.000000
1.349032,960.000000
1.186935,960.000000
1.352268,960.000000
2.500539,960.000000
1.428949,960.000000
1.575516,960.000000
2.286188,960.000000
1.527631,960.000000
2.682211,960.000000
1.513395,960.000000
1.594282,960.000000
2.214523,960.000000
4.380351,960.000000
0.781044,960.000000
1.305192,960.000000
2.700815,960.000000
2.388430,960.000000
2.893649,960.000000
3.829349,960.000000
2.321617,960.000000
2.215170,960.000000
0.836856,960.000000
0.965628,960.000000
1.027911,960.000000
3.975269,960.000000
2.240568,960.000000
1.951155,960.000000
3.224962,960.000000
2.148034,960.000000
4.337481,960.000000
1.945978,960.000000
2.321293,960.000000
3.174003,960.000000
6.205969,960.000000
1.167199,960.000000
1.793911,960.000000
4.275198,960.000000
2.933122,960.000000
5.661115,960.000000
6.212117,960.000000
3.493022,960.000000
3.119324,960.000000
1.486378,960.000000
1.270734,960.000000
1.581501,960.000000
5.241150,960.000000
3.322027,960.000000
2.683343,960.000000
4.010374,960.000000
3.471829,960.000000
5.408748,960.000000
2.727346,960.000000
3.440283,960.000000
4.274389,960.000000
8.986701,960.000000
1.756703,960.000000
2.669916,960.000000
5.879024,960.000000
3.850865,960.000000
6.138186,960.000000
9.814821,960.000000
5.483811,960.000000
4.522389,960.000000
2.156608,960.000000
1.950831,960.000000
2.219214,960.000000
3.104279,960.000000
1.826589,960.000000
1.563221,960.000000
2.386812,960.000000
2.047734,960.000000
3.023554,960.000000
1.540411,960.000000
2.335529,960.000000
2.754524,960.000000
5.449838,960.000000
1.247277,960.000000
1.687949,960.000000
3.449343,960.000000
2.271143,960.000000
3.600439,960.000000
5.399527,960.000000
3.741992,960.000000
2.793188,960.000000
1.221069,960.000000
1.194700,960.000000
1.246953,960.000000
3.073380,960.000000
1.748776,960.000000
1.785337,960.000000
2.438903,960.000000
2.160328,960.000000
3.301320,960.000000
1.546396,960.000000
2.270173,960.000000
2.593721,960.000000
5.353259,960.000000
0.996689,960.000000
1.691993,960.000000
3.028892,960.000000
2.191712,960.000000
3.098293,960.000000
4.521418,960.000000
2.808880,960.000000
3.232566,960.000000
1.010763,960.000000
1.236761,960.000000
1.048295,960.000000
1.162831,960.000000
0.854166,960.000000
0.589989,960.000000
0.839930,960.000000
0.774573,960.000000
1.309074,960.000000
0.653081,960.000000
0.802884,960.000000
0.945083,960.000000
2.096266,960.000000
0.420127,960.000000
0.566694,960.000000
1.305677,960.000000
0.912243,960.000000
1.517115,960.000000
2.106134,960.000000
1.208613,960.000000
1.043118,960.000000
0.604387,960.000000
0.410420,960.000000
0.592416,960.000000
1.099253,960.000000
0.812428,960.000000
0.831194,960.000000
1.110901,960.000000
1.127402,960.000000
1.318942,960.000000
0.725071,960.000000
1.157330,960.000000
1.272837,960.000000
2.234097,960.000000
0.466879,960.000000
0.848828,960.000000
1.195347,960.000000
0.959966,960.000000
1.250512,960.000000
1.935624,960.000000
1.181111,960.000000
1.294515,960.000000
0.431451,960.000000
0.821973,960.000000
0.490013,960.000000
1.114946,960.000000
0.887168,960.000000
0.509264,960.000000
0.866137,960.000000
0.913699,960.000000
1.347900,960.000000
0.718761,960.000000
0.874711,960.000000
1.113651,960.000000
2.248657,960.000000
0.430319,960.000000
0.616844,960.000000
1.354694,960.000000
0.979379,960.000000
1.554809,960.000000
2.137033,960.000000
1.244688,960.000000
1.063016,960.000000
0.558282,960.000000
0.494543,960.000000
1.028073,960.000000
56.440860,960.000000
33.816079,960.000000
31.326806,960.000000
46.637682,960.000000
38.429056,960.000000
60.096061,960.000000
30.365172,960.000000
38.999316,960.000000
49.383635,960.000000
97.737746,960.000000
18.870896,960.000000
29.733548,960.000000
60.427219,960.000000
42.967513,960.000000
64.509600,960.000000
90.011919,960.000000
53.886451,960.000000
51.139163,960.000000
20.711863,960.000000
22.572726,960.000000
22.066964,960.000000
