3,20,18,3,0,0.560642
3,11,2,3,0,0.471133
3,1,20,3,3,0.438226
3,19,7,3,0,0.365190
3,20,14,0,3,0.311394
2,12,1,2,3,0.293473
0,3,1,2,3,0.255070
0,0,2,0,3,0.242199
3,18,18,2,1,0.232188
2,3,0,2,1,0.228508
0,0,1,3,1,0.198540
2,20,0,2,1,0.240210
0,0,0,2,1,0.209965
0,2,3,3,1,0.171326
0,2,1,2,1,0.160082
0,0,2,2,1,0.142247
0,2,0,2,1,0.151551
3,8,10,0,0,0.140670
0,2,2,3,0,0.141401
0,3,0,0,0,0.130285
0,3,1,3,0,0.108228
2,15,1,1,0,0.109135
3,5,20,3,3,0.105336
2,1,1,1,3,0.111577
3,1,1,1,0,0.130310
3,11,2,0,0,0.120581
3,2,11,3,3,0.128278
0,1,1,3,3,0.109533
3,19,7,3,0,0.136349
3,2,19,3,3,0.110906
0,2,1,3,3,0.098879
0,0,3,3,3,0.091946
0,1,3,0,3,0.093140
0,3,3,3,3,0.089340
3,4,8,2,2,0.082312
0,0,0,2,2,0.088827
3,20,14,3,3,0.083210
0,3,0,0,3,0.091177
0,3,2,3,3,0.085477
2,6,0,1,3,0.081625
2,9,3,3,3,0.073066
3,11,2,1,0,0.076039
3,8,11,1,1,0.088412
2,12,0,1,1,0.067269
2,17,3,3,1,0.074006
2,20,0,1,1,0.071838
3,2,7,0,2,0.083665
0,3,0,1,2,0.076335
2,1,3,3,2,0.079081
0,0,1,1,2,0.063219
2,3,3,3,2,0.060450
0,0,2,2,2,0.071163
0,1,3,3,2,0.062504
0,2,1,1,2,0.058285
0,0,2,3,2,0.048788
3,4,2,0,3,0.051725
2,18,0,2,3,0.058914
2,18,2,0,3,0.055085
2,13,2,0,3,0.050573
0,2,0,2,3,0.053856
3,3,3,0,0,0.048315
0,3,2,0,0,0.061207
3,11,2,0,0,0.051696
0,0,0,1,0,0.057916
0,3,1,2,0,0.049137
3,2,3,2,1,0.051715
0,0,2,0,1,0.059389
0,3,1,2,1,0.047260
2,5,2,1,1,0.050610
0,3,3,1,1,0.044636
0,2,2,0,1,0.042971
3,7,8,3,3,0.046307
0,2,3,1,3,0.045544
0,2,3,3,3,0.036752
3,19,3,3,1,0.039031
0,2,3,3,1,0.036938
0,1,1,2,1,0.035927
0,0,3,3,1,0.036555
0,3,2,2,1,0.035135
0,1,0,1,1,0.041268
2,17,0,3,1,0.043898
2,20,1,0,1,0.044153
2,2,0,3,1,0.044764
2,12,1,0,1,0.038404
2,12,3,2,1,0.046578
2,3,2,1,1,0.035788
3,8,3,1,0,0.038143
0,0,1,0,0,0.036981
2,19,3,1,0,0.035843
3,18,6,2,0,0.038631
2,1,2,1,0,0.033049
2,1,2,1,0,0.033165
0,2,3,2,0,0.034769
3,7,2,1,3,0.030796
3,11,8,1,3,0.029312
0,2,0,3,3,0.032200
2,16,2,1,3,0.028971
2,14,1,2,3,0.029482
0,0,2,0,3,0.031321
2,20,0,0,3,0.035702
0,0,2,2,3,0.034426
0,2,2,1,3,0.029219
3,11,1,2,0,0.029783
0,0,1,3,0,0.028179
0,0,0,0,0,0.032807
2,15,1,2,0,0.027057
0,3,1,2,0,0.032536
0,3,1,2,0,0.044684
0,3,1,2,0,0.030673
2,12,3,3,0,0.029216
3,8,11,3,3,0.027781
3,0,7,2,1,0.024136
0,2,3,3,1,0.027274
0,2,3,3,1,0.026200
3,7,2,2,3,0.027000
0,2,1,2,3,0.023368
0,2,1,2,3,0.025694
2,20,3,1,3,0.029958
3,2,10,2,0,0.030533
2,10,3,3,0,0.029785
3,4,8,1,2,0.025040
0,3,3,2,2,0.022084
2,14,1,3,2,0.027230
3,8,3,1,0,0.028817
2,1,3,3,0,0.021630
0,0,3,1,0,0.025696
2,12,1,3,0,0.021800
0,2,3,3,0,0.021966
2,3,0,3,0,0.020977
2,3,0,3,0,0.021914
2,6,3,1,0,0.028066
0,3,0,3,0,0.025233
3,18,6,2,0,0.021486
0,1,1,3,0,0.023292
2,18,2,3,0,0.023362
2,18,1,2,0,0.021065
2,19,3,3,0,0.026818
0,1,0,1,0,0.023782
0,0,2,3,0,0.020029
0,1,3,3,0,0.021088
0,3,1,2,0,0.019809
0,3,1,2,0,0.022271
2,15,1,1,0,0.023198
2,9,3,3,0,0.022348
2,14,3,0,0,0.021691
3,3,3,3,3,0.020431
0,3,2,2,3,0.023709
0,2,3,3,3,0.021498
2,15,1,2,3,0.019583
2,15,1,2,3,0.019908
2,5,3,0,3,0.021401
0,2,1,2,3,0.019609
2,17,1,0,3,0.021205
2,7,2,0,3,0.019715
0,1,2,3,3,0.018043
0,3,2,0,3,0.021209
0,2,1,0,3,0.021170
0,1,3,0,3,0.021127
3,4,8,0,2,0.017361
0,2,3,3,2,0.021225
2,16,0,0,2,0.018531
3,4,2,1,3,0.022644
0,2,0,0,3,0.022181
0,2,1,3,3,0.017282
0,2,1,2,3,0.017462
2,1,1,0,3,0.016180
0,1,1,0,3,0.018244
0,3,1,2,3,0.017864
0,1,3,3,3,0.020854
0,3,1,1,3,0.021419
3,0,10,0,3,0.015222
2,1,3,1,3,0.019356
0,3,1,1,3,0.021688
2,20,3,1,3,0.022514
0,3,1,1,3,0.019543
0,3,3,1,3,0.020286
0,2,2,3,3,0.016491
0,2,2,3,3,0.018606
2,3,0,2,3,0.015643
2,3,0,2,3,0.015357
2,6,3,0,3,0.019594
2,6,1,3,3,0.019057
0,0,3,0,3,0.014045
3,18,6,2,0,0.016744
2,14,0,0,0,0.014913
2,11,1,2,0,0.017120
2,6,3,0,0,0.018758
3,4,2,2,3,0.017934
0,1,3,0,3,0.016827
0,2,1,2,3,0.015303
0,2,0,0,3,0.015541
3,3,3,0,2,0.017444
2,3,1,3,2,0.015707
2,16,3,0,2,0.017102
0,0,1,3,2,0.016161
2,8,0,2,2,0.014597
3,8,4,3,1,0.015280
2,20,3,0,1,0.019504
0,1,0,0,1,0.016386
2,15,3,0,1,0.015037
2,18,1,3,1,0.013565
0,3,1,3,1,0.013147
3,3,3,2,2,0.013351
3,8,4,1,1,0.014792
2,18,3,2,1,0.018777
0,2,2,3,1,0.014634
0,0,1,3,1,0.014667
0,0,1,0,1,0.013686
0,3,0,2,1,0.013095
0,3,0,2,1,0.013577
3,0,7,0,1,0.012813
0,3,3,0,1,0.014410
3,0,7,0,1,0.015375
0,1,3,2,1,0.014905
0,2,2,0,1,0.014779
0,0,0,3,1,0.015350
0,0,2,0,1,0.013657
0,3,2,3,1,0.016123
2,6,0,0,1,0.013048
2,19,2,2,1,0.016448
0,0,2,0,1,0.014524
2,14,2,2,1,0.014311
0,0,2,2,1,0.015858
0,0,2,0,1,0.013447
2,20,0,0,1,0.014706
0,2,3,1,1,0.014586
0,1,1,1,1,0.012243
3,3,3,0,2,0.012526
0,3,0,2,2,0.012665
0,0,2,0,2,0.012034
0,3,0,2,2,0.012300
0,3,2,0,2,0.014455
0,0,2,0,2,0.013565
3,0,10,0,0,0.011918
2,0,0,0,0,0.014056
2,14,0,0,0,0.013520
2,12,2,2,0,0.012382
2,12,2,2,0,0.012727
2,12,3,3,0,0.015765
0,2,1,1,0,0.012828
0,3,3,3,0,0.012970
0,3,3,3,0,0.015470
2,12,3,3,0,0.013653
0,3,3,3,0,0.013188
0,3,3,3,0,0.012600
0,3,3,3,0,0.011362
2,17,2,2,0,0.010960
0,2,1,2,0,0.014243
0,3,2,2,0,0.011483
0,3,3,2,0,0.012426
0,2,1,0,0,0.010754
0,3,2,3,0,0.011087
0,1,1,3,0,0.012584
2,14,0,3,0,0.011058
2,17,0,0,0,0.010828
2,11,1,0,0,0.012365
2,6,0,0,0,0.014721
0,3,1,0,0,0.014389
0,2,0,0,0,0.013352
2,7,0,3,0,0.010650
2,12,1,1,0,0.011464
2,9,1,0,0,0.013171
2,18,1,2,0,0.013147
0,0,1,0,0,0.013431
2,16,1,2,0,0.012387
0,3,1,1,0,0.012977
0,3,1,2,0,0.013288
0,3,1,2,0,0.016193
0,3,1,2,0,0.012426
0,3,1,2,0,0.014212
0,3,1,2,0,0.013756
0,2,0,0,0,0.012941
3,3,3,3,2,0.012381
3,3,3,3,2,0.012809
2,15,3,0,2,0.013346
2,6,1,2,2,0.012355
3,18,6,0,0,0.012512
0,0,3,3,0,0.010396
0,0,1,0,0,0.010210
2,15,3,3,0,0.010408
3,4,2,3,3,0.010460
3,2,4,3,1,0.011346
3,4,2,0,3,0.012755
2,18,1,2,3,0.013792
3,4,2,0,3,0.012961
3,4,8,3,2,0.011975
3,8,4,0,1,0.012238
2,1,1,2,1,0.013196
2,15,3,0,1,0.011577
3,0,7,3,1,0.010309
0,2,3,1,1,0.010370
0,2,3,3,1,0.012626
0,2,3,3,1,0.013353
0,2,3,3,1,0.010620
2,11,1,3,1,0.011335
2,6,1,2,1,0.013292
0,0,3,2,1,0.012430
0,3,1,2,1,0.012269
0,3,1,2,1,0.012058
0,0,3,2,1,0.011555
0,3,3,3,1,0.010122
0,3,1,3,1,0.010498
0,2,0,2,1,0.010781
2,1,3,3,1,0.010797
0,0,3,3,1,0.009811
0,3,3,3,1,0.010137
2,14,2,0,1,0.009322
2,9,1,0,1,0.011515
2,6,0,0,1,0.012091
0,3,1,0,1,0.012609
2,20,0,0,1,0.012009
2,3,1,1,1,0.011375
2,6,0,0,1,0.011197
0,3,1,1,1,0.012005
3,8,3,0,0,0.011320
2,8,0,2,0,0.010445
2,6,3,0,0,0.010543
3,4,2,2,3,0.011541
2,4,3,0,3,0.010846
0,1,0,3,3,0.009759
2,17,3,3,3,0.008780
0,2,1,3,3,0.009831
0,1,3,0,3,0.008949
0,1,3,0,3,0.009410
0,0,3,3,3,0.008894
0,2,2,0,3,0.008808
0,2,3,0,3,0.008820
0,2,1,1,3,0.008324
0,1,0,2,3,0.009895
0,3,1,2,3,0.011255
0,3,1,2,3,0.011183
2,1,2,0,3,0.010549
0,2,1,1,3,0.009653
0,2,2,0,3,0.010717
0,2,2,0,3,0.009399
0,3,1,2,3,0.010595
0,3,1,2,3,0.009712
0,2,0,0,3,0.009579
3,3,3,1,2,0.010565
3,3,3,0,2,0.010756
0,1,0,0,2,0.010497
2,13,1,0,2,0.010786
2,6,1,2,2,0.010510
2,2,1,0,2,0.010854
0,3,1,2,2,0.010733
2,10,3,2,2,0.009288
3,0,10,1,0,0.009040
0,3,1,1,0,0.009296
2,3,0,2,0,0.009083
3,3,3,0,2,0.010606
0,0,0,2,2,0.009017
3,8,3,0,0,0.008564
0,3,1,0,0,0.010040
0,3,1,0,0,0.010328
3,8,3,0,0,0.011363
3,3,3,2,2,0.010756
3,4,8,0,2,0.011127
2,0,2,0,2,0.008331
2,16,0,2,2,0.009073
3,4,8,2,2,0.011757
2,18,1,0,2,0.012036
3,4,8,2,2,0.009953
0,1,1,3,2,0.010220
0,1,3,1,2,0.008010
0,1,1,3,2,0.008148
0,1,3,0,2,0.008669
0,0,0,2,2,0.008408
2,15,2,3,2,0.009628
3,4,8,0,2,0.010234
0,0,2,3,2,0.009679
2,3,1,0,2,0.008407
3,3,3,3,2,0.008890
0,2,1,0,2,0.008664
3,3,3,0,2,0.009416
2,10,2,2,2,0.009967
2,11,3,2,2,0.010199
2,6,2,2,2,0.010027
0,0,3,2,2,0.010152
2,20,2,2,2,0.009566
2,9,3,0,2,0.009566
0,1,1,0,2,0.009175
2,3,1,3,2,0.008447
0,3,1,3,2,0.008879
0,3,1,2,2,0.010005
0,3,1,2,2,0.009795
2,9,1,0,2,0.011727
0,2,2,2,2,0.009589
0,2,3,0,2,0.008183
0,2,3,3,2,0.009266
0,2,3,3,2,0.009512
3,3,3,3,2,0.007588
0,3,3,3,2,0.007646
0,3,3,3,2,0.009709
0,3,3,2,2,0.008555
0,3,1,2,2,0.009012
3,3,3,0,2,0.008745
0,3,1,0,2,0.009229
0,2,3,3,2,0.007592
0,2,1,2,2,0.007515
2,17,2,2,2,0.010112
2,17,2,2,2,0.007473
0,3,1,0,2,0.008967
0,0,2,0,2,0.009266
0,0,2,0,2,0.007925
2,14,2,0,2,0.009453
0,0,2,2,2,0.007994
0,0,2,2,2,0.010697
0,1,3,3,2,0.008419
0,2,2,0,2,0.008885
3,0,7,0,1,0.007892
0,0,2,0,1,0.007517
0,2,2,3,1,0.007965
0,2,2,3,1,0.008386
0,3,2,0,1,0.008530
0,0,2,0,1,0.008148
3,0,7,0,1,0.009384
0,2,2,0,1,0.009805
2,6,3,0,1,0.008523
0,0,1,0,1,0.009765
2,4,3,0,1,0.008524
0,0,1,1,1,0.009804
0,0,1,1,1,0.009011
2,7,2,3,1,0.008867
2,8,1,1,1,0.008164
2,5,2,0,1,0.007094
0,0,2,0,1,0.006674
0,3,2,0,1,0.007082
3,4,8,1,2,0.010773
2,6,0,0,2,0.009859
0,0,1,1,2,0.009490
0,0,1,1,2,0.008148
0,0,2,1,2,0.007383
0,2,0,1,2,0.007706
2,15,0,3,2,0.007600
2,1,0,0,2,0.009093
2,9,1,0,2,0.008901
2,10,0,0,2,0.008489
0,2,1,0,2,0.009001
0,1,0,0,2,0.008758
2,2,3,2,2,0.008880
3,2,4,1,1,0.009090
3,4,2,3,3,0.008007
3,2,4,0,1,0.007904
3,8,4,3,1,0.007671
0,3,2,1,1,0.009663
3,4,2,2,3,0.009405
2,6,2,0,3,0.009105
2,19,3,2,3,0.008859
2,18,0,1,3,0.008369
3,18,6,2,0,0.009137
2,6,3,0,0,0.008006
0,2,3,2,0,0.009601
2,4,0,1,0,0.008394
3,4,2,2,3,0.008969
0,1,0,1,3,0.007248
0,0,1,1,3,0.007294
0,1,0,1,3,0.007682
3,18,6,3,0,0.006662
2,18,0,2,0,0.007083
2,18,0,2,0,0.007298
0,3,0,3,0,0.009182
2,6,3,0,0,0.006823
0,3,3,0,0,0.006613
0,3,0,1,0,0.006891
3,18,6,0,0,0.008601
0,3,3,3,0,0.008884
0,3,3,3,0,0.007133
0,3,3,2,0,0.007088
0,3,2,3,0,0.007083
2,3,2,2,0,0.006724
3,3,3,2,2,0.007379
2,14,3,0,2,0.006877
0,3,3,2,2,0.008093
2,14,0,2,2,0.008240
3,3,3,2,2,0.006694
0,3,2,1,2,0.007221
2,4,0,2,2,0.008467
0,0,2,0,2,0.007553
0,3,2,2,2,0.009189
0,0,2,2,2,0.009172
0,2,0,2,2,0.008037
0,3,2,0,2,0.008810
3,3,3,2,2,0.008226
0,2,0,2,2,0.008087
3,3,3,2,2,0.009801
2,14,3,0,2,0.009098
2,14,0,2,2,0.010009
2,7,2,1,2,0.006173
0,0,1,1,2,0.007586
2,14,3,0,2,0.007504
0,3,2,3,2,0.008659
0,0,2,0,2,0.007101
3,2,4,0,2,0.006668
0,3,3,0,2,0.006291
0,3,2,1,2,0.007069
0,3,0,2,2,0.007518
2,7,3,0,2,0.007093
0,0,1,3,2,0.008302
0,0,1,0,2,0.008545
2,7,2,2,2,0.008655
1,0.500000
1,0.400000
1,0.400000
1,0.400000
0,0.200000
1,0.400000
1,0.400000
0,0.200000
1,0.500000
1,0.500000
1,0.400000
1,0.300000
1,0.500000
1,0.400000
1,0.300000
0,0.300000
1,0.500000
0,0.300000
1,0.300000
0,0.300000
1,0.100000
0,0.400000
1,0.100000
0,0.400000
0,0.600000
0,0.500000
1,0.500000
1,0.500000
1,0.100000
1,0.400000
1,0.100000
1,0.400000
0,0.200000
1,0.300000
0,0.900000
0,0.600000
1,0.200000
0,0.500000
1,0.200000
0,0.500000
1,0.200000
0,0.500000
0,0.400000
0,0.500000
1,0.200000
0,0.500000
1,0.200000
0,0.500000
1,0.200000
1,0.100000
1,0.200000
0,0.500000
1,0.200000
0,0.200000
1,0.100000
1,0.200000
0,0.900000
1,0.200000
1,0.200000
0,0.900000
1,0.200000
1,0.200000
0,0.300000
0,0.400000
0,0.400000
1,0.200000
0,0.500000
1,0.200000
1,0.100000
1,0.200000
0,0.300000
1,0.500000
1,0.100000
1,0.200000
1,0.500000
0,0.400000
1,0.100000
1,0.200000
1,0.200000
0,0.800000
1,0.500000
0,0.400000
1,0.500000
0,0.400000
0,0.200000
1,0.200000
1,0.200000
0,0.400000
1,0.900000
0,0.200000
1,0.200000
1,0.200000
0,0.200000
1,0.200000
1,0.200000
1,0.500000
1,0.100000
0,0.400000
1,0.200000
1,0.400000
1,0.300000
1,0.200000
0,0.500000
1,0.700000
1,0.400000
0,0.400000
1,0.500000
0,0.400000
1,0.500000
1,0.200000
1,0.200000
1,0.200000
1,0.200000
0,0.400000
1,0.200000
0,0.300000
1,0.500000
0,0.600000
1,0.200000
1,0.300000
0,0.600000
1,0.200000
0,0.900000
1,0.500000
1,0.300000
1,0.500000
0,0.900000
1,0.300000
1,0.600000
1,0.600000
0,0.600000
1,0.600000
0,0.400000
0,0.900000
1,0.300000
0,0.400000
1,0.600000
0,0.600000
1,0.300000
1,0.100000
0,0.400000
1,0.200000
1,0.900000
0,0.400000
1,0.200000
0,0.400000
1,0.200000
0,0.400000
0,0.300000
0,0.300000
1,0.200000
0,0.300000
0,0.100000
1,0.100000
1,0.400000
1,0.200000
0,0.300000
1,0.200000
0,0.700000
1,0.500000
0,0.700000
1,0.900000
0,0.700000
0,0.100000
0,0.300000
0,0.200000
0,0.100000
0,0.400000
1,0.600000
0,0.200000
0,0.200000
0,0.600000
1,0.900000
0,0.600000
1,0.900000
0,0.600000
1,0.500000
0,0.300000
0,0.900000
0,0.900000
0,0.400000
1,0.700000
0,0.400000
1,0.700000
1,0.400000
1,0.700000
0,0.400000
1,0.900000
0,0.400000
1,0.700000
1,0.400000
0,0.200000
1,0.700000
0,0.500000
1,0.700000
0,0.900000
0,0.100000
0,0.500000
0,0.300000
0,0.500000
0,0.100000
0,0.100000
0,0.900000
1,0.900000
0,0.200000
1,0.500000
0,0.400000
0,0.200000
0,0.900000
1,0.600000
1,0.200000
0,0.500000
1,0.200000
0,0.200000
1,0.900000
1,0.400000
1,0.200000
1,0.100000
0,0.700000
1,0.300000
0,0.500000
1,0.300000
1,0.200000
1,0.200000
0,0.700000
1,0.500000
0,0.500000
0,0.100000
0,0.900000
0,0.100000
1,0.400000
1,0.100000
1,0.200000
0,0.700000
0,0.700000
0,0.700000
1,0.200000
1,0.200000
1,0.600000
0,0.300000
1,0.600000
0,0.300000
1,0.400000
1,0.400000
0,0.300000
1,0.100000
1,0.200000
0,0.300000
1,0.200000
0,0.100000
0,0.100000
1,0.300000
0,0.900000
1,0.500000
0,0.700000
1,0.400000
0,0.700000
1,0.400000
0,0.700000
1,0.500000
0,0.200000
1,0.900000
1,0.200000
1,0.900000
1,0.200000
1,0.900000
1,0.200000
0,0.400000
1,0.500000
0,0.900000
1,0.700000
1,0.400000
1,0.200000
1,0.300000
1,0.900000
0,0.900000
1,0.900000
1,0.200000
0,0.200000
0,0.300000
0,0.300000
0,0.300000
1,0.900000
0,0.900000
1,0.900000
0,0.300000
1,0.900000
0,0.900000
1,0.900000
0,0.300000
0,0.100000
0,0.400000
1,0.300000
0,0.400000
1,0.300000
0,0.900000
1,0.900000
0,0.900000
1,0.700000
0,0.100000
0,0.300000
1,0.300000
1,0.300000
1,0.400000
0,0.400000
1,0.400000
1,0.100000
1,0.900000
0,0.400000
1,0.900000
0,0.400000
1,0.900000
0,0.400000
1,0.900000
0,0.400000
1,0.400000
0,0.700000
1,0.400000
0,0.700000
1,0.500000
1,0.200000
0,0.300000
1,0.200000
0,0.100000
1,0.200000
1,0.300000
0,0.200000
0,0.300000
1,0.400000
0,0.900000
1,0.700000
0,0.500000
1,0.900000
0,0.500000
1,0.900000
0,0.900000
1,0.700000
1,0.100000
0,0.100000
1,0.400000
0,0.400000
1,0.400000
0,0.900000
1,0.400000
0,0.900000
1,0.900000
0,0.100000
0,0.100000
0,0.500000
1,0.100000
0,0.500000
1,0.100000
0,0.200000
1,0.400000
0,0.300000
1,0.900000
0,0.300000
1,0.100000
1,0.300000
1,0.900000
0,0.300000
1,0.900000
1,0.300000
1,0.300000
0,0.900000
1,0.200000
1,0.300000
1,0.300000
0,0.400000
1,0.300000
0,0.300000
0,0.100000
0,0.300000
1,0.100000
0,0.600000
1,0.900000
0,0.600000
1,0.900000
0,0.600000
1,0.900000
0,0.100000
0,0.100000
0,0.100000
0,0.400000
1,0.200000
1,0.800000
0,0.600000
1,0.900000
1,0.200000
0,0.400000
1,0.300000
0,0.300000
1,0.100000
1,0.400000
0,0.900000
1,0.800000
0,0.100000
1,0.300000
0,0.300000
1,0.300000
1,0.300000
1,0.400000
0,0.500000
1,0.200000
1,0.100000
1,0.300000
0,0.500000
1,0.600000
0,0.500000
1,0.900000
0,0.100000
0,0.300000
1,0.200000
1,0.100000
1,0.200000
0,0.400000
1,0.900000
0,0.400000
1,0.900000
0,0.400000
1,0.900000
0,0.400000
1,0.100000
0,0.300000
0,0.100000
0,0.100000
0,0.300000
1,0.900000
0,0.400000
1,0.900000
0,0.400000
1,0.300000
0,0.600000
1,0.500000
0,0.400000
1,0.800000
0,0.400000
1,0.900000
0,0.400000
1,0.900000
0,0.700000
1,0.500000
1,0.200000
1,0.500000
0,0.700000
1,0.900000
0,0.500000
1,0.900000
0,0.600000
1,0.900000
1,0.200000
1,0.900000
0,0.600000
1,0.400000
0,0.600000
1,0.900000
1,0.100000
1,0.500000
1,0.400000
1,0.300000
1,0.500000
1,0.200000
1,0.200000
1,0.900000
0,0.400000
1,0.600000
0,0.300000
0,0.100000
1,0.100000
1,0.300000
1,0.300000
0,0.400000
1,0.400000
1,0.300000
1,0.400000
1,0.200000
1,0.300000
1,0.200000
1,0.100000
1,0.300000
1,0.300000
1,0.100000
0,0.900000
0,0.900000
1,0.400000
0,0.400000
1,0.400000
1,0.200000
0,0.200000
0,0.400000
1,0.100000
1,0.200000
0,0.400000
0,0.400000
1,0.200000
1,0.400000
1,0.900000
0,0.400000
0,0.200000
1,0.300000
1,0.950160
0,0.760229
1,1.168259
0,1.342477
1,1.011320
0,1.012038
0,1.521276
0,1.042834
0,1.521276
0,1.062038
0,1.066635
0,1.116635
0,1.066635
0,1.132912
0,1.378766
0,1.378766
0,1.132912
0,1.378766
0,1.241835
0,1.132912
0,1.132912
0,1.132912
1,0.969963
0,1.241835
1,1.515807
1,0.760229
0,1.193634
0,1.132912
1,1.392477
0,1.114747
0,1.132912
0,1.132912
1,0.760229
0,1.132912
0,1.111412
1,0.760229
0,1.011320
1,0.700833
1,0.820844
1,0.700833
0,1.212590
1,0.760229
0,1.212590
0,1.004370
0,0.926464
0,1.004743
0,0.926464
1,0.650833
0,0.840426
1,0.650833
0,1.156560
1,0.650833
0,0.890426
1,1.250655
1,1.250655
0,0.890426
1,0.760229
1,1.250655
1,1.250655
1,0.760229
1,1.625483
0,1.156560
1,0.760229
0,1.156560
1,0.650833
0,1.156560
1,0.650833
0,1.176537
0,1.176537
0,1.252989
0,1.098808
0,1.048808
1,0.650833
0,1.252989
0,1.003161
1,0.650833
0,1.252989
0,1.252989
0,1.252989
1,0.650833
0,1.176537
1,0.650833
0,1.176537
0,1.357246
0,1.252989
1,1.154370
0,1.226537
1,0.650833
1,0.992607
1,0.650833
1,0.874145
1,1.154370
0,1.357246
1,1.154370
0,1.357246
1,1.526537
1,0.842607
1,0.842607
1,0.842607
1,0.842607
1,0.992607
1,0.842607
1,0.842607
1,0.874145
1,1.307655
0,1.237305
1,0.874145
1,0.874145
1,0.874145
1,1.307655
0,1.224021
1,0.874145
1,1.307655
0,1.004370
0,1.004370
1,1.061412
1,1.083063
1,1.061412
1,1.033063
0,0.755173
1,1.061412
1,1.526537
1,1.307655
1,1.526537
1,1.307655
1,1.435709
1,1.307655
1,1.307655
1,1.307655
1,0.965612
0,1.542123
1,1.340426
1,0.850833
0,0.909229
0,1.542123
0,1.542123
1,1.240426
0,1.542123
1,0.965612
0,1.542123
0,1.542123
1,0.965612
1,1.240426
0,1.542123
1,0.965612
0,1.542123
1,0.965612
0,1.261412
0,1.261412
0,1.036590
1,0.965612
0,1.261412
1,0.965612
1,0.874145
0,1.261412
1,1.435709
0,1.261412
1,1.340426
0,1.261412
1,1.340426
0,1.036590
1,1.240426
1,0.600833
1,0.965612
1,0.965612
1,0.965612
1,1.307655
1,0.965612
1,0.965612
1,0.600833
1,0.965612
1,1.307655
0,0.724145
1,0.600833
1,1.240426
1,1.307655
0,0.724145
1,1.307655
1,1.307655
0,1.257655
0,1.657655
1,1.240426
1,0.850833
1,0.850833
0,1.657655
1,1.340426
0,1.657655
1,1.240426
0,1.657655
0,0.724145
0,1.657655
0,1.657655
0,0.724145
1,1.307655
0,0.724145
1,1.307655
1,1.435709
1,1.307655
1,1.435709
1,1.307655
1,0.874145
1,1.307655
1,1.307655
1,1.435709
1,0.600833
1,0.874145
1,0.961412
0,0.724145
1,0.874145
1,0.874145
1,0.874145
1,0.961412
0,0.724145
1,0.961412
0,1.257655
1,0.961412
0,1.257655
1,1.061412
1,0.961412
0,1.257655
1,0.961412
0,1.257655
0,1.257655
1,1.061412
1,0.961412
0,1.257655
1,0.956140
0,1.257655
1,0.956140
1,0.956140
1,0.956140
1,1.461412
1,0.956140
1,0.956140
0,0.865321
0,1.676537
0,0.840426
1,0.874145
1,1.461412
1,0.774145
1,0.874145
0,1.676537
1,0.774145
0,1.040426
1,0.774145
1,0.774145
0,1.040426
0,0.840426
0,0.840426
1,0.774145
0,1.040426
0,0.840426
1,0.774145
0,1.040426
1,0.774145
1,1.435709
0,1.676537
1,1.435709
1,0.774145
0,1.040426
0,1.040426
1,1.435709
1,0.961412
1,1.435709
1,0.961412
1,1.435709
1,0.961412
1,1.307655
0,1.040426
1,0.961412
1,1.435709
1,0.961412
0,1.657655
1,1.307655
1,1.435709
1,0.961412
0,0.700833
0,1.040426
0,1.040426
1,0.774145
0,1.040426
1,0.996987
1,1.240426
1,0.961412
0,0.840426
1,0.961412
1,1.435709
0,1.676537
1,0.874145
1,0.774145
1,1.240426
1,1.061412
1,1.340426
1,1.340426
1,1.340426
0,1.676537
1,1.240426
0,1.676537
1,1.240426
0,1.676537
0,1.676537
1,1.240426
0,1.676537
1,1.340426
0,1.657655
1,1.340426
0,1.676537
1,1.240426
0,1.676537
1,1.240426
0,1.676537
1,1.340426
0,1.676537
1,1.340426
0,1.676537
1,1.340426
0,1.261412
1,1.340426
0,1.657655
1,1.461412
0,1.657655
0,1.657655
1,1.461412
0,1.657655
0,1.657655
0,1.407655
0,1.657655
0,1.657655
1,1.461412
0,1.261412
1,1.461412
0,1.261412
1,1.461412
0,1.261412
1,1.461412
0,1.261412
1,1.461412
0,1.657655
0,1.657655
1,1.707655
0,1.261412
1,1.461412
0,1.261412
1,1.461412
0,1.261412
1,1.461412
1,1.006140
0,0.865321
0,0.865321
0,1.407655
1,1.307655
1,1.526537
0,1.261412
1,1.707655
0,1.676537
1,1.707655
0,1.261412
0,0.865321
1,1.111412
1,1.461412
0,0.974145
1,1.461412
0,0.974145
1,1.435709
0,1.261412
1,1.435709
0,1.261412
1,1.435709
0,1.261412
0,0.700833
1,1.307655
0,1.407655
1,1.307655
1,1.707655
0,1.074145
1,1.340426
0,1.074145
0,0.700833
0,1.074145
0,0.700833
0,1.074145
0,0.700833
0,1.407655
0,1.407655
0,1.407655
1,1.340426
0,1.074145
0,1.407655
0,0.974145
0,1.657655
0,1.407655
1,1.307655
1,1.307655
1,1.707655
1,1.307655
1,1.707655
0,1.074145
0,0.700833
1,0.874145
1,0.874145
1,0.874145
0,0.700833
0,0.974145
1,0.874145
1,0.874145
0,0.974145
0,0.974145
1,0.874145
0,0.974145
1,0.874145
0,1.074145
0,1.074145
0,0.700833
0,0.700833
0,1.074145
0,1.074145
1,1.340426
0,0.900833
0,0.700833
0,1.050833
1,1.340426
0,1.050833
0,0.700833
0,0.974145
1,1.461412
1,1.461412
0,1.657655
1,1.461412
0,0.900833
1,1.461412
0,1.074145
0,0.700833
0,1.050833
0,0.700833
1,0.946987
1,1.461412
1,0.946987
1,1.461412
1,0.946987
1,1.461412
1,0.946987
0,0.990426
1,1.046987
1,1.435709
0,0.900833
1,1.240426
0,0.900833
0,0.840426
0,0.900833
0,0.700833
0,1.036590
1,1.461412
0,1.074145
0,0.840426
0,1.676537
1,0.850833
0,1.676537
1,0.850833
0,1.657655
0,0.900833
1,1.240426
1,0.850833
0,1.657655
0,1.036590
0,1.050833
1,1.240426
0,1.676537
0,1.657655
1,1.526537
0,1.657655
0,1.407655
1,1.307655
1,1.707655
1,1.307655
1,1.307655
0,1.257655
0,1.074145
0,1.257655
0,1.036590
0,1.657655
0,0.974145
0,1.657655
0,1.657655
1,1.707655
1,1.707655
0,1.074145
1,1.461412
0,1.036590
0,1.036590
0,1.676537
1,1.461412
0,1.036590
0,1.036590
1,1.111412
1,1.461412
0,1.676537
1,1.461412
1,0.936590
1,1.461412
1,0.936590
1,2
1,1
0,0
0,1
0,0
0,1
1,1
1,1
1,1
1,1
0,0
0,0
1,1
1,1
0,2
1,1
1,1
1,1
1,1
0,2
0,2
0,2
1,1
1,1
0,0
1,1
1,1
0,0
1,1
0,0
1,1
0,0
0,1
0,0
0,1
0,1
0,0
0,1
0,1
0,1
0,1
0,0
1,2
1,1
1,2
0,0
1,1
0,1
1,1
0,1
1,3
0,1
0,0
0,0
0,0
0,0
0,1
1,0
0,0
0,1
1,3
1,3
0,4
1,1
0,4
1,1
0,1
1,3
1,3
0,0
0,2
1,1
0,1
0,0
1,1
0,1
0,0
0,1
0,0
0,1
1,3
0,1
1,2
1,1
0,2
0,1
0,0
0,1
1,2
0,1
0,0
1,1
1,1
0,1
0,4
0,1
0,1
0,1
1,1
0,1
1,4
1,1
1,1
1,1
0,4
0,4
1,2
1,1
1,0
1,1
1,0
1,0
1,2
1,2
0,0
0,1
1,2
0,1
0,0
1,0
0,4
0,1
0,4
1,3
0,2
1,2
0,3
0,1
0,1
1,3
0,3
1,2
0,3
1,0
1,0
0,1
1,2
0,1
1,2
0,1
0,1
0,1
0,1
0,3
0,1
1,2
0,1
0,3
1,2
0,3
0,1
0,0
1,1
0,0
0,3
1,1
0,3
1,1
0,3
1,1
0,3
1,3
0,1
1,1
1,1
1,1
0,2
1,2
1,4
0,2
1,2
0,2
1,3
0,1
1,3
0,2
1,2
0,2
0,1
1,2
0,2
1,1
0,2
1,2
0,4
1,3
0,3
1,2
0,4
1,0
0,1
1,0
1,4
0,4
1,2
0,1
1,0
0,1
1,2
0,4
1,0
1,2
0,1
1,2
0,1
1,2
0,3
0,2
0,2
0,0
0,2
0,3
1,2
0,3
1,2
0,3
1,2
0,1
0,3
1,2
0,1
0,1
1,0
0,2
0,1
1,3
0,2
1,2
0,2
0,2
0,2
1,3
0,2
0,3
1,2
0,3
0,2
1,1
0,0
0,2
0,0
0,2
1,1
1,1
0,2
1,1
1,1
0,2
1,2
0,3
0,0
1,3
0,2
0,1
0,2
1,3
0,4
0,0
0,2
0,0
0,3
0,0
0,2
0,0
0,4
0,0
0,3
0,1
0,1
0,4
0,0
0,3
0,2
0,1
0,0
0,2
1,3
1,2
1,2
1,2
1,1
0,0
0,1
0,2
1,3
1,0
0,1
0,2
0,1
0,0
1,1
1,1
1,1
1,1
1,3
0,3
1,4
0,4
1,1
0,4
1,0
1,1
1,0
1,1
1,0
0,0
1,0
0,0
0,4
1,4
0,1
1,4
0,4
1,4
0,4
1,3
0,4
1,4
0,2
1,0
1,1
0,2
1,0
0,2
1,0
1,0
1,0
1,0
1,4
0,2
1,4
0,2
1,4
0,3
1,4
0,3
1,4
0,3
1,0
1,4
0,4
1,4
0,4
1,4
0,2
1,0
0,1
0,1
0,1
1,3
0,2
1,3
0,3
1,3
0,3
1,3
0,3
1,3
0,3
1,3
0,2
0,0
0,2
1,3
0,1
0,0
0,1
0,0
0,2
0,1
0,1
1,3
0,2
0,0
0,2
1,3
0,4
0,0
0,1
0,0
0,1
0,1
1,3
0,0
1,4
0,0
0,4
1,4
0,4
0,1
0,1
0,1
0,1
1,4
0,4
1,4
0,4
0,1
0,1
1,1
0,2
1,4
0,4
0,1
0,1
1,0
0,4
0,0
0,4
0,0
0,1
0,1
1,2
0,0
1,0
0,4
0,0
0,4
0,0
0,4
0,0
0,1
1,1
0,1
1,2
0,1
1,0
0,0
0,4
0,0
0,3
0,0
0,3
0,0
0,3
0,0
0,2
1,4
0,4
1,4
0,4
1,2
0,1
1,2
0,4
1,2
0,4
1,2
0,2
1,4
0,2
1,4
0,4
1,4
0,2
1,2
0,2
0,1
1,0
0,2
1,4
0,0
0,1
0,1
0,4
1,4
0,1
0,1
0,1
0,1
0,0
1,0
1,4
0,2
0,0
0,0
0,2
1,3
0,1
0,2
0,4
0,1
1,0
0,1
1,4
1,0
0,1
0,0
1,1
1,0
1,1
1,1
0,2
0,0
1,1
0,4
1,1
0,2
1,1
0,0
7.724743,960.000000
2.158728,960.000000
2.075857,960.000000
3.314685,960.000000
1.971326,960.000000
6.491722,960.000000
2.067695,960.000000
1.724283,960.000000
2.014645,960.000000
6.675357,960.000000
1.196922,960.000000
1.272730,960.000000
5.497897,960.000000
3.016318,960.000000
4.884369,960.000000
6.938724,960.000000
3.903258,960.000000
4.083910,960.000000
1.651771,960.000000
0.995551,960.000000
0.954273,960.000000
1.987493,960.000000
1.742018,960.000000
0.803284,960.000000
0.985663,960.000000
1.169455,960.000000
2.818400,960.000000
1.351049,960.000000
0.901223,960.000000
0.828553,960.000000
3.890701,960.000000
0.465679,960.000000
0.525478,960.000000
3.184885,960.000000
1.513024,960.000000
2.394785,960.000000
3.638635,960.000000
1.806055,960.000000
1.843096,960.000000
1.189231,960.000000
0.583550,960.000000
0.747880,960.000000
1.826930,960.000000
0.947681,960.000000
1.055978,960.000000
1.385108,960.000000
1.177616,960.000000
2.189805,960.000000
1.085642,960.000000
1.164432,960.000000
1.083288,960.000000
3.132306,960.000000
0.492361,960.000000
0.741131,960.000000
2.545930,960.000000
1.338807,960.000000
1.965833,960.000000
2.720462,960.000000
1.558070,960.000000
1.595268,960.000000
0.604739,960.000000
0.718059,960.000000
0.400386,960.000000
3.766866,960.000000
0.991157,960.000000
2.201890,960.000000
3.728098,960.000000
1.078265,960.000000
3.532535,960.000000
1.143872,960.000000
1.384166,960.000000
2.317093,960.000000
3.653389,960.000000
0.866379,960.000000
1.349480,960.000000
2.953380,960.000000
1.956887,960.000000
3.141880,960.000000
2.915397,960.000000
2.350524,960.000000
2.468396,960.000000
0.679762,960.000000
0.723866,960.000000
0.483414,960.000000
1.359682,960.000000
1.204926,960.000000
0.726534,960.000000
0.935595,960.000000
1.588990,960.000000
1.725224,960.000000
0.901537,960.000000
1.171495,960.000000
0.995080,960.000000
3.854916,960.000000
0.429580,960.000000
0.687767,960.000000
2.425548,960.000000
1.374435,960.000000
1.677982,960.000000
3.018044,960.000000
1.478024,960.000000
1.456678,960.000000
0.758710,960.000000
0.817096,960.000000
0.616981,960.000000
5.639469,960.000000
2.633353,960.000000
2.622209,960.000000
3.281254,960.000000
2.145858,960.000000
6.734371,960.000000
2.727368,960.000000
2.054354,960.000000
2.636021,960.000000
6.781614,960.000000
1.043736,960.000000
1.598093,960.000000
5.717160,960.000000
3.454844,960.000000
6.206853,960.000000
7.039330,960.000000
4.251379,960.000000
3.563141,960.000000
1.729776,960.000000
1.288268,960.000000
1.283403,960.000000
1.543159,960.000000
1.349950,960.000000
0.707229,960.000000
0.991627,960.000000
1.017054,960.000000
2.307833,960.000000
1.780943,960.000000
0.876581,960.000000
0.749449,960.000000
3.780364,960.000000
0.378413,960.000000
0.550904,960.000000
3.174055,960.000000
1.830383,960.000000
2.721403,960.000000
2.880711,960.000000
1.643609,960.000000
1.358269,960.000000
0.745212,960.000000
0.532855,960.000000
0.632520,960.000000
1.504863,960.000000
1.047346,960.000000
0.771109,960.000000
0.922411,960.000000
1.263470,960.000000
1.405041,960.000000
0.929788,960.000000
1.143558,960.000000
1.168513,960.000000
3.218473,960.000000
0.508841,960.000000
0.789786,960.000000
2.260433,960.000000
1.364233,960.000000
1.698229,960.000000
2.799566,960.000000
1.614102,960.000000
1.317932,960.000000
0.647901,960.000000
0.829652,960.000000
0.524222,960.000000
2.605729,960.000000
0.898241,960.000000
1.467037,960.000000
2.255568,960.000000
0.898397,960.000000
2.390233,960.000000
0.890236,960.000000
1.300667,960.000000
2.607299,960.000000
2.815575,960.000000
0.836401,960.000000
1.148109,960.000000
2.278640,960.000000
1.444436,960.000000
2.507006,960.000000
2.585639,960.000000
2.144445,960.000000
1.815472,960.000000
0.630636,960.000000
0.718844,960.000000
0.490634,960.000000
5.924495,960.000000
3.935747,960.000000
2.702569,960.000000
4.152185,960.000000
3.095579,960.000000
6.536140,960.000000
3.556549,960.000000
2.407812,960.000000
3.245940,960.000000
10.942431,960.000000
1.380085,960.000000
1.963636,960.000000
8.944736,960.000000
5.250226,960.000000
6.823520,960.000000
8.806932,960.000000
4.677348,960.000000
4.263464,960.000000
2.674318,960.000000
1.987493,960.000000
2.154176,960.000000
1.373650,960.000000
0.505545,960.000000
0.609291,960.000000
0.937636,960.000000
0.442136,960.000000
1.118916,960.000000
0.322695,960.000000
0.443078,960.000000
0.827455,960.000000
1.450243,960.000000
0.429423,960.000000
0.481531,960.000000
1.183267,960.000000
0.618394,960.000000
1.094588,960.000000
1.356699,960.000000
1.087996,960.000000
0.882231,960.000000
0.424871,960.000000
0.298524,960.000000
0.280945,960.000000
1.200218,960.000000
0.727005,960.000000
0.607250,960.000000
0.861671,960.000000
0.840953,960.000000
1.427171,960.000000
0.675054,960.000000
0.946739,960.000000
1.017525,960.000000
2.183370,960.000000
0.430678,960.000000
0.631578,960.000000
1.669506,960.000000
0.987390,960.000000
1.430938,960.000000
2.138638,960.000000
1.264725,960.000000
1.164275,960.000000
0.476195,960.000000
0.536151,960.000000
0.321910,960.000000
7.006213,960.000000
2.779633,960.000000
2.273303,960.000000
3.711147,960.000000
1.996910,960.000000
7.794430,960.000000
2.567276,960.000000
1.590088,960.000000
2.160925,960.000000
7.011236,960.000000
1.084700,960.000000
1.376162,960.000000
6.895875,960.000000
3.659510,960.000000
6.353761,960.000000
8.487376,960.000000
4.393892,960.000000
4.146377,960.000000
2.103324,960.000000
1.108086,960.000000
1.418068,960.000000
3.294281,960.000000
1.330174,960.000000
1.742332,960.000000
2.647479,960.000000
0.887882,960.000000
3.552625,960.000000
1.564976,960.000000
1.254837,960.000000
1.835719,960.000000
3.992093,960.000000
0.770324,960.000000
1.181854,960.000000
3.846912,960.000000
2.486445,960.000000
3.730610,960.000000
3.118494,960.000000
2.272205,960.000000
2.423507,960.000000
0.885213,960.000000
0.673013,960.000000
0.738933,960.000000
5.705389,960.000000
2.497903,960.000000
2.323842,960.000000
3.407130,960.000000
1.587263,960.000000
6.048331,960.000000
2.250702,960.000000
1.933815,960.000000
3.028874,960.000000
6.141718,960.000000
1.252797,960.000000
1.837760,960.000000
5.760008,960.000000
3.031542,960.000000
7.437048,960.000000
6.666097,960.000000
4.329855,960.000000
3.457669,960.000000
1.812019,960.000000
1.036830,960.000000
1.209164,960.000000
6.426116,960.000000
3.642873,960.000000
2.250545,960.000000
3.245626,960.000000
2.932348,960.000000
6.777533,960.000000
2.785911,960.000000
2.470907,960.000000
2.560998,960.000000
9.487793,960.000000
1.529504,960.000000
1.635918,960.000000
8.115084,960.000000
3.996958,960.000000
6.596724,960.000000
11.347369,960.000000
5.559894,960.000000
4.539073,960.000000
2.839903,960.000000
1.475199,960.000000
1.803387,960.000000
4.353398,960.000000
1.925025,960.000000
1.500311,960.000000
2.330434,960.000000
1.671076,960.000000
3.968079,960.000000
1.533428,960.000000
1.511769,960.000000
1.733386,960.000000
5.225114,960.000000
1.070261,960.000000
1.083916,960.000000
4.253890,960.000000
2.301084,960.000000
3.848010,960.000000
5.998891,960.000000
3.671438,960.000000
3.083650,960.000000
1.589303,960.000000
0.896828,960.000000
0.953645,960.000000
3.359573,960.000000
2.124669,960.000000
1.480378,960.000000
2.010878,960.000000
1.850159,960.000000
3.212352,960.000000
1.600133,960.000000
1.513495,960.000000
1.647376,960.000000
5.412829,960.000000
0.785705,960.000000
1.109342,960.000000
4.391538,960.000000
2.136284,960.000000
2.951653,960.000000
4.460911,960.000000
2.817929,960.000000
2.567433,960.000000
1.276967,960.000000
1.049072,960.000000
0.948779,960.000000
1.761794,960.000000
0.800773,960.000000
0.687296,960.000000
0.997121,960.000000
0.550433,960.000000
1.749709,960.000000
0.636757,960.000000
0.726534,960.000000
1.053467,960.000000
2.390390,960.000000
0.556711,960.000000
0.652139,960.000000
2.068166,960.000000
0.966044,960.000000
2.330434,960.000000
2.071148,960.000000
1.667937,960.000000
1.023332,960.000000
0.727005,960.000000
0.331641,960.000000
0.436172,960.000000
0.865594,960.000000
0.619179,960.000000
0.568797,960.000000
0.729045,960.000000
0.768755,960.000000
1.112638,960.000000
0.661242,960.000000
0.769382,960.000000
0.684785,960.000000
1.963008,960.000000
0.314219,960.000000
0.513078,960.000000
1.286699,960.000000
0.812858,960.000000
1.172908,960.000000
1.545357,960.000000
0.929631,960.000000
0.851939,960.000000
0.339960,960.000000
0.492518,960.000000
0.257559,960.000000
1.316520,960.000000
0.555927,960.000000
0.527832,960.000000
0.807836,960.000000
0.334152,960.000000
1.427328,960.000000
0.522653,960.000000
0.473526,960.000000
0.688238,960.000000
1.446476,960.000000
0.321910,960.000000
0.437741,960.000000
1.435647,960.000000
0.699067,960.000000
1.699170,960.000000
1.517419,960.000000
1.035574,960.000000
0.804226,960.000000
0.391126,960.000000
0.191011,960.000000
0.605681,960.000000
6.843770,960.000000
2.486518,960.000000
2.094100,960.000000
3.182510,960.000000
1.832906,960.000000
6.071178,960.000000
2.145114,960.000000
1.783461,960.000000
2.117959,960.000000
6.733736,960.000000
1.103323,960.000000
1.384137,960.000000
5.975114,960.000000
3.067296,960.000000
5.412700,960.000000
6.699204,960.000000
3.976450,960.000000
3.725146,960.000000
1.720204,960.000000
1.138640,960.000000
1.124984,960.000000
2.343677,960.000000
1.774043,960.000000
0.959854,960.000000
1.310833,960.000000
1.012752,960.000000
2.615388,960.000000
1.240983,960.000000
0.841815,960.000000
1.016991,960.000000
3.496602,960.000000
0.525526,960.000000
0.653768,960.000000
2.967779,960.000000
1.589607,960.000000
2.661379,960.000000
3.417176,960.000000
1.823017,960.000000
1.678293,960.000000
1.071144,960.000000
0.604010,960.000000
0.765529,960.000000
2.140091,960.000000
0.926577,960.000000
1.433738,960.000000
1.835104,960.000000
1.037710,960.000000
2.469565,960.000000
0.984027,960.000000
1.034414,960.000000
1.198288,960.000000
2.777064,960.000000
0.439665,960.000000
0.797864,960.000000
1.929912,960.000000
1.372207,960.000000
1.991286,960.000000
2.445549,960.000000
1.472980,960.000000
1.758033,960.000000
0.598987,960.000000
0.673232,960.000000
0.416748,960.000000
3.227874,960.000000
1.264371,960.000000
1.673113,960.000000
3.098062,960.000000
1.314600,960.000000
3.415920,960.000000
1.354313,960.000000
1.484282,960.000000
1.916413,960.000000
4.382054,960.000000
0.808538,960.000000
1.068005,960.000000
3.043437,960.000000
2.211982,960.000000
3.161163,960.000000
3.386881,960.000000
2.154061,960.000000
2.355293,960.000000
0.903660,960.000000
0.855471,960.000000
0.609504,960.000000
1.747673,960.000000
0.987795,960.000000
1.035513,960.000000
1.376132,960.000000
1.588822,960.000000
1.996780,960.000000
0.855942,960.000000
1.129065,960.000000
1.303770,960.000000
3.047832,960.000000
0.525840,960.000000
0.886080,960.000000
2.048265,960.000000
1.223873,960.000000
1.802925,960.000000
2.683197,960.000000
1.599025,960.000000
1.665265,960.000000
0.566181,960.000000
0.677000,960.000000
0.459286,960.000000
5.624135,960.000000
2.795586,960.000000
2.385431,960.000000
3.451395,960.000000
2.003686,960.000000
7.848988,960.000000
2.613818,960.000000
1.876700,960.000000
2.344305,960.000000
6.808453,960.000000
1.036925,960.000000
1.407525,960.000000
5.842320,960.000000
3.492050,960.000000
6.181369,960.000000
6.628882,960.000000
3.651999,960.000000
3.791386,960.000000
1.994739,960.000000
1.256836,960.000000
1.398892,960.000000
2.179019,960.000000
1.238157,960.000000
1.070045,960.000000
1.375504,960.000000
0.873993,960.000000
2.659182,960.000000
1.666992,960.000000
0.761448,960.000000
0.892829,960.000000
3.331158,960.000000
0.369501,960.000000
0.612015,960.000000
2.811597,960.000000
1.771689,960.000000
2.324684,960.000000
2.637049,960.000000
1.420867,960.000000
1.595729,960.000000
0.707294,960.000000
0.619079,960.000000
0.635717,960.000000
1.820506,960.000000
0.818584,960.000000
1.024996,960.000000
1.421181,960.000000
1.078365,960.000000
1.916099,960.000000
0.813090,960.000000
1.102381,960.000000
1.371736,960.000000
2.585878,960.000000
0.541851,960.000000
0.891731,960.000000
1.782677,960.000000
1.208491,960.000000
1.845620,960.000000
2.527486,960.000000
1.773729,960.000000
1.547697,960.000000
0.585488,960.000000
0.658320,960.000000
0.414707,960.000000
2.137579,960.000000
1.027821,960.000000
1.080091,960.000000
1.812029,960.000000
1.253854,960.000000
2.211668,960.000000
0.933484,960.000000
1.286660,960.000000
2.573320,960.000000
3.398654,960.000000
0.712003,960.000000
1.062511,960.000000
2.212296,960.000000
1.621000,960.000000
2.540514,960.000000
2.979395,960.000000
1.966328,960.000000
1.802298,960.000000
0.782011,960.000000
0.769139,960.000000
0.542479,960.000000
6.768583,960.000000
3.205584,960.000000
2.993208,960.000000
4.226185,960.000000
3.143425,960.000000
6.962124,960.000000
3.143268,960.000000
2.833729,960.000000
3.515909,960.000000
10.488078,960.000000
1.572811,960.000000
2.218732,960.000000
8.307490,960.000000
4.492559,960.000000
6.566409,960.000000
9.286337,960.000000
5.293405,960.000000
4.882308,960.000000
2.207273,960.000000
1.692891,960.000000
1.626023,960.000000
1.088882,960.000000
0.518934,960.000000
0.458972,960.000000
0.709335,960.000000
0.525997,960.000000
1.014950,960.000000
0.370600,960.000000
0.568221,960.000000
0.686418,960.000000
1.582386,960.000000
0.453478,960.000000
0.434171,960.000000
1.241611,960.000000
0.681552,960.000000
1.134245,960.000000
1.723657,960.000000
1.156534,960.000000
0.854843,960.000000
0.392575,960.000000
0.323195,960.000000
0.250363,960.000000
1.343011,960.000000
0.662245,960.000000
0.826746,960.000000
1.097044,960.000000
0.819526,960.000000
1.422123,960.000000
0.658634,960.000000
0.896126,960.000000
1.003805,960.000000
2.045283,960.000000
0.400423,960.000000
0.712160,960.000000
1.394340,960.000000
0.960011,960.000000
1.425105,960.000000
2.043870,960.000000
1.387747,960.000000
1.178981,960.000000
0.430718,960.000000
0.515637,960.000000
0.314248,960.000000
6.335040,960.000000
2.953024,960.000000
2.156416,960.000000
2.910643,960.000000
2.100378,960.000000
6.065370,960.000000
2.753048,960.000000
1.871363,960.000000
2.200837,960.000000
8.042529,960.000000
1.178981,960.000000
1.464190,960.000000
9.054183,960.000000
3.471173,960.000000
5.917978,960.000000
8.263382,960.000000
4.873361,960.000000
3.697520,960.000000
1.999448,960.000000
1.189968,960.000000
1.422594,960.000000
2.982377,960.000000
1.529018,960.000000
1.333750,960.000000
2.093315,960.000000
1.224658,960.000000
3.248750,960.000000
1.767451,960.000000
1.237529,960.000000
1.544400,960.000000
4.952472,960.000000
0.652042,960.000000
0.892986,960.000000
4.026366,960.000000
2.702504,960.000000
3.269156,960.000000
3.735977,960.000000
2.131301,960.000000
2.188123,960.000000
1.103323,960.000000
0.792057,960.000000
0.822822,960.000000
5.445820,960.000000
2.762937,960.000000
1.895536,960.000000
2.991952,960.000000
1.868224,960.000000
5.873399,960.000000
2.577559,960.000000
1.705292,960.000000
2.447433,960.000000
7.058972,960.000000
1.136600,960.000000
1.324175,960.000000
6.239918,960.000000
3.471173,960.000000
7.099470,960.000000
6.924295,960.000000
3.884625,960.000000
3.178586,960.000000
2.187652,960.000000
1.141779,960.000000
1.549423,960.000000
6.726516,960.000000
3.548401,960.000000
2.557310,960.000000
3.628768,960.000000
2.668286,960.000000
6.715999,960.000000
2.762466,960.000000
2.478198,960.000000
2.928851,960.000000
8.927824,960.000000
1.637953,960.000000
1.922063,960.000000
8.062464,960.000000
3.856998,960.000000
7.015336,960.000000
10.654620,960.000000
5.796171,960.000000
4.318168,960.000000
2.584622,960.000000
1.478003,960.000000
1.752382,960.000000
4.205779,960.000000
1.940115,960.000000
1.436564,960.000000
2.292349,960.000000
1.540319,960.000000
3.718867,960.000000
1.451790,960.000000
1.596984,960.000000
1.975275,960.000000
5.043200,960.000000
1.088882,960.000000
1.302357,960.000000
4.560525,960.000000
2.258601,960.000000
4.135615,960.000000
5.900868,960.000000
4.055719,960.000000
2.667030,960.000000
1.469056,960.000000
0.898480,960.000000
0.964877,960.000000
3.642110,960.000000
1.628535,960.000000
1.643290,960.000000
2.393279,960.000000
1.608914,960.000000
3.886194,960.000000
1.474550,960.000000
1.673584,960.000000
1.854725,960.000000
4.830352,960.000000
0.903974,960.000000
1.186829,960.000000
3.457046,960.000000
2.077932,960.000000
3.417176,960.000000
4.426789,960.000000
2.781145,960.000000
3.085191,960.000000
1.047442,960.000000
0.935054,960.000000
0.749675,960.000000
1.568573,960.000000
0.995643,960.000000
0.583447,960.000000
0.887964,960.000000
0.631479,960.000000
1.666207,960.000000
0.749204,960.000000
0.593964,960.000000
0.727386,960.000000
2.560449,960.000000
0.449711,960.000000
0.466350,960.000000
2.238980,960.000000
1.104107,960.000000
2.107913,960.000000
2.529997,960.000000
1.459638,960.000000
1.025781,960.000000
0.957657,960.000000
0.331044,960.000000
0.550798,960.000000
1.160616,960.000000
0.628654,960.000000
0.710434,960.000000
0.905858,960.000000
0.672604,960.000000
1.202212,960.000000
0.579523,960.000000
0.632107,960.000000
0.804771,960.000000
1.637482,960.000000
0.329788,960.000000
0.536985,960.000000
1.162342,960.000000
0.781383,960.000000
1.108189,960.000000
1.428716,960.000000
0.881842,960.000000
0.995486,960.000000
0.348153,960.000000
0.496173,960.000000
0.253816,960.000000
1.089823,960.000000
0.732880,960.000000
0.385825,960.000000
0.602126,960.000000
0.475768,960.000000
1.308950,960.000000
0.651571,960.000000
0.411725,960.000000
0.555507,960.000000
1.734017,960.000000
0.264804,960.000000
0.340148,960.000000
1.498566,960.000000
0.844798,960.000000
1.474079,960.000000
1.684886,960.000000
0.959384,960.000000
0.733037,960.000000
0.530392,960.000000
0.262920,960.000000
0.693638,960.000000
6.369845,960.000000
2.418579,960.000000
2.024065,960.000000
3.056113,960.000000
1.848707,960.000000
5.820383,960.000000
2.228622,960.000000
1.867546,960.000000
2.246676,960.000000
6.637512,960.000000
1.125457,960.000000
1.365808,960.000000
6.191976,960.000000
3.119380,960.000000
5.642827,960.000000
6.867816,960.000000
4.261164,960.000000
3.579830,960.000000
1.757340,960.000000
1.061719,960.000000
1.130952,960.000000
2.294871,960.000000
1.788423,960.000000
0.990760,960.000000
1.265178,960.000000
0.979457,960.000000
2.670861,960.000000
1.233152,960.000000
0.907085,960.000000
0.991545,960.000000
3.491916,960.000000
0.521205,960.000000
0.705039,960.000000
2.966472,960.000000
1.472718,960.000000
2.550921,960.000000
3.488462,960.000000
1.878221,960.000000
1.799099,960.000000
1.033932,960.000000
0.597502,960.000000
0.742246,960.000000
2.075714,960.000000
0.904573,960.000000
1.291081,960.000000
1.676019,960.000000
0.983068,960.000000
2.394560,960.000000
1.011483,960.000000
1.010541,960.000000
1.256700,960.000000
2.822199,960.000000
0.455740,960.000000
0.841463,960.000000
2.156564,960.000000
1.436296,960.000000
2.085761,960.000000
2.472740,960.000000
1.574447,960.000000
1.677432,960.000000
0.566418,960.000000
0.623876,960.000000
0.414923,960.000000
3.360672,960.000000
1.280877,960.000000
1.697370,960.000000
2.996928,960.000000
1.306780,960.000000
3.513266,960.000000
1.314158,960.000000
1.276324,960.000000
2.127364,960.000000
4.012806,960.000000
0.687457,960.000000
1.074750,960.000000
3.026442,960.000000
2.214179,960.000000
3.550944,960.000000
3.541053,960.000000
2.099419,960.000000
2.325170,960.000000
0.823880,960.000000
0.843033,960.000000
0.616497,960.000000
1.793133,960.000000
1.031734,960.000000
0.981341,960.000000
1.266434,960.000000
1.480253,960.000000
1.935836,960.000000
0.873646,960.000000
1.122788,960.000000
1.281034,960.000000
3.191124,960.000000
0.539102,960.000000
0.857476,960.000000
2.097065,960.000000
1.244612,960.000000
1.809303,960.000000
2.739465,960.000000
1.543834,960.000000
1.579000,960.000000
0.635179,960.000000
0.697504,960.000000
0.502994,960.000000
5.869834,960.000000
2.696764,960.000000
2.394089,960.000000
3.530849,960.000000
2.118886,960.000000
7.543498,960.000000
2.582633,960.000000
1.882617,960.000000
2.217632,960.000000
6.871584,960.000000
1.038799,960.000000
1.433470,960.000000
6.039069,960.000000
3.448900,960.000000
5.927135,960.000000
6.533742,960.000000
3.761152,960.000000
3.933213,960.000000
1.921707,960.000000
1.291709,960.000000
1.403171,960.000000
2.167867,960.000000
1.229855,960.000000
1.051044,960.000000
1.424208,960.000000
0.863128,960.000000
2.534123,960.000000
1.532374,960.000000
0.822468,960.000000
0.962502,960.000000
3.311692,960.000000
0.388706,960.000000
0.633923,960.000000
2.908700,960.000000
1.663931,960.000000
2.311983,960.000000
2.674629,960.000000
1.587477,960.000000
1.604432,960.000000
0.707865,960.000000
0.589652,960.000000
0.583216,960.000000
1.888740,960.000000
0.876629,960.000000
0.989661,960.000000
1.256229,960.000000
1.110072,960.000000
1.839759,960.000000
0.768777,960.000000
1.177421,960.000000
1.244612,960.000000
2.901792,960.000000
0.585884,960.000000
0.894526,960.000000
1.865348,960.000000
1.177892,960.000000
1.657808,960.000000
2.476979,960.000000
1.695329,960.000000
1.578215,960.000000
0.611474,960.000000
0.701272,960.000000
0.429366,960.000000
2.201777,960.000000
0.978672,960.000000
1.226401,960.000000
2.051695,960.000000
1.207249,960.000000
2.306174,960.000000
0.904730,960.000000
1.249636,960.000000
2.401781,960.000000
3.300388,960.000000
0.656216,960.000000
1.016035,960.000000
2.284824,960.000000
1.551212,960.000000
2.514970,960.000000
3.016238,960.000000
1.962839,960.000000
1.889996,960.000000
0.711947,960.000000
0.671915,960.000000
0.567046,960.000000
6.805491,960.000000
3.312634,960.000000
2.923300,960.000000
4.284084,960.000000
3.119380,960.000000
7.024020,960.000000
3.311535,960.000000
2.886721,960.000000
3.373075,960.000000
10.829915,960.000000
1.684810,960.000000
2.127678,960.000000
7.846017,960.000000
4.450336,960.000000
6.546302,960.000000
8.977754,960.000000
5.118640,960.000000
4.899954,960.000000
2.382942,960.000000
1.796116,960.000000
1.732378,960.000000
1.171612,960.000000
0.553545,960.000000
0.497499,960.000000
0.689341,960.000000
0.519792,960.000000
1.075064,960.000000
0.398439,960.000000
0.550248,960.000000
0.683218,960.000000
1.685438,960.000000
0.422616,960.000000
0.398439,960.000000
1.131894,960.000000
0.600014,960.000000
1.106147,960.000000
1.679944,960.000000
1.089664,960.000000
0.856063,960.000000
0.444594,960.000000
0.327480,960.000000
0.288076,960.000000
1.417457,960.000000
0.644285,960.000000
0.805199,960.000000
1.034717,960.000000
0.845859,960.000000
1.447913,960.000000
0.639418,960.000000
0.846487,960.000000
1.023728,960.000000
2.217161,960.000000
0.406603,960.000000
0.692480,960.000000
1.409608,960.000000
0.986521,960.000000
1.462356,960.000000
1.900200,960.000000
1.228285,960.000000
1.291866,960.000000
0.421988,960.000000
0.527170,960.000000
0.290587,960.000000
6.202181,960.000000
2.991433,960.000000
2.078854,960.000000
2.993945,960.000000
2.098164,960.000000
5.981925,960.000000
2.913253,960.000000
1.906479,960.000000
2.273207,960.000000
8.018234,960.000000
1.167216,960.000000
1.388728,960.000000
8.659222,960.000000
3.760524,960.000000
6.138914,960.000000
8.178521,960.000000
4.684878,960.000000
3.699142,960.000000
2.088430,960.000000
1.225930,960.000000
1.478683,960.000000
3.163651,960.000000
1.515419,960.000000
1.460473,960.000000
2.255310,960.000000
1.212743,960.000000
3.503690,960.000000
1.687165,960.000000
1.162821,960.000000
1.617305,960.000000
4.492880,960.000000
0.685730,960.000000
0.979143,960.000000
3.734935,960.000000
2.612147,960.000000
3.449685,960.000000
3.803697,960.000000
2.181211,960.000000
2.140080,960.000000
1.050102,960.000000
0.744758,960.000000
0.780080,960.000000
5.428851,960.000000
2.591424,960.000000
2.058131,960.000000
3.277311,960.000000
1.871628,960.000000
6.036714,960.000000
2.320461,960.000000
1.708359,960.000000
2.579493,960.000000
6.756353,960.000000
1.168629,960.000000
1.387315,960.000000
6.024626,960.000000
3.507771,960.000000
7.015543,960.000000
7.075356,960.000000
4.005899,960.000000
3.358318,960.000000
2.047770,960.000000
1.107717,960.000000
1.442733,960.000000
6.445514,960.000000
3.537285,960.000000
2.484043,960.000000
3.662406,960.000000
2.724865,960.000000
6.579269,960.000000
2.792842,960.000000
2.448407,960.000000
3.025186,960.000000
8.984975,960.000000
1.606630,960.000000
1.974927,960.000000
8.287471,960.000000
4.008254,960.000000
6.922762,960.000000
10.553927,960.000000
5.888673,960.000000
4.185966,960.000000
2.597861,960.000000
1.577744,960.000000
1.734419,960.000000
3.927718,960.000000
1.960170,960.000000
1.490928,960.000000
2.201306,960.000000
1.595169,960.000000
3.688152,960.000000
1.557649,960.000000
1.630649,960.000000
2.004441,960.000000
5.239522,960.000000
1.040212,960.000000
1.250578,960.000000
4.743435,960.000000
2.309785,960.000000
4.092557,960.000000
5.908925,960.000000
3.826931,960.000000
2.599588,960.000000
1.478997,960.000000
0.933459,960.000000
1.024199,960.000000
3.806208,960.000000
1.744466,960.000000
1.633946,960.000000
2.353114,960.000000
1.632062,960.000000
3.837135,960.000000
1.536926,960.000000
1.614165,960.000000
1.790621,960.000000
4.918321,960.000000
0.879298,960.000000
1.223105,960.000000
3.655655,960.000000
2.114333,960.000000
3.187984,960.000000
4.301981,960.000000
2.697392,960.000000
2.933347,960.000000
1.122160,960.000000
0.952612,960.000000
0.773644,960.000000
1.729709,960.000000
1.051201,960.000000
0.599229,960.000000
0.870977,960.000000
0.650878,960.000000
1.940075,960.000000
0.751665,960.000000
0.593891,960.000000
0.718384,960.000000
2.352329,960.000000
0.445222,960.000000
0.496871,960.000000
2.004127,960.000000
0.993429,960.000000
1.971002,960.000000
2.571016,960.000000
1.510709,960.000000
1.111014,960.000000
0.881339,960.000000
0.373007,960.000000
0.571755,960.000000
1.082128,960.000000
0.582431,960.000000
0.644442,960.000000
0.818857,960.000000
0.680706,960.000000
1.179147,960.000000
0.589024,960.000000
0.746014,960.000000
0.731885,960.000000
1.757496,960.000000
0.340039,960.000000
0.542241,960.000000
1.246339,960.000000
0.779923,960.000000
1.084012,960.000000
1.466595,960.000000
0.940210,960.000000
0.972549,960.000000
0.369396,960.000000
0.469712,960.000000
0.236897,960.000000
1.127812,960.000000
0.722465,960.000000
0.399538,960.000000
0.639261,960.000000
0.464846,960.000000
1.375698,960.000000
0.614928,960.000000
0.435489,960.000000
0.567988,960.000000
1.670995,960.000000
0.278970,960.000000
0.324968,960.000000
1.491085,960.000000
0.817287,960.000000
1.453722,960.000000
1.718877,960.000000
0.982440,960.000000
0.744601,960.000000
0.515082,960.000000
0.228263,960.000000
0.659199,960.000000
6.574620,960.000000
2.440831,960.000000
2.082518,960.000000
3.068114,960.000000
1.868817,960.000000
6.093990,960.000000
2.308936,960.000000
1.797846,960.000000
2.071212,960.000000
6.785337,960.000000
1.089228,960.000000
1.371544,960.000000
6.292774,960.000000
3.149763,960.000000
5.486020,960.000000
6.663648,960.000000
4.032670,960.000000
3.504779,960.000000
1.690289,960.000000
1.127383,960.000000
1.128168,960.000000
2.443343,960.000000
1.700966,960.000000
0.924203,960.000000
1.263360,960.000000
1.086244,960.000000
2.777318,960.000000
1.176686,960.000000
0.892956,960.000000
1.044321,960.000000
3.309763,960.000000
0.562278,960.000000
0.676273,960.000000
2.893040,960.000000
1.428699,960.000000
2.677298,960.000000
3.545289,960.000000
1.946541,960.000000
1.584302,960.000000
1.098335,960.000000
0.587558,960.000000
0.752112,960.000000
2.169976,960.000000
0.926401,960.000000
1.273409,960.000000
1.727031,960.000000
0.963143,960.000000
2.231998,960.000000
1.071171,960.000000
0.985125,960.000000
1.292251,960.000000
2.914394,960.000000
0.464771,960.000000
0.829678,960.000000
2.144382,960.000000
1.499042,960.000000
2.085972,960.000000
2.385404,960.000000
1.451937,960.000000
1.639415,960.000000
0.601061,960.000000
0.676116,960.000000
0.400551,960.000000
3.262815,960.000000
1.284400,960.000000
1.703478,960.000000
2.966053,960.000000
1.294292,960.000000
3.381520,960.000000
1.338100,960.000000
1.260533,960.000000
2.140300,960.000000
4.071139,960.000000
0.691189,960.000000
1.051700,960.000000
3.074238,960.000000
2.355256,960.000000
3.393610,960.000000
3.608253,960.000000
2.150820,960.000000
2.294177,960.000000
0.845537,960.000000
0.869875,960.000000
0.655075,960.000000
1.773979,960.000000
1.021710,960.000000
0.986538,960.000000
1.247658,960.000000
1.587757,960.000000
1.923302,960.000000
0.862809,960.000000
1.094880,960.000000
1.233683,960.000000
3.234709,960.000000
0.577666,960.000000
0.829521,960.000000
2.026934,960.000000
1.213271,960.000000
1.761418,960.000000
2.700380,960.000000
1.565931,960.000000
1.643341,960.000000
0.688834,960.000000
0.709246,960.000000
0.516115,960.000000
5.886414,960.000000
2.733511,960.000000
2.280830,960.000000
3.341010,960.000000
2.115177,960.000000
7.161393,960.000000
2.595179,960.000000
1.835844,960.000000
2.306895,960.000000
7.000450,960.000000
1.048246,960.000000
1.446441,960.000000
6.327946,960.000000
3.416535,960.000000
5.900388,960.000000
6.878762,960.000000
3.821796,960.000000
3.868273,960.000000
1.860182,960.000000
1.255509,960.000000
1.363850,960.000000
2.202636,960.000000
1.222692,960.000000
1.032387,960.000000
1.348934,960.000000
0.872701,960.000000
2.599418,960.000000
1.717767,960.000000
0.798118,960.000000
1.017471,960.000000
3.286682,960.000000
0.409815,960.000000
0.611739,960.000000
2.780302,960.000000
1.679926,960.000000
2.309878,960.000000
2.678869,960.000000
1.502340,960.000000
1.561849,960.000000
0.753525,960.000000
0.566989,960.000000
0.605772,960.000000
1.724362,960.000000
0.910385,960.000000
0.991563,960.000000
1.247815,960.000000
1.087343,960.000000
1.931938,960.000000
0.799531,960.000000
1.231328,960.000000
1.253781,960.000000
2.948467,960.000000
0.581120,960.000000
0.875998,960.000000
1.849033,960.000000
1.145283,960.000000
1.771938,960.000000
2.424344,960.000000
1.652762,960.000000
1.585402,960.000000
0.588029,960.000000
0.691503,960.000000
0.434152,960.000000
2.164324,960.000000
1.061593,960.000000
1.253624,960.000000
2.061791,960.000000
1.189404,960.000000
2.256807,960.000000
0.930012,960.000000
1.220180,960.000000
2.354000,960.000000
3.261873,960.000000
0.662612,960.000000
0.993447,960.000000
2.306581,960.000000
1.652291,960.000000
2.485738,960.000000
3.065445,960.000000
1.904931,960.000000
1.866148,960.000000
0.695586,960.000000
0.714271,960.000000
0.531189,960.000000
6.546828,960.000000
3.387173,960.000000
2.932451,960.000000
4.151846,960.000000
3.197810,960.000000
6.993227,960.000000
3.307722,960.000000
2.964169,960.000000
3.296731,960.000000
10.962776,960.000000
1.628895,960.000000
2.230428,960.000000
7.953387,960.000000
4.510787,960.000000
6.616072,960.000000
8.732035,960.000000
5.078561,960.000000
5.011358,960.000000
2.398593,960.000000
1.793449,960.000000
1.745088,960.000000
1.080906,960.000000
0.530247,960.000000
0.471051,960.000000
0.728559,960.000000
0.506851,960.000000
1.136804,960.000000
0.413740,960.000000
0.592740,960.000000
0.691032,960.000000
1.685107,960.000000
0.418608,960.000000
0.422690,960.000000
1.182025,960.000000
0.647853,960.000000
1.173232,960.000000
1.628424,960.000000
1.046362,960.000000
0.812249,960.000000
0.433210,960.000000
0.304299,960.000000
0.265202,960.000000
1.381279,960.000000
0.674388,960.000000
0.753839,960.000000
1.084988,960.000000
0.826381,960.000000
1.405931,960.000000
0.631680,960.000000
0.859355,960.000000
1.019355,960.000000
2.085815,960.000000
0.405732,960.000000
0.728245,960.000000
1.460573,960.000000
0.938177,960.000000
1.424302,960.000000
2.031958,960.000000
1.265715,960.000000
1.263831,960.000000
0.440590,960.000000
0.532445,960.000000
0.319844,960.000000
6.258073,960.000000
2.877495,960.000000
2.185992,960.000000
3.214297,960.000000
2.060692,960.000000
6.183490,960.000000
2.813275,960.000000
1.874156,960.000000
2.314118,960.000000
7.838136,960.000000
1.178413,960.000000
1.426500,960.000000
8.405753,960.000000
3.747213,960.000000
6.224001,960.000000
8.028755,960.000000
4.738462,960.000000
3.728371,960.000000
2.078906,960.000000
1.241534,960.000000
1.521967,960.000000
3.178183,960.000000
1.457747,960.000000
1.509405,960.000000
2.367975,960.000000
1.214056,960.000000
3.538851,960.000000
1.648994,960.000000
1.209189,960.000000
1.626540,960.000000
4.369786,960.000000
0.648167,960.000000
0.976489,960.000000
3.709058,960.000000
2.548858,960.000000
3.304111,960.000000
3.816772,960.000000
2.261988,960.000000
2.231527,960.000000
1.025950,960.000000
0.759963,960.000000
0.830777,960.000000
5.454774,960.000000
2.641656,960.000000
2.067130,960.000000
3.398635,960.000000
1.757963,960.000000
5.930693,960.000000
2.327464,960.000000
1.838513,960.000000
2.574295,960.000000
6.781725,960.000000
1.122358,960.000000
1.430269,960.000000
6.219447,960.000000
3.446368,960.000000
6.953973,960.000000
7.061216,960.000000
4.084486,960.000000
3.272550,960.000000
1.930839,960.000000
1.081063,960.000000
1.395411,960.000000
6.687515,960.000000
3.508547,960.000000
2.437219,960.000000
3.542777,960.000000
2.688918,960.000000
6.673226,960.000000
2.741675,960.000000
2.518711,960.000000
3.113492,960.000000
8.825460,960.000000
1.635961,960.000000
1.919063,960.000000
8.037705,960.000000
3.849117,960.000000
7.064356,960.000000
10.677005,960.000000
5.850771,960.000000
4.309648,960.000000
2.622971,960.000000
1.483812,960.000000
1.845108,960.000000
3.959343,960.000000
2.005893,960.000000
1.483655,960.000000
2.132292,960.000000
1.581633,960.000000
3.692414,960.000000
1.493076,960.000000
1.688562,960.000000
1.989093,960.000000
5.245156,960.000000
1.107913,960.000000
1.275921,960.000000
4.555223,960.000000
2.226973,960.000000
4.107253,960.000000
5.865531,960.000000
3.965310,960.000000
2.643383,960.000000
1.562791,960.000000
0.943516,960.000000
0.978374,960.000000
3.485465,960.000000
1.682438,960.000000
1.720750,960.000000
2.330291,960.000000
1.629209,960.000000
3.871413,960.000000
1.532958,960.000000
1.573625,960.000000
1.828935,960.000000
5.024076,960.000000
0.831563,960.000000
1.273566,960.000000
3.759460,960.000000
2.144225,960.000000
3.246171,960.000000
4.311218,960.000000
2.662853,960.000000
3.023050,960.000000
1.064890,960.000000
0.950896,960.000000
0.762004,960.000000
1.756236,960.000000
1.039610,960.000000
0.555369,960.000000
0.912740,960.000000
0.669207,960.000000
1.808994,960.000000
0.739865,960.000000
0.555369,960.000000
0.752269,960.000000
2.345050,960.000000
0.451895,960.000000
0.455978,960.000000
2.013901,960.000000
1.061279,960.000000
1.946070,960.000000
2.617946,960.000000
1.590269,960.000000
1.143241,960.000000
0.885105,960.000000
0.345595,960.000000
0.544064,960.000000
1.085616,960.000000
0.587244,960.000000
0.671719,960.000000
0.832034,960.000000
0.690875,960.000000
1.170405,960.000000
0.551915,960.000000
0.656017,960.000000
0.766086,960.000000
1.806168,960.000000
0.336331,960.000000
0.522867,960.000000
1.229287,960.000000
0.762475,960.000000
1.083889,960.000000
1.482555,960.000000
0.899394,960.000000
1.020140,960.000000
0.346851,960.000000
0.488480,960.000000
0.267714,960.000000
1.164282,960.000000
0.728245,960.000000
0.395683,960.000000
0.637018,960.000000
0.481571,960.000000
1.353644,960.000000
0.568559,960.000000
0.433053,960.000000
0.582062,960.000000
1.689033,960.000000
0.269127,960.000000
0.312150,960.000000
1.504381,960.000000
0.811150,960.000000
1.387246,960.000000
1.722006,960.000000
1.027049,960.000000
0.750228,960.000000
0.539511,960.000000
0.235369,960.000000
0.638274,960.000000
70.611464,960.000000
34.368445,960.000000
29.728302,960.000000
43.684039,960.000000
29.215866,960.000000
74.438774,960.000000
31.556484,960.000000
27.738077,960.000000
34.747312,960.000000
95.444428,960.000000
16.173476,960.000000
21.543593,960.000000
79.926968,960.000000
44.232315,960.000000
72.765280,960.000000
92.030506,960.000000
54.509505,960.000000
48.712897,960.000000
24.188801,960.000000
17.263087,960.000000
17.244647,960.000000
