3,20,18,3,0,0.550205
3,11,2,3,0,0.473241
3,1,20,0,3,0.426843
3,3,19,3,3,0.353807
3,20,14,0,0,0.328987
0,0,1,3,0,0.278408
0,0,2,0,0,0.274418
3,2,8,3,1,0.253889
0,0,2,2,1,0.218497
0,3,1,2,1,0.224648
2,12,0,2,1,0.198968
0,2,0,2,1,0.179641
2,20,2,3,1,0.166462
0,3,2,3,1,0.206998
3,18,18,3,2,0.185622
3,18,6,2,0,0.144392
0,3,0,2,0,0.128094
3,4,11,3,3,0.130389
2,20,2,3,3,0.128999
2,1,2,3,3,0.154630
2,1,2,3,3,0.146918
0,2,2,3,3,0.120446
3,3,8,3,1,0.120839
0,0,3,3,1,0.111517
3,12,18,3,0,0.118599
0,2,1,2,0,0.112336
0,3,2,2,0,0.109661
3,11,2,2,0,0.108125
2,13,2,1,0,0.112010
3,11,2,2,3,0.118883
2,9,2,1,3,0.112663
0,2,3,2,3,0.107982
0,2,2,1,3,0.104398
0,3,3,3,3,0.090723
3,12,5,1,0,0.087556
3,12,4,1,2,0.084954
3,3,19,1,3,0.088001
2,3,3,1,3,0.105618
0,3,3,1,3,0.080576
3,19,2,0,2,0.083960
0,2,3,3,2,0.090846
0,2,2,0,2,0.076135
2,1,1,1,2,0.077527
2,20,1,1,2,0.083063
0,0,1,1,2,0.088657
3,3,19,1,3,0.070558
3,13,2,0,0,0.066453
0,2,3,0,0,0.067864
0,0,1,1,0,0.062994
2,12,0,2,0,0.067759
0,3,0,0,0,0.068405
3,19,3,2,3,0.069012
0,3,3,2,3,0.058168
2,14,1,2,3,0.060833
2,20,2,2,3,0.060867
0,1,1,2,3,0.067198
0,0,2,3,3,0.059274
0,0,0,2,3,0.054126
0,0,2,2,3,0.057182
3,1,2,3,2,0.071273
3,11,2,1,0,0.067384
3,11,3,3,1,0.076587
3,2,9,1,0,0.068869
3,3,8,1,2,0.050494
0,3,0,1,2,0.060814
2,12,2,1,2,0.049285
3,17,12,1,0,0.053250
0,2,1,1,0,0.056918
2,1,2,1,0,0.049748
0,2,0,2,0,0.051194
0,2,3,1,0,0.046442
2,12,3,3,0,0.042603
0,1,3,3,0,0.044083
3,13,2,3,0,0.043052
0,3,2,1,0,0.041915
0,3,1,3,0,0.041822
3,9,1,2,3,0.053826
0,3,1,2,3,0.056486
0,3,1,2,3,0.052533
2,18,0,3,3,0.045598
2,18,3,0,3,0.046476
2,7,2,0,3,0.055189
0,3,1,1,3,0.045356
3,8,3,3,2,0.037809
3,8,2,3,0,0.043300
3,2,4,0,0,0.048929
0,1,3,0,0,0.037612
0,3,0,3,0,0.036923
0,3,3,3,0,0.033451
0,3,2,0,0,0.036029
0,1,2,0,0,0.038829
2,1,2,2,0,0.045748
0,0,0,0,0,0.042135
3,8,3,3,2,0.034742
2,6,1,0,2,0.039148
2,17,0,1,2,0.033083
0,3,3,1,2,0.034853
0,3,1,2,2,0.032258
2,9,3,0,2,0.032663
0,3,3,0,2,0.030747
0,0,3,0,2,0.030963
0,3,1,2,2,0.029817
3,3,19,2,3,0.035175
0,1,0,3,3,0.042745
0,3,1,2,3,0.036253
3,8,3,0,2,0.031901
2,18,2,0,2,0.031384
2,19,0,3,2,0.033152
0,1,2,0,2,0.034842
3,8,3,1,2,0.034485
0,0,2,0,2,0.034208
2,2,0,1,2,0.031629
3,8,2,2,0,0.039100
0,0,0,3,0,0.027931
2,17,1,0,0,0.027570
0,2,0,1,0,0.031711
0,2,0,0,0,0.029428
2,7,2,1,0,0.028398
0,1,1,0,0,0.028179
0,3,1,2,0,0.027901
2,1,2,2,0,0.029848
0,1,1,1,0,0.031327
2,18,0,0,0,0.026401
0,3,0,0,0,0.024067
2,5,1,1,0,0.024823
0,0,1,1,0,0.026398
3,6,17,1,2,0.026374
0,1,0,0,2,0.029399
2,17,2,1,2,0.028929
2,2,2,1,2,0.027488
0,1,3,1,2,0.026390
0,0,2,0,2,0.022042
0,2,2,1,2,0.021815
2,6,2,3,2,0.028543
0,2,2,3,2,0.028470
3,1,14,3,0,0.036688
2,9,2,2,0,0.022621
3,3,8,3,2,0.028120
0,0,2,2,2,0.027864
2,1,3,3,2,0.024003
0,3,2,3,2,0.026194
0,3,3,3,2,0.024070
2,10,1,1,2,0.023285
3,8,3,1,2,0.027137
2,18,1,3,2,0.024795
2,13,1,1,2,0.022566
2,17,1,1,2,0.019758
3,12,4,1,2,0.023770
0,3,1,2,2,0.022247
0,3,1,1,2,0.019537
0,1,1,0,2,0.020359
0,0,2,1,2,0.023059
2,0,1,1,2,0.021166
0,2,2,0,2,0.016961
3,8,2,2,0,0.016599
3,8,3,2,2,0.019740
0,2,0,0,2,0.017288
0,0,2,2,2,0.016974
0,2,0,0,2,0.020040
0,3,3,2,2,0.020837
0,0,2,2,2,0.023305
0,3,3,1,2,0.018748
2,6,1,1,2,0.021199
3,8,3,1,2,0.023018
0,2,1,1,2,0.021018
3,2,9,1,0,0.019030
2,9,1,1,0,0.018141
0,2,2,1,0,0.018193
0,3,1,1,0,0.020010
0,1,3,3,0,0.017977
2,8,2,0,0,0.021038
2,14,2,0,0,0.015078
2,14,2,0,0,0.017766
0,1,2,0,0,0.022785
2,19,3,0,0,0.020893
0,0,2,0,0,0.019528
2,1,3,0,0,0.019539
2,6,3,2,0,0.020735
3,8,3,0,2,0.019838
2,4,3,2,2,0.017095
2,7,3,0,2,0.017296
0,2,3,2,2,0.019356
2,12,2,0,2,0.015428
2,12,2,0,2,0.020906
2,12,3,1,2,0.018623
2,12,3,2,2,0.020756
2,10,2,0,2,0.018611
0,1,3,0,2,0.017529
0,2,2,0,2,0.019353
0,2,2,0,2,0.018416
2,20,3,3,2,0.019988
2,1,3,2,2,0.019047
3,3,8,3,2,0.018625
3,8,3,0,2,0.016362
0,3,3,3,2,0.015644
3,8,3,2,2,0.019296
2,20,0,0,2,0.019780
0,3,2,2,2,0.017781
0,0,0,0,2,0.016015
0,0,2,0,2,0.016418
0,0,2,0,2,0.021736
0,3,1,1,2,0.014500
0,3,2,2,2,0.013753
0,3,1,2,2,0.014892
2,10,1,2,2,0.015059
0,1,1,2,2,0.017391
2,6,1,0,2,0.016858
0,0,1,0,2,0.015993
0,0,1,0,2,0.018804
0,0,1,0,2,0.017771
0,0,1,0,2,0.016800
0,0,3,1,2,0.016038
0,3,1,2,2,0.013681
0,3,1,2,2,0.017826
0,3,1,3,2,0.013801
0,3,1,3,2,0.015622
0,0,1,0,2,0.016592
2,20,2,0,2,0.015820
3,8,3,2,2,0.016683
2,17,2,0,2,0.015562
0,3,3,2,2,0.015646
0,2,2,0,2,0.015828
0,2,2,0,2,0.015879
0,0,1,0,2,0.016646
0,0,2,1,2,0.014303
0,3,1,2,2,0.013853
2,10,2,3,2,0.013942
2,8,1,0,2,0.012519
3,8,3,3,2,0.014875
0,1,1,0,2,0.012550
0,2,2,3,2,0.014966
2,5,3,3,2,0.013656
0,0,2,0,2,0.012646
0,0,2,0,2,0.015304
0,1,1,0,2,0.017971
2,10,1,1,2,0.015278
0,2,2,0,2,0.016420
0,3,1,1,2,0.015171
2,14,3,0,2,0.013272
2,9,1,1,2,0.011801
0,3,1,3,2,0.012626
0,0,1,0,2,0.016003
0,2,2,0,2,0.014892
0,1,3,1,2,0.013886
0,1,2,0,2,0.015241
0,2,2,0,2,0.015078
0,0,2,0,2,0.014624
0,0,2,3,2,0.014158
0,2,3,3,2,0.013296
0,0,2,0,2,0.013295
0,0,2,0,2,0.015322
0,3,2,2,2,0.011827
0,0,2,0,2,0.012646
0,3,3,2,2,0.013346
2,7,0,0,2,0.011499
0,0,3,3,2,0.013277
0,0,3,3,2,0.014482
0,0,3,0,2,0.014014
0,0,3,3,2,0.012676
2,7,1,1,2,0.011605
0,0,1,0,2,0.011905
3,3,8,0,2,0.011888
0,3,1,1,2,0.011022
0,1,1,0,2,0.011867
0,2,2,2,2,0.015197
0,2,1,3,2,0.013220
3,8,3,2,2,0.013058
2,10,1,1,2,0.014528
0,3,3,2,2,0.014665
2,20,1,1,2,0.014329
0,1,0,0,2,0.014758
0,2,1,1,2,0.014614
2,0,1,0,2,0.011295
3,8,3,3,2,0.011287
3,12,4,0,2,0.012041
3,12,4,0,2,0.014386
2,12,2,2,2,0.015066
2,12,3,1,2,0.016277
0,1,1,0,2,0.012103
0,1,1,1,2,0.014775
3,8,3,0,2,0.011678
0,3,0,0,2,0.014057
0,3,1,0,2,0.011834
2,12,3,3,2,0.011962
2,12,3,1,2,0.014732
2,18,0,1,2,0.012735
2,18,1,0,2,0.014010
0,2,3,3,2,0.010221
0,3,2,0,2,0.010450
0,0,2,0,2,0.011686
0,0,2,0,2,0.011316
0,0,2,2,2,0.012288
0,0,2,2,2,0.013214
0,0,2,0,2,0.013796
0,0,2,0,2,0.013743
0,0,2,0,2,0.013061
2,20,0,1,2,0.013541
0,0,1,0,2,0.014215
0,0,1,0,2,0.013449
0,0,1,0,2,0.012725
2,6,2,0,2,0.013093
0,1,3,0,2,0.013406
2,18,0,1,2,0.013333
2,19,2,3,2,0.012942
3,2,9,1,0,0.014169
2,3,2,3,0,0.012948
0,0,2,0,0,0.012855
0,2,2,2,0,0.011674
0,2,2,3,0,0.010848
0,2,0,0,0,0.010208
0,2,0,0,0,0.011535
0,2,2,0,0,0.010523
0,1,3,3,0,0.013317
2,5,1,0,0,0.013230
2,14,1,2,0,0.010665
2,2,3,1,0,0.010917
0,0,2,0,0,0.010913
2,19,0,0,0,0.011820
0,3,2,3,0,0.011035
0,0,2,2,0,0.011091
0,0,2,2,0,0.012470
2,12,2,2,0,0.010589
0,0,2,2,0,0.010479
2,7,3,1,0,0.011130
2,14,0,0,0,0.011305
2,14,0,0,0,0.012247
0,3,3,1,0,0.011573
0,3,3,1,0,0.017490
0,3,3,1,0,0.012471
0,3,3,3,0,0.011971
2,17,1,0,0,0.011191
0,3,1,2,0,0.012165
2,5,0,0,0,0.010896
0,3,1,3,0,0.011548
0,2,0,0,0,0.010935
0,2,0,0,0,0.012447
3,12,4,2,2,0.013256
2,3,3,3,2,0.013878
3,8,2,0,0,0.010452
0,3,3,2,0,0.012526
0,2,3,3,0,0.012876
2,7,2,1,0,0.010766
0,1,1,1,0,0.012084
3,12,4,1,2,0.011289
2,2,3,0,2,0.012253
2,4,0,1,2,0.012238
3,12,4,1,2,0.011201
2,20,0,0,2,0.013327
2,19,0,0,2,0.013122
2,12,1,3,2,0.012005
3,12,4,1,2,0.011152
0,2,0,0,2,0.009938
3,8,3,1,2,0.010439
0,2,0,0,2,0.010448
3,12,4,0,2,0.013807
0,1,1,1,2,0.012513
0,0,3,1,2,0.010537
2,8,0,1,2,0.010709
3,8,3,0,2,0.010452
2,10,1,3,2,0.013395
0,1,1,0,2,0.012575
0,1,1,0,2,0.011881
0,3,2,1,2,0.009495
0,3,1,3,2,0.009265
0,1,0,0,2,0.012553
0,1,3,0,2,0.012466
0,1,3,0,2,0.010609
2,20,0,0,2,0.012764
0,3,3,0,2,0.012206
2,3,0,1,2,0.010431
3,8,3,0,2,0.011405
0,3,1,2,2,0.009185
0,3,1,2,2,0.012408
0,3,1,2,2,0.009218
0,3,1,2,2,0.010536
0,2,3,0,2,0.009344
0,2,3,0,2,0.011739
0,0,0,1,2,0.013057
3,8,3,1,2,0.010614
3,2,9,0,0,0.012410
2,1,1,1,0,0.011298
0,3,1,0,0,0.012075
0,3,1,0,0,0.010900
2,9,2,0,0,0.009339
3,2,9,2,0,0.011329
0,0,2,0,0,0.009095
0,0,2,0,0,0.011196
2,13,2,0,0,0.011868
0,1,1,0,0,0.010207
0,0,2,0,0,0.011262
0,0,2,0,0,0.011693
0,1,0,0,0,0.012098
2,13,2,0,0,0.010771
2,6,1,0,0,0.011279
0,2,2,0,0,0.011037
0,2,2,0,0,0.011901
0,2,2,0,0,0.010900
2,16,3,3,0,0.011083
2,8,1,1,0,0.009999
2,14,3,1,0,0.009668
0,1,3,1,0,0.010370
2,0,2,3,0,0.011440
3,2,9,1,0,0.010478
2,4,1,0,0,0.008620
2,12,1,0,0,0.008721
2,12,1,0,0,0.009636
2,15,2,1,0,0.008323
0,0,1,0,0,0.010264
0,0,1,0,0,0.012441
0,0,1,0,0,0.011774
0,0,1,0,0,0.011143
0,0,1,0,0,0.010548
2,10,2,3,0,0.010940
0,3,3,2,0,0.011219
2,18,2,3,0,0.010936
0,1,1,2,0,0.010835
2,3,2,3,0,0.011090
2,3,2,3,0,0.009818
2,20,2,3,0,0.011164
0,1,0,0,0,0.011151
0,3,2,3,0,0.010989
0,3,2,3,0,0.012130
0,3,2,3,0,0.011456
0,3,2,3,0,0.010821
0,3,2,3,0,0.010571
0,3,2,3,0,0.009566
0,2,2,1,0,0.008751
0,2,2,2,0,0.008886
0,3,2,2,0,0.010396
0,2,2,0,0,0.011326
0,2,2,2,0,0.010343
0,2,2,3,0,0.010887
0,1,3,0,0,0.010158
0,2,2,2,0,0.010868
0,1,3,1,0,0.008572
0,3,3,0,0,0.008427
0,3,3,0,0,0.011448
0,2,1,1,0,0.010543
3,8,3,0,2,0.010160
3,8,3,2,2,0.009184
2,17,1,0,2,0.011870
3,8,3,2,2,0.009617
0,3,1,0,2,0.010127
0,0,2,2,2,0.008936
0,0,2,2,2,0.010049
2,7,2,1,2,0.010711
0,3,3,3,2,0.009909
0,3,3,3,2,0.010534
0,3,3,0,2,0.009203
2,12,3,3,2,0.008994
2,3,2,3,2,0.008577
0,3,3,1,2,0.008883
0,2,0,0,2,0.009546
0,0,2,1,2,0.008587
2,20,1,2,2,0.010417
2,2,3,2,2,0.010462
3,2,9,2,0,0.010562
0,3,3,2,0,0.009582
3,2,9,2,0,0.010643
3,12,4,3,2,0.008742
3,8,3,3,2,0.008898
2,8,0,0,2,0.010152
0,2,0,0,2,0.008692
0,2,2,3,2,0.008494
0,2,2,3,2,0.009584
2,3,0,1,2,0.008873
3,12,4,2,2,0.009133
2,4,0,0,2,0.011131
2,4,2,2,2,0.008379
0,2,0,0,2,0.010974
3,8,3,0,2,0.008080
0,3,2,3,2,0.010564
0,3,2,3,2,0.010087
0,3,0,1,2,0.009714
0,3,0,1,2,0.009810
2,13,1,3,2,0.010011
0,0,2,0,2,0.008680
0,0,2,0,2,0.010761
0,0,2,0,2,0.010237
0,0,2,0,2,0.009739
0,0,2,0,2,0.009625
0,0,2,0,2,0.011260
0,3,2,3,2,0.008578
2,2,3,0,2,0.009663
0,1,1,2,2,0.010234
0,2,0,0,2,0.008348
3,8,3,0,2,0.008505
0,3,2,3,2,0.008457
0,0,2,0,2,0.008838
2,8,1,0,2,0.009807
3,8,3,2,2,0.008565
0,2,1,3,2,0.011028
0,2,1,3,2,0.010861
0,0,2,0,2,0.008643
0,2,1,2,2,0.008329
0,3,2,3,2,0.009807
0,3,2,3,2,0.008673
0,0,2,0,2,0.008091
2,9,1,2,2,0.009464
2,17,2,0,2,0.007766
1,0.400000
1,0.400000
1,0.300000
1,0.400000
0,0.200000
1,0.400000
0,0.200000
1,0.200000
0,0.300000
1,0.400000
1,0.500000
1,0.500000
1,0.200000
1,0.200000
1,0.400000
1,0.300000
1,0.600000
1,0.300000
1,0.300000
1,0.400000
1,0.300000
1,0.300000
1,0.100000
1,0.400000
1,0.100000
1,0.300000
1,0.200000
0,0.100000
1,0.100000
0,0.100000
1,0.100000
0,0.100000
1,0.100000
1,0.200000
1,0.200000
1,0.200000
1,0.200000
1,0.200000
1,0.200000
0,0.200000
1,0.200000
0,0.200000
1,0.500000
1,0.100000
1,0.500000
1,0.100000
0,0.200000
0,0.200000
1,0.100000
1,0.700000
0,0.500000
1,0.100000
0,0.200000
1,0.100000
0,0.500000
1,0.100000
1,0.200000
1,0.700000
0,0.500000
1,0.400000
0,0.500000
1,0.400000
0,0.300000
1,0.100000
0,0.500000
1,0.100000
1,0.100000
0,0.300000
1,0.100000
0,0.900000
1,0.100000
1,0.200000
1,0.200000
1,0.100000
1,0.100000
1,0.100000
1,0.200000
1,0.200000
0,0.400000
1,0.800000
0,0.200000
1,0.200000
0,0.300000
1,0.800000
1,0.800000
1,0.200000
0,0.200000
1,0.800000
1,0.100000
1,0.200000
0,0.400000
1,0.500000
0,0.600000
1,0.700000
0,0.100000
0,0.300000
1,0.100000
1,0.300000
1,0.200000
1,0.200000
0,0.100000
0,0.400000
1,0.200000
1,0.500000
1,0.200000
0,0.100000
0,0.500000
1,0.700000
0,0.400000
1,0.600000
0,0.500000
1,0.600000
1,0.300000
1,0.500000
0,0.100000
1,0.600000
0,0.700000
1,0.400000
0,0.100000
0,0.400000
1,0.500000
0,0.500000
0,0.200000
0,0.200000
1,0.100000
1,0.100000
1,0.400000
1,0.300000
1,0.400000
1,0.400000
0,0.200000
0,0.100000
1,0.400000
0,0.300000
1,0.500000
0,0.300000
0,0.500000
1,0.500000
0,0.500000
1,0.500000
0,0.300000
1,0.500000
1,0.100000
1,0.400000
0,0.600000
1,0.100000
1,0.100000
1,0.400000
1,0.100000
1,0.100000
0,0.100000
1,0.400000
0,0.400000
1,0.200000
1,0.300000
1,0.300000
1,0.400000
1,0.300000
0,0.600000
1,0.700000
0,0.500000
1,0.500000
0,0.400000
1,0.400000
0,0.400000
1,0.400000
0,0.300000
1,0.400000
0,0.300000
1,0.500000
0,0.500000
0,0.100000
0,0.100000
0,0.400000
1,0.900000
0,0.500000
1,0.900000
0,0.300000
1,0.900000
0,0.300000
1,0.900000
0,0.300000
1,0.200000
0,0.100000
1,0.100000
1,0.700000
0,0.500000
1,0.900000
0,0.500000
1,0.900000
0,0.700000
1,0.700000
0,0.700000
0,0.100000
0,0.700000
1,0.500000
0,0.600000
1,0.500000
0,0.600000
1,0.200000
0,0.100000
1,0.100000
0,0.300000
1,0.700000
0,0.400000
1,0.900000
0,0.400000
1,0.900000
0,0.400000
1,0.900000
0,0.400000
1,0.300000
0,0.400000
1,0.300000
1,0.400000
0,0.500000
1,0.900000
0,0.500000
1,0.700000
0,0.500000
1,0.700000
0,0.500000
1,0.900000
0,0.400000
1,0.100000
0,0.400000
1,0.600000
0,0.100000
1,0.600000
0,0.100000
1,0.600000
0,0.900000
1,0.200000
0,0.500000
1,0.300000
0,0.300000
1,0.900000
0,0.300000
1,0.400000
1,0.100000
0,0.600000
1,0.900000
0,0.500000
1,0.700000
0,0.400000
1,0.900000
0,0.500000
1,0.500000
0,0.900000
1,0.200000
0,0.100000
1,0.100000
1,0.200000
0,0.300000
0,0.200000
1,0.200000
0,0.400000
1,0.400000
1,0.200000
1,0.100000
0,0.200000
0,0.100000
1,0.100000
0,0.100000
1,0.900000
0,0.800000
1,0.700000
0,0.300000
1,0.700000
0,0.300000
1,0.800000
0,0.300000
1,0.300000
1,0.300000
1,0.300000
0,0.500000
1,0.100000
1,0.100000
1,0.300000
0,0.500000
1,0.900000
0,0.500000
1,0.100000
1,0.300000
1,0.100000
0,0.600000
1,0.900000
1,0.300000
1,0.100000
0,0.100000
1,0.200000
1,0.100000
0,0.500000
1,0.900000
0,0.500000
1,0.900000
0,0.600000
1,0.900000
0,0.400000
1,0.900000
0,0.100000
1,0.900000
0,0.600000
1,0.500000
0,0.600000
1,0.500000
0,0.100000
0,0.400000
0,0.300000
1,0.400000
0,0.200000
0,0.400000
1,0.500000
0,0.300000
1,0.700000
0,0.300000
1,0.200000
0,0.600000
1,0.100000
1,0.300000
0,0.400000
1,0.300000
1,0.300000
1,0.100000
1,0.400000
1,0.400000
1,0.100000
0,0.300000
1,0.200000
1,0.500000
0,0.100000
1,0.700000
0,0.600000
1,0.400000
1,0.400000
0,0.600000
1,0.700000
0,0.900000
1,0.400000
1,0.700000
0,0.900000
1,0.100000
1,0.100000
1,0.100000
1,0.500000
0,0.600000
1,0.100000
1,0.300000
1,0.900000
0,0.500000
0,0.600000
1,0.400000
1,0.100000
0,0.600000
1,0.900000
0,0.500000
1,0.400000
0,0.600000
1,0.500000
0,0.500000
1,0.300000
0,0.100000
1,0.100000
0,0.500000
1,0.800000
0,0.400000
1,0.900000
1,0.300000
1,0.500000
0,0.600000
1,0.900000
0,0.400000
1,0.300000
0,0.400000
1,0.500000
0,0.400000
1,0.900000
0,0.600000
1,0.700000
0,0.300000
1,0.700000
0,0.300000
1,0.100000
0,0.100000
1,0.500000
0,0.100000
1,0.200000
0,0.500000
1,0.300000
0,0.500000
1,0.900000
1,0.300000
1,0.900000
0,0.300000
1,0.900000
0,0.500000
1,0.900000
0,0.700000
1,0.800000
1,0.700000
1,0.700000
0,0.800000
1,0.800000
1,0.900000
1,0.900000
1,0.900000
0,0.100000
1,0.900000
0,0.400000
1,0.900000
0,0.400000
1,0.900000
0,0.800000
1,0.700000
0,0.800000
1,0.900000
0,0.800000
1,0.500000
0,0.800000
1,0.900000
0,0.800000
1,0.500000
0,0.800000
1,0.500000
0,0.200000
1,0.100000
0,0.100000
0,0.400000
1,0.500000
0,0.500000
1,0.900000
0,0.800000
1,0.900000
0,0.500000
1,0.100000
1,0.200000
0,0.300000
1,0.800000
0,0.300000
1,0.300000
0,0.300000
1,0.900000
0,0.300000
1,0.300000
0,0.400000
1,0.800000
0,0.700000
1,0.400000
1,0.200000
0,0.200000
0,0.300000
1,0.500000
0,0.700000
1,0.900000
0,0.200000
1,0.700000
0,0.200000
1,0.700000
0,0.200000
0,0.300000
0,0.300000
1,0.400000
1,0.400000
0,0.300000
1,0.400000
0,0.500000
1,0.900000
0,0.600000
1,0.900000
0,0.600000
1,0.400000
0,0.800000
1,0.500000
0,0.500000
1,0.900000
0,0.800000
1,0.900000
0,0.500000
1,0.900000
0,0.500000
1,0.200000
0,0.100000
0,0.200000
1,0.900000
0,0.200000
1,0.400000
0,0.200000
1,0.100000
1,0.200000
0,0.100000
1,0.500000
0,0.800000
1,0.300000
0,0.100000
1,0.500000
0,0.200000
1,0.100000
1,0.200000
0,0.800000
0,0.100000
1,1.208261
0,0.737896
1,1.185762
0,1.037352
1,1.167423
0,1.048611
0,1.268022
0,0.987718
0,0.960017
0,0.846827
0,0.846827
0,2.034898
0,2.084898
0,2.034898
0,2.034898
1,0.773536
0,1.280870
0,1.280870
0,1.266467
0,1.166467
0,1.166467
0,1.175221
0,1.266467
0,1.034743
0,1.034743
0,1.275221
1,1.318879
1,0.737896
0,1.078569
0,1.178569
0,0.786034
1,1.037352
0,0.786034
0,0.786034
1,1.317100
0,0.786034
1,1.037352
0,0.910024
0,1.231072
0,1.231072
1,1.037352
0,1.156660
0,1.156660
1,1.037352
1,1.396115
1,1.037352
0,1.156660
0,1.255546
0,1.255546
0,1.006098
0,1.060135
0,1.006098
0,1.060135
1,1.346115
0,1.060135
1,1.346115
1,1.346115
1,1.346115
1,1.229490
1,1.005088
1,0.737896
0,0.865891
0,1.010135
1,1.296115
1,1.037352
0,1.186124
0,1.005546
0,1.306660
0,1.186124
0,1.306660
0,1.306660
0,1.256660
0,1.256660
0,1.306660
0,1.175380
1,1.229490
1,0.929780
1,1.229490
1,1.229490
0,1.175380
0,1.175380
0,1.186124
1,1.229490
0,1.175380
1,1.229490
0,1.186124
1,1.202780
1,1.475380
1,1.202780
1,1.475380
1,1.052780
1,1.475380
1,1.052780
1,1.475380
1,1.052780
1,1.396115
0,1.125380
0,1.125380
0,1.125380
0,1.125380
0,1.125380
0,1.125380
1,1.037352
0,1.125380
0,1.125380
0,1.125380
1,1.229490
1,1.475380
1,1.229490
1,1.475380
1,1.229490
1,1.346115
1,1.229490
1,1.475380
0,1.256660
1,1.475380
1,0.736034
1,1.475380
0,1.256660
1,1.475380
1,1.475380
1,0.796783
1,1.475380
0,1.125380
0,1.125380
1,0.806565
1,1.006565
1,0.806565
1,1.475380
1,1.475380
0,1.452780
0,1.125380
0,1.125380
1,0.736034
1,1.475380
1,0.860338
1,1.396115
1,1.446115
0,1.502780
1,1.475380
1,1.152780
1,1.475380
1,1.152780
1,1.475380
1,1.229490
1,1.136034
1,1.229490
1,1.136034
1,1.229490
0,1.125380
1,1.229490
1,1.475380
1,1.229490
1,1.229490
1,1.229490
0,1.125380
1,1.146115
0,1.256660
0,1.256660
1,1.475380
0,1.256660
1,1.475380
0,1.256660
1,1.475380
1,1.146115
0,0.910135
1,1.146115
1,1.296115
1,1.146115
1,1.296115
1,1.146115
0,1.175380
1,1.152780
0,1.502780
0,1.025380
1,1.052780
0,1.025380
1,1.052780
0,1.025380
1,1.146115
1,1.475380
1,1.146115
1,1.146115
1,1.146115
1,1.146115
1,1.475380
1,1.146115
1,1.475380
1,1.146115
1,1.475380
1,1.146115
1,1.475380
1,1.146115
0,1.175380
1,0.810135
1,1.475380
0,1.679490
1,1.475380
1,1.229490
1,1.475380
0,0.886034
0,0.886034
0,0.886034
1,1.475380
1,0.810135
1,1.475380
1,0.810135
1,1.475380
1,0.810135
1,1.475380
1,0.810135
1,1.475380
0,0.886034
1,1.475380
1,1.475380
1,0.810135
1,1.475380
0,0.886034
1,1.475380
1,1.229490
1,1.136034
0,1.375380
1,1.136034
0,1.375380
1,1.136034
0,0.886034
1,1.136034
0,0.886034
0,1.075380
1,1.146115
1,1.136034
1,1.146115
1,1.136034
0,0.886034
1,1.136034
0,0.886034
1,1.136034
0,0.886034
1,1.136034
1,1.146115
1,1.146115
1,1.136034
1,1.146115
1,1.136034
1,1.146115
1,1.136034
1,1.146115
1,1.136034
1,1.146115
1,1.136034
1,1.146115
1,1.146115
1,1.146115
1,1.146115
1,1.136034
1,1.146115
1,1.146115
1,1.136034
1,1.146115
1,1.146115
1,1.146115
1,1.146115
1,1.475380
0,1.175380
1,1.475380
0,1.375380
1,1.475380
0,1.375380
1,1.136034
0,1.375380
1,1.136034
0,1.375380
0,1.175380
0,1.375380
1,1.136034
0,0.886034
0,1.175380
1,1.136034
1,1.475380
1,0.736034
1,1.475380
1,0.736034
1,1.136034
0,1.175380
1,1.136034
1,0.736034
1,1.136034
1,1.136034
1,1.136034
0,1.175380
0,1.175380
1,0.736034
1,0.736034
1,1.136034
1,0.736034
1,1.136034
1,0.736034
1,1.136034
1,0.736034
1,1.136034
1,0.736034
1,1.136034
1,0.736034
1,1.136034
1,0.810135
1,1.136034
1,0.736034
0,1.060135
0,0.910135
0,0.910135
1,1.136034
0,1.175380
1,1.136034
1,0.736034
0,0.910135
0,1.175380
0,1.175380
1,0.810135
0,1.175380
0,1.175380
1,0.810135
0,1.175380
1,1.136034
0,0.886034
0,0.886034
1,1.229490
0,0.886034
0,0.886034
1,1.136034
1,1.136034
1,0.810135
1,1.136034
1,0.810135
1,1.136034
1,0.810135
0,1.175380
1,1.136034
0,1.375380
1,1.229490
0,0.910135
0,0.886034
0,1.175380
0,0.886034
0,0.886034
1,1.136034
1,0.810135
1,1.136034
1,0.810135
1,1.475380
1,0.810135
0,0.886034
0,1.175380
0,1.175380
1,1.136034
1,1.136034
1,0.810135
0,0.910135
1,0.810135
1,1.475380
1,0.810135
1,1.475380
1,0.810135
0,1.075380
1,0.810135
1,1.475380
1,0.810135
1,1.475380
1,0.810135
1,1.475380
1,0.810135
0,1.075380
1,0.810135
1,0.810135
1,1.475380
1,1.475380
1,0.810135
1,1.475380
1,0.810135
1,1.475380
1,0.810135
0,0.910135
1,0.810135
0,0.910135
0,0.910135
0,0.910135
1,1.010135
1,1.010135
1,0.810135
1,1.475380
1,0.810135
1,1.475380
1,0.810135
1,1.475380
1,0.810135
1,1.475380
1,0.810135
1,1.475380
1,0.810135
1,1.010135
0,1.225380
1,1.475380
1,0.810135
1,1.010135
1,1.475380
1,1.475380
0,0.836034
0,1.375380
1,1.475380
0,1.375380
1,1.475380
0,1.375380
1,1.475380
0,1.375380
1,1.475380
0,1.375380
1,1.475380
0,1.375380
1,1.475380
0,1.375380
1,1.475380
0,1.375380
1,1.475380
0,1.375380
1,1.475380
0,1.375380
0,1.225380
0,1.225380
0,1.225380
1,1.475380
0,1.375380
1,1.475380
0,1.375380
1,1.475380
0,1.375380
0,1.225380
0,1.225380
0,1.225380
1,1.475380
0,1.375380
1,1.475380
1,0.686034
1,1.475380
0,1.375380
1,1.136034
0,0.836034
1,1.136034
0,1.375380
1,1.136034
0,1.225380
0,1.225380
0,0.886034
0,1.175380
0,0.886034
0,1.225380
1,0.810135
1,1.136034
1,0.810135
1,1.136034
0,1.060135
0,0.886034
0,1.225380
1,1.136034
1,1.136034
1,1.136034
1,1.136034
0,1.225380
1,1.136034
1,0.810135
1,1.475380
1,0.810135
1,1.475380
1,0.810135
1,1.136034
1,0.810135
1,1.136034
1,0.810135
1,1.136034
1,0.810135
1,1.136034
1,0.810135
1,1.475380
0,1.225380
0,1.225380
1,1.136034
1,0.810135
1,1.010135
0,1.225380
1,1.010135
1,1.010135
1,0.810135
1,1.475380
1,0.810135
0,1.025380
1,1.010135
1,1.010135
0,1.375380
1,1.010135
1,1.010135
1,0.810135
0,1.025380
1,1
1,1
0,0
1,1
0,0
0,2
0,2
0,1
0,2
0,1
0,2
1,0
0,0
1,1
1,0
1,1
1,1
1,1
0,0
1,1
0,0
1,1
1,1
0,0
0,0
0,0
0,0
1,0
0,0
1,0
0,1
1,1
1,1
1,1
0,1
1,1
1,1
1,1
1,1
1,1
0,0
1,1
1,1
0,0
0,1
0,0
0,1
0,0
0,0
0,1
0,0
1,1
0,0
1,3
0,0
1,3
1,4
1,4
0,1
1,4
0,1
1,3
1,0
1,4
0,1
1,4
1,0
0,1
1,3
0,1
1,0
0,3
1,0
0,1
1,0
1,0
1,0
1,0
1,0
1,0
0,1
1,2
0,0
1,3
1,3
1,3
0,4
1,3
1,2
1,3
0,0
1,3
0,2
0,0
0,2
0,0
0,4
0,3
0,2
1,1
1,1
0,1
1,2
1,1
0,1
1,1
0,1
1,1
0,0
1,2
0,3
1,2
0,3
1,0
0,3
1,4
0,4
1,1
0,4
1,4
1,4
0,3
1,0
1,3
1,3
1,1
1,1
0,3
1,1
1,2
0,1
0,4
0,1
0,3
1,4
0,4
0,4
1,1
0,1
1,1
0,1
0,0
0,1
0,0
0,1
0,0
0,3
1,4
0,3
0,3
0,3
1,1
0,3
1,3
0,1
0,1
1,3
1,3
0,3
1,3
0,3
1,1
0,3
1,4
0,1
1,1
0,4
1,1
0,1
1,1
0,1
0,1
1,3
0,1
1,1
0,1
1,4
0,3
1,4
0,1
1,2
0,1
1,4
0,3
1,2
0,1
0,1
1,4
0,1
1,4
0,1
1,4
0,1
1,0
0,1
1,4
0,1
1,2
0,2
1,2
0,1
1,1
1,1
1,0
0,2
1,2
0,3
1,2
0,1
1,2
0,1
1,2
1,0
1,0
1,0
0,4
1,2
0,1
1,2
0,4
1,2
0,1
1,0
0,1
1,0
1,0
1,0
0,1
1,4
1,1
1,2
1,1
0,2
0,2
1,2
0,2
1,2
0,1
0,1
0,2
0,1
1,2
0,1
1,2
0,1
1,2
0,1
1,2
0,1
1,2
0,1
0,1
0,1
0,1
1,1
0,1
0,0
1,2
0,0
0,0
0,1
1,2
0,1
0,3
1,2
0,1
1,2
0,2
1,2
0,1
1,2
0,2
0,1
0,1
1,2
0,1
0,3
1,2
1,2
0,1
0,1
0,1
1,2
0,3
1,4
0,1
1,0
1,0
1,2
0,0
0,0
0,1
0,2
1,2
0,1
1,2
0,1
1,2
0,3
1,2
0,3
1,2
0,2
1,2
0,3
1,4
0,3
0,0
0,1
0,1
0,1
1,1
1,4
1,1
0,1
1,0
0,0
0,0
0,3
0,3
0,1
0,3
0,0
0,0
0,2
1,3
0,3
0,4
1,1
1,1
0,3
1,1
0,4
1,1
0,1
1,0
1,2
1,0
0,0
1,2
0,1
1,1
0,1
1,2
1,2
0,1
0,3
0,1
1,1
0,3
1,2
0,0
0,0
0,1
1,4
0,1
1,4
0,1
1,4
0,2
1,4
0,3
1,4
0,3
1,4
0,1
1,4
0,1
1,4
0,3
1,4
0,0
0,0
0,0
1,4
0,4
1,4
0,3
1,4
0,3
1,4
0,3
1,4
0,4
1,4
0,0
0,0
0,3
1,4
0,3
1,4
0,3
1,4
0,3
1,4
0,3
1,4
0,3
0,0
0,2
1,4
0,4
0,0
0,0
0,3
1,4
0,4
1,2
0,2
1,2
0,2
1,2
0,2
1,2
0,2
1,2
0,3
1,4
0,1
1,2
0,4
1,2
0,4
1,2
0,4
0,1
0,3
0,3
1,2
0,4
1,2
0,4
1,2
0,4
1,2
0,3
0,3
1,2
0,4
0,3
0,4
1,2
0,1
1,2
0,3
1,2
0,1
1,4
0,3
0,3
0,1
1,4
0,1
1,4
0,1
1,4
0,2
1,4
0,3
1,2
0,2
0,0
1,1
1,1
1,1
1,0
1,4
0,1
1,2
0,3
1,1
0,3
1,4
0,3
1,4
0,3
1,4
0,2
1,4
0,2
1,4
1,1
1,1
1,4
0,2
1,1
1,1
0,1
1,1
0,1
1,1
0,3
1,4
0,4
0,4
0,4
0,0
0,0
0,4
0,0
10.041646,960.000000
2.427360,960.000000
2.153601,960.000000
3.390510,960.000000
1.714988,960.000000
8.223749,960.000000
2.582723,960.000000
1.519660,960.000000
1.846871,960.000000
7.331036,960.000000
1.204938,960.000000
1.125508,960.000000
8.130830,960.000000
3.772174,960.000000
6.682607,960.000000
8.215256,960.000000
4.710347,960.000000
4.310199,960.000000
2.011227,960.000000
0.829269,960.000000
0.866236,960.000000
2.476816,960.000000
1.676522,960.000000
0.815281,960.000000
0.980136,960.000000
0.713371,960.000000
2.915929,960.000000
1.293360,960.000000
0.648428,960.000000
0.624449,960.000000
3.449958,960.000000
0.377667,960.000000
0.481076,960.000000
3.840613,960.000000
1.603586,960.000000
2.566237,960.000000
3.610317,960.000000
1.845872,960.000000
1.711491,960.000000
1.226419,960.000000
0.429122,960.000000
0.626448,960.000000
1.878843,960.000000
0.971144,960.000000
0.889216,960.000000
1.367294,960.000000
0.888217,960.000000
2.671644,960.000000
0.893712,960.000000
0.851749,960.000000
0.816780,960.000000
2.789041,960.000000
0.418131,960.000000
0.566500,960.000000
3.046314,960.000000
1.233912,960.000000
2.006231,960.000000
2.703116,960.000000
1.590098,960.000000
1.414253,960.000000
0.520541,960.000000
0.547018,960.000000
0.278255,960.000000
4.129858,960.000000
0.907700,960.000000
2.105144,960.000000
3.436470,960.000000
0.771320,960.000000
3.766179,960.000000
1.033089,960.000000
0.946665,960.000000
1.791920,960.000000
3.265620,960.000000
0.699383,960.000000
1.042581,960.000000
3.780167,960.000000
1.893331,960.000000
3.187689,960.000000
2.614195,960.000000
2.159096,960.000000
2.340436,960.000000
0.615957,960.000000
0.573994,960.000000
0.335704,960.000000
1.112519,960.000000
0.811784,960.000000
0.567000,960.000000
0.751837,960.000000
0.852748,960.000000
1.364797,960.000000
0.653923,960.000000
0.660917,960.000000
0.547018,960.000000
2.689129,960.000000
0.296738,960.000000
0.429621,960.000000
2.140113,960.000000
1.036086,960.000000
1.418749,960.000000
2.097650,960.000000
1.109522,960.000000
0.975140,960.000000
0.567000,960.000000
0.515046,960.000000
0.340700,960.000000
7.673734,960.000000
2.853983,960.000000
3.024333,960.000000
3.960008,960.000000
1.801911,960.000000
8.063889,960.000000
3.229153,960.000000
1.687512,960.000000
2.183575,960.000000
7.541850,960.000000
0.970644,960.000000
1.459213,960.000000
9.880787,960.000000
4.056923,960.000000
7.371000,960.000000
7.940498,960.000000
4.908172,960.000000
3.702735,960.000000
1.946783,960.000000
1.240906,960.000000
1.262886,960.000000
1.791420,960.000000
1.412255,960.000000
0.672407,960.000000
0.808787,960.000000
0.651925,960.000000
2.551750,960.000000
1.752954,960.000000
0.670409,960.000000
0.575992,960.000000
3.584339,960.000000
0.345196,960.000000
0.424126,960.000000
3.848107,960.000000
1.855364,960.000000
3.019338,960.000000
2.866472,960.000000
1.616075,960.000000
1.234412,960.000000
0.754834,960.000000
0.434617,960.000000
0.527535,960.000000
1.253395,960.000000
0.735851,960.000000
0.593477,960.000000
0.752836,960.000000
0.749339,960.000000
1.130503,960.000000
0.720365,960.000000
0.700382,960.000000
0.626947,960.000000
2.299972,960.000000
0.337702,960.000000
0.513547,960.000000
1.979255,960.000000
0.999619,960.000000
1.379783,960.000000
1.942287,960.000000
1.211432,960.000000
0.944167,960.000000
0.430620,960.000000
0.501058,960.000000
0.297238,960.000000
2.266002,960.000000
0.672407,960.000000
1.108523,960.000000
1.772437,960.000000
0.528034,960.000000
2.541259,960.000000
0.534029,960.000000
0.749839,960.000000
1.490186,960.000000
2.153101,960.000000
0.634940,960.000000
0.683397,960.000000
2.063181,960.000000
1.060065,960.000000
2.046695,960.000000
1.783427,960.000000
1.549134,960.000000
1.459213,960.000000
0.423626,960.000000
0.452101,960.000000
0.269263,960.000000
6.388866,960.000000
3.586837,960.000000
2.593213,960.000000
3.920043,960.000000
2.037703,960.000000
6.800004,960.000000
3.311580,960.000000
1.611579,960.000000
2.349928,960.000000
9.881287,960.000000
1.178960,960.000000
1.338819,960.000000
9.837825,960.000000
4.885192,960.000000
7.348520,960.000000
7.780140,960.000000
4.258245,960.000000
4.264240,960.000000
2.614694,960.000000
1.455716,960.000000
1.620571,960.000000
1.464708,960.000000
0.446606,960.000000
0.551014,960.000000
0.807288,960.000000
0.299736,960.000000
1.253395,960.000000
0.263268,960.000000
0.275257,960.000000
0.525537,960.000000
1.123509,960.000000
0.318719,960.000000
0.313224,960.000000
1.208434,960.000000
0.480576,960.000000
1.034588,960.000000
1.188452,960.000000
0.978637,960.000000
0.845255,960.000000
0.364678,960.000000
0.208816,960.000000
0.172848,960.000000
0.943168,960.000000
0.535028,960.000000
0.452101,960.000000
0.586483,960.000000
0.529034,960.000000
1.392772,960.000000
0.449104,960.000000
0.602469,960.000000
0.591478,960.000000
1.687512,960.000000
0.325713,960.000000
0.422128,960.000000
1.474700,960.000000
0.750338,960.000000
1.127006,960.000000
1.675023,960.000000
0.978637,960.000000
0.900206,960.000000
0.356186,960.000000
0.377167,960.000000
0.159859,960.000000
9.828833,960.000000
3.185691,960.000000
2.420865,960.000000
3.969000,960.000000
1.637556,960.000000
11.766125,960.000000
3.198180,960.000000
1.547136,960.000000
2.252514,960.000000
7.981462,960.000000
1.175464,960.000000
1.289363,960.000000
9.990191,960.000000
4.747314,960.000000
8.595421,960.000000
9.968210,960.000000
5.371763,960.000000
4.716841,960.000000
2.700619,960.000000
1.082545,960.000000
1.358802,960.000000
3.998974,960.000000
1.370791,960.000000
1.742963,960.000000
2.503792,960.000000
0.700382,960.000000
4.515019,960.000000
1.698003,960.000000
0.864238,960.000000
1.311344,960.000000
3.928536,960.000000
0.733353,960.000000
0.805290,960.000000
4.776788,960.000000
2.649164,960.000000
4.110875,960.000000
2.866472,960.000000
2.047694,960.000000
2.360918,960.000000
0.968146,960.000000
0.614458,960.000000
0.587982,960.000000
7.750666,960.000000
2.892949,960.000000
2.396387,960.000000
3.503411,960.000000
1.318338,960.000000
7.828597,960.000000
2.339437,960.000000
1.445226,960.000000
2.511785,960.000000
6.462302,960.000000
1.221423,960.000000
1.362798,960.000000
7.607792,960.000000
3.198180,960.000000
8.265712,960.000000
7.040792,960.000000
4.736324,960.000000
3.824128,960.000000
2.091656,960.000000
0.848252,960.000000
1.112519,960.000000
7.146199,960.000000
3.604821,960.000000
2.162094,960.000000
2.991362,960.000000
2.125626,960.000000
7.497389,960.000000
2.640172,960.000000
1.880842,960.000000
1.962270,960.000000
8.534475,960.000000
1.258890,960.000000
1.256392,960.000000
9.567064,960.000000
4.038939,960.000000
7.109731,960.000000
11.113700,960.000000
5.543612,960.000000
4.093890,960.000000
3.102265,960.000000
1.221423,960.000000
1.356304,960.000000
5.155454,960.000000
2.150604,960.000000
1.354306,960.000000
2.024215,960.000000
1.218426,960.000000
4.560479,960.000000
1.674024,960.000000
1.108023,960.000000
1.397767,960.000000
4.859215,960.000000
0.905202,960.000000
0.878725,960.000000
5.038557,960.000000
2.415870,960.000000
4.187807,960.000000
5.846844,960.000000
3.487425,960.000000
3.156217,960.000000
1.763445,960.000000
0.702381,960.000000
0.760829,960.000000
3.629300,960.000000
1.879842,960.000000
1.353307,960.000000
1.839378,960.000000
1.340318,960.000000
3.360537,960.000000
1.494182,960.000000
1.113019,960.000000
1.296357,960.000000
4.864710,960.000000
0.691390,960.000000
0.881723,960.000000
5.364770,960.000000
2.261506,960.000000
3.327066,960.000000
4.281725,960.000000
2.971380,960.000000
2.387894,960.000000
1.199442,960.000000
0.834764,960.000000
0.749339,960.000000
2.224039,960.000000
0.917691,960.000000
0.629445,960.000000
0.849751,960.000000
0.394652,960.000000
1.970263,960.000000
0.683397,960.000000
0.530033,960.000000
0.758831,960.000000
2.191068,960.000000
0.559007,960.000000
0.494564,960.000000
2.668647,960.000000
0.945666,960.000000
2.580724,960.000000
2.352426,960.000000
1.963768,960.000000
1.078549,960.000000
0.835763,960.000000
0.296738,960.000000
0.419630,960.000000
0.670409,960.000000
0.478078,960.000000
0.393653,960.000000
0.605966,960.000000
0.468087,960.000000
0.996621,960.000000
0.495063,960.000000
0.471085,960.000000
0.479577,960.000000
1.362299,960.000000
0.265266,960.000000
0.350191,960.000000
1.160477,960.000000
0.716868,960.000000
1.033089,960.000000
1.293360,960.000000
0.818778,960.000000
0.681399,960.000000
0.393153,960.000000
0.352189,960.000000
0.152865,960.000000
1.301852,960.000000
0.410138,960.000000
0.381164,960.000000
0.585484,960.000000
0.175345,960.000000
1.493183,960.000000
0.448604,960.000000
0.228798,960.000000
0.361681,960.000000
1.095034,960.000000
0.195827,960.000000
0.227799,960.000000
1.408258,960.000000
0.570497,960.000000
1.383280,960.000000
1.070556,960.000000
0.789804,960.000000
0.651426,960.000000
0.400147,960.000000
0.103409,960.000000
0.377167,960.000000
9.324210,960.000000
2.679262,960.000000
2.124225,960.000000
3.454614,960.000000
1.521229,960.000000
8.428459,960.000000
2.519395,960.000000
1.477765,960.000000
1.937881,960.000000
7.421300,960.000000
1.274935,960.000000
1.184510,960.000000
8.605311,960.000000
3.525555,960.000000
7.123049,960.000000
7.531208,960.000000
4.841955,960.000000
4.053114,960.000000
2.026807,960.000000
1.038632,960.000000
1.001663,960.000000
2.790669,960.000000
2.033301,960.000000
0.971189,960.000000
1.148540,960.000000
0.630973,960.000000
2.875098,960.000000
1.250455,960.000000
0.592505,960.000000
0.673937,960.000000
2.981010,960.000000
0.399167,960.000000
0.681431,960.000000
3.501575,960.000000
1.618148,960.000000
2.905573,960.000000
3.410151,960.000000
1.789005,960.000000
1.465775,960.000000
1.168524,960.000000
0.416152,960.000000
0.613487,960.000000
2.338546,960.000000
0.857284,960.000000
1.399831,960.000000
1.736549,960.000000
0.751872,960.000000
2.916563,960.000000
0.889757,960.000000
0.780848,960.000000
0.882263,960.000000
2.555865,960.000000
0.367693,960.000000
0.624478,960.000000
2.187173,960.000000
1.388840,960.000000
2.180179,960.000000
2.276598,960.000000
1.309406,960.000000
1.490755,960.000000
0.545544,960.000000
0.576019,960.000000
0.287260,960.000000
3.309235,960.000000
1.090089,960.000000
1.527224,960.000000
3.020976,960.000000
0.988174,960.000000
4.090583,960.000000
1.123561,960.000000
1.013653,960.000000
1.434302,960.000000
4.026636,960.000000
0.633970,960.000000
0.723396,960.000000
3.606987,960.000000
2.246623,960.000000
3.198328,960.000000
3.227304,960.000000
2.141211,960.000000
2.114733,960.000000
0.820315,960.000000
0.615985,960.000000
0.434637,960.000000
1.446791,960.000000
0.765361,960.000000
0.792338,960.000000
0.981680,960.000000
0.884261,960.000000
1.811487,960.000000
0.587010,960.000000
0.718400,960.000000
0.723396,960.000000
2.164692,960.000000
0.329225,960.000000
0.513071,960.000000
1.628140,960.000000
0.921730,960.000000
1.398831,960.000000
1.879430,960.000000
1.063112,960.000000
1.241463,960.000000
0.373688,960.000000
0.458617,960.000000
0.254288,960.000000
7.680584,960.000000
3.167854,960.000000
2.614816,960.000000
3.671932,960.000000
1.594168,960.000000
9.263261,960.000000
3.019977,960.000000
1.500247,960.000000
2.461444,960.000000
6.973174,960.000000
1.035635,960.000000
1.276933,960.000000
9.503561,960.000000
4.223472,960.000000
8.306561,960.000000
7.304398,960.000000
4.492747,960.000000
4.096578,960.000000
2.252119,960.000000
1.081596,960.000000
1.244460,960.000000
2.655781,960.000000
1.264943,960.000000
0.995668,960.000000
1.295917,960.000000
0.619982,960.000000
2.962025,960.000000
1.761029,960.000000
0.537051,960.000000
0.637467,960.000000
3.010985,960.000000
0.339716,960.000000
0.423646,960.000000
3.463107,960.000000
1.730055,960.000000
2.473933,960.000000
2.551868,960.000000
1.450788,960.000000
1.460780,960.000000
0.732388,960.000000
0.510074,960.000000
0.523563,960.000000
1.500247,960.000000
0.566027,960.000000
0.820814,960.000000
0.938216,960.000000
0.644961,960.000000
1.727057,960.000000
0.576518,960.000000
0.691422,960.000000
0.729391,960.000000
1.787507,960.000000
0.407160,960.000000
0.546543,960.000000
1.460280,960.000000
0.854286,960.000000
1.436800,960.000000
1.823976,960.000000
1.324893,960.000000
1.183012,960.000000
0.448625,960.000000
0.418650,960.000000
0.218318,960.000000
1.781512,960.000000
0.664944,960.000000
0.854286,960.000000
1.584676,960.000000
0.725894,960.000000
1.952369,960.000000
0.721897,960.000000
0.706909,960.000000
1.612153,960.000000
2.490919,960.000000
0.456119,960.000000
0.639466,960.000000
2.168688,960.000000
1.215485,960.000000
2.173684,960.000000
2.310570,960.000000
1.466775,960.000000
1.379348,960.000000
0.545045,960.000000
0.469108,960.000000
0.318734,960.000000
7.608144,960.000000
2.800660,960.000000
2.600827,960.000000
3.896245,960.000000
2.234134,960.000000
7.599651,960.000000
2.977013,960.000000
1.946874,960.000000
2.515898,960.000000
9.518548,960.000000
1.360364,960.000000
1.624143,960.000000
9.353186,960.000000
4.158526,960.000000
6.609478,960.000000
8.179667,960.000000
4.963853,960.000000
4.555694,960.000000
2.138214,960.000000
1.212487,960.000000
1.212487,960.000000
1.193003,960.000000
0.375187,960.000000
0.367193,960.000000
0.557035,960.000000
0.364695,960.000000
0.965194,960.000000
0.269275,960.000000
0.374687,960.000000
0.466610,960.000000
1.315901,960.000000
0.392172,960.000000
0.319733,960.000000
1.319398,960.000000
0.608991,960.000000
1.052621,960.000000
1.497749,960.000000
1.063611,960.000000
0.848791,960.000000
0.366194,960.000000
0.216319,960.000000
0.193338,960.000000
1.219481,960.000000
0.561031,960.000000
0.645461,960.000000
0.750373,960.000000
0.455619,960.000000
1.312404,960.000000
0.526560,960.000000
0.559033,960.000000
0.616985,960.000000
1.459780,960.000000
0.253288,960.000000
0.473105,960.000000
1.189506,960.000000
0.649957,960.000000
1.117067,960.000000
1.598664,960.000000
1.143545,960.000000
0.910739,960.000000
0.330724,960.000000
0.381182,960.000000
0.159367,960.000000
9.094402,960.000000
3.451616,960.000000
2.575349,960.000000
3.477095,960.000000
1.780013,960.000000
9.576999,960.000000
3.248786,960.000000
1.672103,960.000000
2.052785,960.000000
8.915052,960.000000
1.202495,960.000000
1.326891,960.000000
13.333861,960.000000
4.323888,960.000000
7.759018,960.000000
9.722378,960.000000
5.687249,960.000000
4.478758,960.000000
2.634799,960.000000
1.156034,960.000000
1.296417,960.000000
3.392166,960.000000
1.432303,960.000000
1.334385,960.000000
1.994334,960.000000
0.902746,960.000000
3.823306,960.000000
1.805492,960.000000
0.875768,960.000000
1.197999,960.000000
4.956859,960.000000
0.615486,960.000000
0.732888,960.000000
4.970348,960.000000
3.010985,960.000000
3.592499,960.000000
3.755363,960.000000
2.061778,960.000000
2.175183,960.000000
1.163528,960.000000
0.669441,960.000000
0.703912,960.000000
6.714890,960.000000
3.099910,960.000000
2.019813,960.000000
3.187837,960.000000
1.452786,960.000000
7.018637,960.000000
2.798162,960.000000
1.370855,960.000000
2.076765,960.000000
7.554689,960.000000
0.983179,960.000000
1.153536,960.000000
8.196153,960.000000
3.958693,960.000000
8.379000,960.000000
7.578169,960.000000
4.192498,960.000000
3.368186,960.000000
2.324558,960.000000
0.976184,960.000000
1.360364,960.000000
7.855437,960.000000
3.529052,960.000000
2.373018,960.000000
3.465105,960.000000
1.925391,960.000000
7.617137,960.000000
2.628304,960.000000
1.807990,960.000000
2.166690,960.000000
7.918385,960.000000
1.369856,960.000000
1.445293,960.000000
9.275751,960.000000
3.672932,960.000000
7.388827,960.000000
10.446773,960.000000
5.926049,960.000000
4.078093,960.000000
2.845623,960.000000
1.179515,960.000000
1.280430,960.000000
4.972346,960.000000
1.855950,960.000000
1.428307,960.000000
2.065275,960.000000
1.090089,960.000000
4.219975,960.000000
1.520230,960.000000
1.284427,960.000000
1.450788,960.000000
4.607151,960.000000
0.971189,960.000000
0.890256,960.000000
5.558356,960.000000
2.249121,960.000000
4.552197,960.000000
5.763185,960.000000
4.174013,960.000000
2.762692,960.000000
1.630638,960.000000
0.778350,960.000000
0.812821,960.000000
4.226969,960.000000
1.374352,960.000000
1.425309,960.000000
2.294583,960.000000
1.156534,960.000000
4.261440,960.000000
1.344377,960.000000
1.213486,960.000000
1.421313,960.000000
4.605153,960.000000
0.943212,960.000000
0.928225,960.000000
4.093580,960.000000
2.126723,960.000000
3.549035,960.000000
4.013147,960.000000
2.710735,960.000000
3.055447,960.000000
1.112571,960.000000
0.732888,960.000000
0.527559,960.000000
1.911903,960.000000
1.151538,960.000000
0.634470,960.000000
0.816318,960.000000
0.459616,960.000000
1.841961,960.000000
0.810323,960.000000
0.399167,960.000000
0.598500,960.000000
2.330053,960.000000
0.372689,960.000000
0.347710,960.000000
2.965023,960.000000
1.283927,960.000000
2.277098,960.000000
2.862109,960.000000
1.481263,960.000000
1.015152,960.000000
0.975185,960.000000
0.266278,960.000000
0.550540,960.000000
0.982179,960.000000
0.564528,960.000000
0.569025,960.000000
0.692921,960.000000
0.437634,960.000000
1.151538,960.000000
0.488092,960.000000
0.387177,960.000000
0.419150,960.000000
1.341879,960.000000
0.228809,960.000000
0.338217,960.000000
1.037633,960.000000
0.682929,960.000000
0.945210,960.000000
1.126559,960.000000
0.693421,960.000000
0.790340,960.000000
0.294254,960.000000
0.333721,960.000000
0.139384,960.000000
1.054619,960.000000
0.633970,960.000000
0.274271,960.000000
0.403663,960.000000
0.288759,960.000000
1.225976,960.000000
0.513571,960.000000
0.220316,960.000000
0.263780,960.000000
1.215485,960.000000
0.184846,960.000000
0.166361,960.000000
1.422811,960.000000
0.712904,960.000000
1.312404,960.000000
1.340380,960.000000
0.696918,960.000000
0.543046,960.000000
0.559533,960.000000
0.141881,960.000000
0.484595,960.000000
9.109540,960.000000
2.610505,960.000000
2.469113,960.000000
3.585760,960.000000
1.468378,960.000000
7.573713,960.000000
2.619998,960.000000
1.572798,960.000000
1.958004,960.000000
6.986162,960.000000
1.078676,960.000000
1.211574,960.000000
8.947663,960.000000
3.739643,960.000000
6.855262,960.000000
7.716604,960.000000
5.084115,960.000000
4.312205,960.000000
2.101894,960.000000
0.988745,960.000000
1.105156,960.000000
2.631989,960.000000
1.780140,960.000000
0.956269,960.000000
1.116647,960.000000
0.627021,960.000000
3.188064,960.000000
1.241551,960.000000
0.647006,960.000000
0.730442,960.000000
3.188564,960.000000
0.465644,960.000000
0.633016,960.000000
3.523308,960.000000
1.458386,960.000000
2.822843,960.000000
3.418888,960.000000
1.884560,960.000000
1.449393,960.000000
1.034210,960.000000
0.474138,960.000000
0.644008,960.000000
2.385677,960.000000
0.907806,960.000000
1.349469,960.000000
1.698702,960.000000
0.734938,960.000000
2.602012,960.000000
0.876330,960.000000
0.738436,960.000000
0.837860,960.000000
2.492596,960.000000
0.363222,960.000000
0.624023,960.000000
2.526570,960.000000
1.349969,960.000000
2.107889,960.000000
2.280757,960.000000
1.484366,960.000000
1.602276,960.000000
0.535091,960.000000
0.571064,960.000000
0.278287,960.000000
3.659704,960.000000
1.104656,960.000000
1.612768,960.000000
3.185566,960.000000
0.971758,960.000000
3.740642,960.000000
1.213573,960.000000
0.972257,960.000000
1.467878,960.000000
3.719158,960.000000
0.560072,960.000000
0.798890,960.000000
3.401401,960.000000
2.099396,960.000000
3.290985,960.000000
3.323960,960.000000
1.949510,960.000000
2.469113,960.000000
0.816876,960.000000
0.622524,960.000000
0.409687,960.000000
1.424911,960.000000
0.715953,960.000000
0.792894,960.000000
0.912303,960.000000
0.944778,960.000000
1.505350,960.000000
0.702463,960.000000
0.636514,960.000000
0.682479,960.000000
2.327721,960.000000
0.348734,960.000000
0.466144,960.000000
1.831101,960.000000
0.949275,960.000000
1.397432,960.000000
1.977989,960.000000
1.186094,960.000000
1.111651,960.000000
0.387704,960.000000
0.370217,960.000000
0.261300,960.000000
7.634167,960.000000
3.167580,960.000000
2.552050,960.000000
3.807591,960.000000
1.586788,960.000000
13.615097,960.000000
2.877302,960.000000
1.435403,960.000000
1.920033,960.000000
6.881242,960.000000
0.936784,960.000000
1.095163,960.000000
7.958919,960.000000
3.774116,960.000000
7.376364,960.000000
7.149537,960.000000
4.051404,960.000000
4.204288,960.000000
2.312233,960.000000
1.156616,960.000000
1.276525,960.000000
2.670460,960.000000
1.222566,960.000000
0.887322,960.000000
1.269530,960.000000
0.635514,960.000000
2.719922,960.000000
1.584789,960.000000
0.630019,960.000000
0.690972,960.000000
3.160585,960.000000
0.377711,960.000000
0.513608,960.000000
3.488335,960.000000
1.641246,960.000000
2.569537,960.000000
2.625994,960.000000
1.505350,960.000000
1.475872,960.000000
0.754424,960.000000
0.492124,960.000000
0.487627,960.000000
1.629755,960.000000
0.615530,960.000000
0.711956,960.000000
0.948275,960.000000
0.671487,960.000000
1.372951,960.000000
0.655999,960.000000
0.708459,960.000000
0.700964,960.000000
2.037943,960.000000
0.415183,960.000000
0.592547,960.000000
1.724183,960.000000
0.914301,960.000000
1.248546,960.000000
1.757157,960.000000
1.200083,960.000000
1.119145,960.000000
0.392200,960.000000
0.452155,960.000000
0.231823,960.000000
1.915536,960.000000
0.682978,960.000000
0.903310,960.000000
1.444396,960.000000
0.732940,960.000000
1.957005,960.000000
0.641010,960.000000
0.701964,960.000000
1.555811,960.000000
2.396169,960.000000
0.472139,960.000000
0.637013,960.000000
2.148359,960.000000
1.329984,960.000000
2.266768,960.000000
2.340212,960.000000
1.494858,960.000000
1.305503,960.000000
0.573062,960.000000
0.441163,960.000000
0.287780,960.000000
7.276440,960.000000
2.860814,960.000000
2.678953,960.000000
3.672694,960.000000
2.117882,960.000000
7.123058,960.000000
3.112122,960.000000
2.054930,960.000000
2.620498,960.000000
10.026839,960.000000
1.407924,960.000000
1.589286,960.000000
9.116534,960.000000
4.462590,960.000000
6.873248,960.000000
7.980402,960.000000
4.795336,960.000000
4.455596,960.000000
2.218805,960.000000
1.347970,960.000000
1.276025,960.000000
1.132135,960.000000
0.504115,960.000000
0.348234,960.000000
0.595545,960.000000
0.343238,960.000000
0.994740,960.000000
0.361224,960.000000
0.360225,960.000000
0.501117,960.000000
1.411422,960.000000
0.363722,960.000000
0.244813,960.000000
1.240552,960.000000
0.627521,960.000000
1.135133,960.000000
1.396433,960.000000
0.945278,960.000000
0.816376,960.000000
0.380709,960.000000
0.255305,960.000000
0.170869,960.000000
1.293012,960.000000
0.517605,960.000000
0.587051,960.000000
0.710457,960.000000
0.501617,960.000000
1.285518,960.000000
0.474138,960.000000
0.505614,960.000000
0.606537,960.000000
1.590785,960.000000
0.260301,960.000000
0.508611,960.000000
1.317993,960.000000
0.671987,960.000000
1.114149,960.000000
1.571299,960.000000
1.039206,960.000000
0.915800,960.000000
0.320755,960.000000
0.338741,960.000000
0.184859,960.000000
8.860730,960.000000
3.565776,960.000000
2.407161,960.000000
3.583762,960.000000
1.910540,960.000000
8.007382,960.000000
3.425383,960.000000
1.751662,960.000000
2.286253,960.000000
9.229948,960.000000
1.263035,960.000000
1.289515,960.000000
13.690040,960.000000
4.684920,960.000000
8.030864,960.000000
9.847976,960.000000
5.791575,960.000000
4.157823,960.000000
2.413656,960.000000
1.153119,960.000000
1.422913,960.000000
3.691180,960.000000
1.492859,960.000000
1.299507,960.000000
2.122378,960.000000
0.921296,960.000000
3.976462,960.000000
1.651238,960.000000
0.851350,960.000000
1.276025,960.000000
4.491069,960.000000
0.629019,960.000000
0.770911,960.000000
4.793338,960.000000
3.023190,960.000000
3.845062,960.000000
3.676191,960.000000
2.141364,960.000000
2.139865,960.000000
1.054694,960.000000
0.653001,960.000000
0.659496,960.000000
6.913218,960.000000
2.917271,960.000000
2.032947,960.000000
3.173076,960.000000
1.448393,960.000000
7.425327,960.000000
2.468614,960.000000
1.302005,960.000000
2.077912,960.000000
7.136547,960.000000
1.105655,960.000000
1.101159,960.000000
8.050349,960.000000
3.760127,960.000000
8.849738,960.000000
7.601692,960.000000
4.175809,960.000000
3.440871,960.000000
2.600513,960.000000
0.974755,960.000000
1.207078,960.000000
7.381360,960.000000
3.579265,960.000000
2.380681,960.000000
3.408396,960.000000
1.912039,960.000000
6.889736,960.000000
2.788370,960.000000
1.847089,960.000000
2.390673,960.000000
8.050849,960.000000
1.335979,960.000000
1.519339,960.000000
9.840981,960.000000
3.925001,960.000000
7.359877,960.000000
10.520961,960.000000
6.020400,960.000000
3.933994,960.000000
2.642981,960.000000
1.103157,960.000000
1.360960,960.000000
4.739878,960.000000
2.079911,960.000000
1.375449,960.000000
2.033446,960.000000
1.104656,960.000000
4.098369,960.000000
1.596280,960.000000
1.220567,960.000000
1.443897,960.000000
4.779348,960.000000
1.039706,960.000000
0.986746,960.000000
5.892997,960.000000
2.271265,960.000000
4.376656,960.000000
6.041884,960.000000
4.086877,960.000000
2.548053,960.000000
1.476372,960.000000
0.721948,960.000000
0.725945,960.000000
4.655443,960.000000
1.466879,960.000000
1.580792,960.000000
2.265269,960.000000
1.128138,960.000000
4.035417,960.000000
1.353965,960.000000
1.111151,960.000000
1.343474,960.000000
4.466088,960.000000
0.841857,960.000000
0.907307,960.000000
4.288723,960.000000
2.085906,960.000000
3.325459,960.000000
3.990451,960.000000
2.684449,960.000000
3.226535,960.000000
1.042703,960.000000
0.761918,960.000000
0.561571,960.000000
1.898549,960.000000
1.148622,960.000000
0.551579,960.000000
0.806384,960.000000
0.471640,960.000000
2.366692,960.000000
0.717951,960.000000
0.443661,960.000000
0.589550,960.000000
2.267268,960.000000
0.415682,960.000000
0.342738,960.000000
2.377184,960.000000
1.019221,960.000000
2.540559,960.000000
2.499091,960.000000
1.429907,960.000000
1.158615,960.000000
1.530331,960.000000
0.294275,960.000000
0.479634,960.000000
1.032211,960.000000
0.418680,960.000000
0.597044,960.000000
0.653501,960.000000
0.422677,960.000000
0.984748,960.000000
0.501617,960.000000
0.412185,960.000000
0.427174,960.000000
1.291513,960.000000
0.264298,960.000000
0.317258,960.000000
1.214072,960.000000
0.708459,960.000000
0.962764,960.000000
1.164111,960.000000
0.775408,960.000000
0.721948,960.000000
0.292776,960.000000
0.328749,960.000000
0.151384,960.000000
1.053195,960.000000
0.594046,960.000000
0.258802,960.000000
0.411685,960.000000
0.258802,960.000000
1.223565,960.000000
0.506113,960.000000
0.229325,960.000000
0.286281,960.000000
1.205579,960.000000
0.181861,960.000000
0.198848,960.000000
1.425911,960.000000
0.694969,960.000000
1.306502,960.000000
1.338477,960.000000
0.849851,960.000000
0.565068,960.000000
0.447158,960.000000
0.145889,960.000000
0.477635,960.000000
8.889467,960.000000
2.787109,960.000000
2.238481,960.000000
3.294264,960.000000
1.615903,960.000000
8.076019,960.000000
2.673686,960.000000
1.506977,960.000000
1.862736,960.000000
7.401477,960.000000
1.086263,960.000000
1.180199,960.000000
9.117313,960.000000
3.625040,960.000000
7.325529,960.000000
7.722259,960.000000
4.787751,960.000000
3.852386,960.000000
2.027124,960.000000
0.994325,960.000000
1.039794,960.000000
2.848067,960.000000
1.628895,960.000000
0.844427,960.000000
1.104750,960.000000
0.823441,960.000000
3.030443,960.000000
1.162711,960.000000
0.584104,960.000000
0.703523,960.000000
2.870052,960.000000
0.517149,960.000000
0.584104,960.000000
3.604054,960.000000
1.553945,960.000000
2.860059,960.000000
3.385203,960.000000
1.983154,960.000000
1.549948,960.000000
1.178700,960.000000
0.528142,960.000000
0.572611,960.000000
2.110568,960.000000
0.983333,960.000000
1.233163,960.000000
1.585924,960.000000
0.707020,960.000000
2.581748,960.000000
0.971341,960.000000
0.773475,960.000000
0.998322,960.000000
2.531282,960.000000
0.376245,960.000000
0.610086,960.000000
2.591741,960.000000
1.402049,960.000000
2.223991,960.000000
2.269460,960.000000
1.417538,960.000000
1.556444,960.000000
0.553624,960.000000
0.582105,960.000000
0.285306,960.000000
3.498126,960.000000
1.100753,960.000000
1.607909,960.000000
2.790107,960.000000
0.900389,960.000000
3.647025,960.000000
1.270138,960.000000
0.984832,960.000000
1.525465,960.000000
3.770941,960.000000
0.628074,960.000000
0.735501,960.000000
3.865876,960.000000
2.281951,960.000000
3.297762,960.000000
3.282772,960.000000
2.067597,960.000000
2.105071,960.000000
0.861415,960.000000
0.699026,960.000000
0.472679,960.000000
1.491488,960.000000
0.724508,960.000000
0.679539,960.000000
0.845426,960.000000
0.864913,960.000000
1.553945,960.000000
0.662550,960.000000
0.671045,960.000000
0.755487,960.000000
2.191513,960.000000
0.367251,960.000000
0.527642,960.000000
1.759806,960.000000
0.962847,960.000000
1.447018,960.000000
1.936686,960.000000
1.115743,960.000000
1.165709,960.000000
0.479674,960.000000
0.464185,960.000000
0.258824,960.000000
8.020557,960.000000
3.132874,960.000000
2.724151,960.000000
4.122702,960.000000
1.811770,960.000000
8.748563,960.000000
2.947999,960.000000
1.533459,960.000000
2.173025,960.000000
7.536885,960.000000
0.965845,960.000000
1.310611,960.000000
9.804346,960.000000
4.081730,960.000000
7.242085,960.000000
7.558371,960.000000
4.536421,960.000000
3.998786,960.000000
2.058103,960.000000
1.174703,960.000000
1.280631,960.000000
2.739641,960.000000
1.200185,960.000000
0.922374,960.000000
1.199186,960.000000
0.622078,960.000000
2.911524,960.000000
1.600914,960.000000
0.598094,960.000000
0.708519,960.000000
3.219815,960.000000
0.350762,960.000000
0.421714,960.000000
3.272779,960.000000
1.705842,960.000000
2.565759,960.000000
2.655198,960.000000
1.486491,960.000000
1.486491,960.000000
0.807952,960.000000
0.412220,960.000000
0.508155,960.000000
1.480995,960.000000
0.652557,960.000000
0.801456,960.000000
0.942860,960.000000
0.648560,960.000000
1.567936,960.000000
0.568614,960.000000
0.654056,960.000000
0.775474,960.000000
1.967165,960.000000
0.358757,960.000000
0.520147,960.000000
1.708341,960.000000
0.855919,960.000000
1.367572,960.000000
1.801777,960.000000
1.257147,960.000000
1.108248,960.000000
0.428709,960.000000
0.435704,960.000000
0.199864,960.000000
1.980656,960.000000
0.733502,960.000000
0.930868,960.000000
1.512474,960.000000
0.651058,960.000000
2.487812,960.000000
0.642564,960.000000
0.708519,960.000000
1.430030,960.000000
2.318427,960.000000
0.444698,960.000000
0.599093,960.000000
2.082087,960.000000
1.196188,960.000000
1.971162,960.000000
2.342910,960.000000
1.428031,960.000000
1.380063,960.000000
0.540133,960.000000
0.511153,960.000000
0.325779,960.000000
7.363503,960.000000
2.927014,960.000000
2.654199,960.000000
3.871872,960.000000
2.084086,960.000000
7.495413,960.000000
3.197330,960.000000
1.977658,960.000000
2.502302,960.000000
9.463578,960.000000
1.424034,960.000000
1.575431,960.000000
8.915949,960.000000
4.415503,960.000000
6.933295,960.000000
7.982083,960.000000
4.729290,960.000000
4.923659,960.000000
2.216496,960.000000
1.221671,960.000000
1.206681,960.000000
1.179699,960.000000
0.445698,960.000000
0.444199,960.000000
0.595096,960.000000
0.342268,960.000000
1.146722,960.000000
0.371748,960.000000
0.347764,960.000000
0.447696,960.000000
1.209679,960.000000
0.308790,960.000000
0.290803,960.000000
1.251651,960.000000
0.590100,960.000000
1.119740,960.000000
1.346086,960.000000
0.964845,960.000000
0.883400,960.000000
0.419216,960.000000
0.231843,960.000000
0.188372,960.000000
1.154217,960.000000
0.676041,960.000000
0.568114,960.000000
0.717013,960.000000
0.472679,960.000000
1.217174,960.000000
0.513152,960.000000
0.551126,960.000000
0.635569,960.000000
1.598415,960.000000
0.289803,960.000000
0.460687,960.000000
1.325101,960.000000
0.739498,960.000000
1.222171,960.000000
1.536457,960.000000
0.961348,960.000000
0.853421,960.000000
0.346765,960.000000
0.308291,960.000000
0.169885,960.000000
8.822513,960.000000
3.389200,960.000000
2.413362,960.000000
3.669510,960.000000
1.792284,960.000000
9.887790,960.000000
3.395696,960.000000
1.629894,960.000000
2.245976,960.000000
8.735572,960.000000
1.247653,960.000000
1.313609,960.000000
12.376101,960.000000
4.813234,960.000000
8.277383,960.000000
9.419108,960.000000
5.592705,960.000000
4.236625,960.000000
2.857061,960.000000
1.234162,960.000000
1.427531,960.000000
3.796424,960.000000
1.368571,960.000000
1.375566,960.000000
2.309932,960.000000
0.915878,960.000000
4.217638,960.000000
1.624897,960.000000
0.890895,960.000000
1.217174,960.000000
4.461972,960.000000
0.613084,960.000000
0.765481,960.000000
4.515436,960.000000
2.804597,960.000000
3.723473,960.000000
3.736464,960.000000
2.096078,960.000000
2.335915,960.000000
1.128234,960.000000
0.632571,960.000000
0.628573,960.000000
7.301045,960.000000
2.930012,960.000000
2.140048,960.000000
3.349227,960.000000
1.363575,960.000000
7.667796,960.000000
2.530782,960.000000
1.402548,960.000000
1.970663,960.000000
7.079695,960.000000
1.092758,960.000000
1.129733,960.000000
7.905635,960.000000
3.654020,960.000000
8.170455,960.000000
7.525893,960.000000
4.420000,960.000000
3.729469,960.000000
2.186016,960.000000
0.898890,960.000000
1.321603,960.000000
7.461936,960.000000
3.517613,960.000000
2.379885,960.000000
3.312752,960.000000
1.933188,960.000000
7.366501,960.000000
2.582248,960.000000
1.807274,960.000000
2.324423,960.000000
8.117491,960.000000
1.520468,960.000000
1.506478,960.000000
9.329169,960.000000
3.816410,960.000000
7.563867,960.000000
10.432420,960.000000
5.944466,960.000000
4.021771,960.000000
2.806595,960.000000
1.123737,960.000000
1.332596,960.000000
4.715800,960.000000
2.061101,960.000000
1.388558,960.000000
2.046611,960.000000
1.113744,960.000000
4.475463,960.000000
1.488990,960.000000
1.255648,960.000000
1.506977,960.000000
5.010600,960.000000
0.942860,960.000000
0.907384,960.000000
5.445305,960.000000
2.223991,960.000000
4.376530,960.000000
5.890003,960.000000
3.964809,960.000000
2.632214,960.000000
1.609408,960.000000
0.782469,960.000000
0.802455,960.000000
4.031764,960.000000
1.532960,960.000000
1.631893,960.000000
2.073593,960.000000
1.181698,960.000000
4.073735,960.000000
1.432528,960.000000
1.134230,960.000000
1.378065,960.000000
4.640851,960.000000
0.737000,960.000000
1.031300,960.000000
4.604875,960.000000
2.169528,960.000000
3.480638,960.000000
4.139691,960.000000
2.731646,960.000000
2.751633,960.000000
1.097755,960.000000
0.688533,960.000000
0.575110,960.000000
2.055105,960.000000
1.069774,960.000000
0.612584,960.000000
0.877405,960.000000
0.457689,960.000000
2.157536,960.000000
0.771976,960.000000
0.505157,960.000000
0.583104,960.000000
2.307434,960.000000
0.444698,960.000000
0.414219,960.000000
2.548271,960.000000
1.074771,960.000000
2.211000,960.000000
2.780113,960.000000
1.661373,960.000000
1.118741,960.000000
0.923873,960.000000
0.263821,960.000000
0.506656,960.000000
0.920875,960.000000
0.513651,960.000000
0.538634,960.000000
0.739498,960.000000
0.398729,960.000000
1.008815,960.000000
0.443199,960.000000
0.430708,960.000000
0.439202,960.000000
1.391056,960.000000
0.216853,960.000000
0.313787,960.000000
1.210179,960.000000
0.631072,960.000000
0.980335,960.000000
1.161712,960.000000
0.696527,960.000000
0.815447,960.000000
0.324280,960.000000
0.327278,960.000000
0.139905,960.000000
1.131232,960.000000
0.606588,960.000000
0.251329,960.000000
0.470181,960.000000
0.239837,960.000000
1.285628,960.000000
0.518648,960.000000
0.206860,960.000000
0.297298,960.000000
1.257647,960.000000
0.164888,960.000000
0.170384,960.000000
1.491987,960.000000
0.618081,960.000000
1.262643,960.000000
1.314608,960.000000
0.739498,960.000000
0.583604,960.000000
0.468182,960.000000
0.148899,960.000000
0.430708,960.000000
83.089289,960.000000
33.914046,960.000000
28.341864,960.000000
41.391568,960.000000
20.949311,960.000000
86.791770,960.000000
31.417188,960.000000
20.119521,960.000000
26.266734,960.000000
89.112025,960.000000
14.134549,960.000000
16.327652,960.000000
98.811457,960.000000
45.182302,960.000000
79.796868,960.000000
90.249622,960.000000
54.668320,960.000000
47.145288,960.000000
25.356823,960.000000
13.654410,960.000000
13.669551,960.000000
