2,20,0,2,134668272,0.780362
2,3,2,0,134668272,0.602954
3,1,20,2,3,0.418536
2,7,3,3,3,0.260153
3,2,17,3,1,0.283433
3,10,11,1,2,0.221017
3,14,6,3,0,0.195939
0,2,3,3,0,0.205840
2,20,0,2,0,0.207930
3,12,13,3,0,0.188789
3,11,3,1,1,0.227425
3,2,17,0,0,0.148109
3,9,0,0,1,0.153912
3,10,8,0,0,0.149897
2,15,1,0,0,0.141748
0,0,1,0,0,0.140930
0,0,0,2,0,0.135876
3,2,14,1,3,0.119540
3,18,5,2,0,0.132536
3,0,5,0,0,0.124252
0,3,1,1,0,0.131900
0,0,3,2,0,0.120482
0,3,0,1,0,0.126242
2,20,3,1,0,0.123277
3,19,19,2,1,0.124100
0,1,3,1,1,0.113285
0,3,1,2,1,0.113627
3,6,14,1,2,0.093437
0,3,1,3,2,0.094586
3,1,1,1,2,0.091185
3,11,11,0,1,0.100172
3,15,16,3,3,0.096166
0,1,1,0,3,0.113254
3,19,7,3,2,0.092880
3,18,19,3,0,0.092895
3,2,18,3,0,0.102527
2,20,3,0,0,0.097212
3,13,3,1,3,0.098670
3,3,3,1,1,0.097790
3,19,17,1,2,0.092888
0,0,2,1,2,0.091661
0,1,3,3,2,0.084486
3,4,11,1,1,0.085434
3,8,10,1,0,0.086675
0,1,1,2,0,0.090275
0,0,0,0,0,0.094628
0,1,1,1,0,0.092415
0,2,1,1,0,0.083238
0,3,3,3,0,0.079825
3,9,18,2,2,0.082715
3,1,18,1,2,0.089389
3,19,18,1,2,0.093033
3,1,10,2,3,0.086073
0,0,1,1,3,0.093116
3,19,11,3,3,0.087771
3,1,11,2,2,0.087255
0,2,2,2,2,0.072217
3,18,3,1,0,0.072728
3,6,18,2,3,0.070977
3,14,2,3,2,0.102999
3,14,6,0,0,0.088134
3,14,2,3,2,0.100179
2,20,3,3,2,0.077483
3,3,8,3,1,0.088025
3,3,8,0,2,0.091150
3,3,6,2,2,0.084247
3,6,6,2,1,0.090189
2,7,0,2,1,0.075588
3,19,11,1,2,0.085221
3,9,4,0,3,0.087643
3,16,18,1,0,0.078525
3,1,4,0,3,0.078773
3,17,1,0,2,0.103313
0,3,0,0,2,0.081978
3,13,13,3,1,0.082790
3,6,19,3,3,0.079159
3,18,9,3,3,0.069727
3,2,14,3,2,0.080066
3,8,10,3,0,0.080016
2,6,1,0,0,0.082633
0,0,3,3,0,0.080671
2,20,1,0,0,0.074260
2,7,3,3,0,0.080676
0,1,1,0,0,0.077392
3,0,18,3,3,0.077125
3,10,18,2,3,0.082516
3,3,3,3,3,0.071155
3,4,18,3,0,0.066750
3,18,19,3,2,0.063111
0,2,3,3,2,0.069233
0,2,3,1,2,0.070813
3,11,13,3,3,0.059758
3,1,5,1,1,0.061318
3,5,20,1,2,0.075211
3,3,8,1,0,0.068344
0,1,2,3,0,0.071999
3,19,7,0,0,0.062601
3,3,6,0,2,0.061233
2,17,3,0,2,0.065348
2,12,1,1,2,0.072471
3,2,18,2,3,0.061508
3,11,19,1,3,0.069106
3,13,18,0,1,0.074437
3,10,15,1,1,0.066378
3,10,0,0,3,0.071954
2,6,1,1,3,0.088506
2,7,3,0,3,0.065170
3,6,11,0,3,0.059261
3,3,11,0,2,0.058031
3,15,16,0,3,0.054953
0,0,1,0,3,0.053569
3,19,13,0,0,0.059747
3,19,10,0,3,0.052092
3,6,18,1,0,0.061872
3,0,18,0,3,0.068318
2,20,3,2,3,0.057508
0,1,3,0,3,0.067379
3,4,18,2,2,0.058485
3,4,11,2,1,0.055048
3,11,13,2,3,0.063054
3,2,11,2,0,0.051689
0,0,3,0,0,0.061645
3,13,13,2,3,0.052083
3,13,13,2,1,0.060568
3,13,5,2,2,0.053430
0,3,1,1,2,0.065200
2,9,1,2,2,0.057895
2,7,0,2,2,0.058582
3,10,18,2,3,0.060719
3,10,11,1,2,0.059662
2,6,0,1,2,0.056836
3,5,18,3,3,0.054541
0,2,3,3,3,0.054578
3,5,1,2,3,0.060149
0,2,0,2,3,0.048156
0,3,0,0,3,0.055728
0,3,1,1,3,0.049151
3,10,11,3,2,0.043907
3,1,11,1,2,0.055286
0,3,1,2,2,0.052227
2,20,3,2,2,0.062664
3,0,18,3,2,0.050985
3,5,18,3,2,0.055673
3,13,8,3,0,0.077587
2,20,3,2,0,0.072502
3,18,13,0,3,0.060780
3,5,20,2,2,0.059785
3,2,14,0,1,0.062196
3,14,14,1,3,0.064665
0,3,2,2,3,0.060415
3,19,10,3,3,0.048439
0,0,0,0,3,0.055812
0,0,1,1,3,0.051859
0,2,0,3,3,0.051002
3,18,2,3,1,0.053233
3,18,2,3,2,0.061145
0,3,3,2,2,0.065439
0,1,3,3,2,0.057621
0,3,0,3,2,0.049220
3,3,11,2,0,0.055971
3,8,2,2,2,0.056486
3,2,18,1,0,0.042830
3,19,15,2,3,0.058674
3,5,18,2,3,0.051338
3,19,15,2,3,0.052696
3,0,5,2,0,0.050337
0,2,1,2,0,0.045390
3,5,6,2,3,0.052128
2,5,0,2,3,0.053543
3,5,1,1,3,0.055132
2,15,3,0,3,0.045877
3,18,4,0,2,0.043017
3,13,18,3,1,0.055285
3,1,18,3,2,0.052616
3,19,18,1,2,0.044339
3,5,20,1,2,0.043586
3,5,18,1,2,0.048142
0,0,0,1,2,0.044535
3,19,7,2,0,0.045476
0,1,1,2,0,0.042699
2,5,0,2,0,0.050168
0,1,0,3,0,0.054225
3,19,11,1,2,0.042346
3,2,3,1,3,0.049127
0,0,0,1,3,0.046413
2,16,0,2,3,0.054445
3,2,12,1,3,0.056001
3,13,5,2,2,0.053495
3,18,16,1,2,0.054867
3,0,18,2,3,0.048114
0,3,1,1,3,0.046555
3,8,10,2,0,0.051688
2,11,1,0,0,0.043732
3,11,13,0,1,0.045684
3,14,6,0,0,0.052505
3,1,13,2,0,0.060350
3,14,6,2,0,0.049710
3,6,0,2,3,0.073016
3,5,5,2,2,0.061767
3,5,5,2,2,0.057711
3,6,11,2,3,0.053185
3,14,14,2,3,0.047242
3,11,13,2,3,0.049420
3,19,17,3,2,0.041441
3,5,18,2,1,0.041012
2,5,0,2,1,0.043199
0,2,3,2,1,0.055623
2,5,0,2,1,0.049392
3,13,5,1,3,0.051787
0,2,2,2,3,0.042965
2,4,2,1,3,0.045226
2,16,1,3,3,0.042234
3,19,19,3,0,0.044442
0,1,2,1,0,0.048588
0,3,3,1,0,0.039973
0,3,3,1,0,0.044413
3,0,18,2,3,0.052869
3,4,18,0,2,0.047597
3,2,18,2,1,0.043875
0,0,1,0,1,0.041208
0,0,2,3,1,0.041083
3,19,11,3,3,0.036492
0,0,0,2,3,0.038108
3,5,14,3,1,0.068282
3,5,14,2,1,0.071014
3,16,6,0,2,0.047655
3,6,18,0,3,0.057012
0,3,1,2,3,0.054069
3,6,18,2,3,0.044189
2,5,0,2,3,0.049172
3,11,6,0,2,0.045384
2,11,0,2,2,0.048145
2,9,3,2,2,0.042428
3,18,4,2,2,0.039503
0,0,1,3,2,0.039004
3,4,10,2,3,0.045765
0,2,0,2,3,0.042380
3,3,11,2,2,0.041905
2,11,0,3,2,0.044843
3,11,19,2,3,0.049405
2,3,1,2,3,0.046706
3,11,19,2,3,0.050284
3,2,12,1,3,0.036734
3,1,18,2,1,0.038621
3,2,18,0,0,0.037940
3,18,2,2,1,0.042403
3,18,1,1,0,0.039766
0,0,3,2,0,0.038406
0,0,2,1,0,0.033429
0,2,0,0,0,0.033974
3,5,14,2,1,0.039041
3,1,4,0,3,0.045476
3,4,11,2,3,0.043759
2,1,3,0,3,0.049559
3,5,6,0,3,0.037678
3,4,15,2,0,0.070689
3,4,11,0,1,0.061256
2,20,0,0,1,0.045198
0,1,3,0,1,0.043722
3,5,1,2,3,0.045164
0,1,3,3,3,0.036432
3,6,18,2,0,0.036869
3,13,5,2,3,0.042066
2,20,0,2,3,0.042738
2,9,1,2,3,0.043056
0,2,0,2,3,0.038834
0,2,1,2,3,0.034850
3,14,14,1,3,0.035225
3,2,18,1,0,0.037000
3,2,18,1,2,0.038516
3,3,8,2,1,0.042543
3,8,2,0,2,0.044432
0,3,3,1,2,0.037440
3,12,12,2,2,0.043570
3,12,12,1,2,0.056300
2,5,3,1,2,0.055886
3,19,11,1,2,0.038973
0,0,0,1,2,0.040028
2,3,0,0,2,0.037909
3,18,1,1,1,0.035318
3,18,16,2,2,0.038809
0,0,3,1,2,0.040272
0,2,3,2,2,0.036171
0,3,2,2,2,0.036636
3,3,11,1,2,0.033714
2,16,3,3,2,0.037651
3,5,14,0,1,0.045483
2,14,3,3,1,0.045551
0,3,1,1,1,0.033332
0,2,3,3,1,0.032507
0,0,3,3,1,0.033583
3,16,6,1,2,0.032520
3,13,13,3,1,0.031660
0,0,3,3,1,0.037825
0,3,3,1,1,0.034949
2,16,2,2,1,0.033382
3,6,18,1,3,0.044131
2,3,3,0,3,0.042819
0,0,2,2,3,0.035278
0,3,3,1,3,0.038612
3,8,10,0,0,0.034803
0,1,3,0,0,0.036388
0,1,3,0,0,0.033586
2,20,1,1,0,0.036870
3,2,14,0,1,0.036372
3,2,18,1,0,0.038094
3,18,17,0,2,0.031254
0,3,0,0,2,0.028160
0,3,0,3,2,0.032338
3,6,18,0,0,0.031125
3,18,13,3,3,0.029753
3,6,18,1,3,0.045338
2,17,3,0,3,0.041148
0,3,1,1,3,0.033372
3,13,5,0,2,0.039016
2,20,3,2,2,0.038541
0,2,3,0,2,0.039229
0,2,3,1,2,0.042551
0,2,3,3,2,0.039954
3,5,6,3,3,0.037794
0,2,3,0,3,0.038942
0,2,3,1,3,0.034338
3,14,6,0,1,0.071375
2,6,1,3,1,0.044824
3,11,13,0,3,0.033394
3,11,13,3,3,0.034190
2,14,1,3,3,0.039159
2,7,3,3,3,0.034556
3,0,5,0,0,0.035303
3,6,18,2,3,0.033696
0,3,1,2,3,0.035533
3,19,18,1,2,0.040363
3,19,15,0,3,0.034174
3,19,15,3,3,0.042232
2,20,1,3,3,0.040278
3,3,11,3,2,0.038172
0,0,0,1,2,0.035242
0,0,0,3,2,0.032075
0,1,0,3,2,0.031269
2,4,3,0,2,0.032734
3,19,4,0,3,0.044036
3,19,4,3,3,0.035150
3,19,15,3,3,0.037928
0,1,3,0,3,0.031076
0,1,3,0,3,0.028544
3,5,14,2,1,0.035979
2,11,2,3,1,0.033420
3,11,11,0,2,0.036046
0,1,2,1,2,0.032670
2,5,0,1,2,0.029837
0,1,1,2,2,0.032246
0,2,3,3,2,0.032964
0,1,1,2,2,0.030728
0,3,3,0,2,0.029506
3,3,3,2,0,0.028029
0,1,3,2,0,0.032768
2,11,1,0,0,0.037056
2,11,3,1,0,0.028847
3,11,11,2,2,0.027520
3,6,11,1,3,0.032278
2,8,1,0,3,0.035489
2,8,3,1,3,0.030923
0,1,3,1,3,0.030654
3,3,8,0,3,0.033965
3,11,13,0,3,0.031155
3,11,13,0,3,0.034922
3,10,15,0,1,0.029403
3,10,19,2,2,0.032397
3,1,15,2,0,0.037912
2,19,1,1,0,0.026549
3,19,10,0,3,0.031047
3,11,13,0,3,0.030564
0,0,1,0,3,0.033868
0,1,0,0,3,0.030499
0,2,1,2,3,0.033474
2,20,3,0,3,0.028621
2,7,2,1,3,0.035655
3,3,8,0,1,0.040500
3,19,17,0,2,0.035760
3,3,8,0,1,0.034168
0,1,1,0,1,0.025952
0,2,2,1,1,0.027474
0,2,2,1,1,0.033196
0,2,2,1,1,0.027127
2,6,1,3,1,0.032666
3,5,18,3,1,0.030918
0,0,3,0,1,0.026181
3,2,18,3,1,0.029236
3,19,18,2,2,0.034419
3,3,8,3,1,0.026377
3,3,8,3,3,0.026214
0,3,1,3,3,0.029530
3,4,11,3,1,0.032333
2,20,3,2,1,0.028075
2,5,2,1,1,0.034039
2,20,3,2,1,0.031707
3,3,11,1,2,0.032692
0,0,3,3,2,0.026593
0,0,3,1,2,0.031341
0,0,3,3,2,0.028124
3,2,18,2,3,0.029839
0,0,3,1,3,0.032769
3,2,18,2,3,0.029906
3,19,11,3,3,0.025549
0,3,3,2,3,0.027091
0,3,1,0,3,0.026624
3,11,13,3,3,0.027341
3,13,13,3,2,0.028046
2,10,1,3,2,0.028982
3,19,10,1,3,0.024621
3,10,11,2,2,0.028430
3,13,10,1,0,0.033004
3,10,11,2,2,0.040280
0,1,3,3,2,0.027859
0,1,1,1,2,0.025265
0,0,2,1,2,0.026090
3,19,7,0,2,0.025305
3,2,3,0,2,0.025574
2,17,1,0,2,0.025523
3,18,17,0,3,0.027762
3,18,17,1,3,0.029844
3,2,14,2,1,0.031466
0,0,1,3,1,0.027818
0,2,0,1,1,0.026517
0,0,0,2,1,0.030100
2,1,1,2,1,0.026079
0,1,3,0,1,0.031461
3,5,6,0,3,0.029902
3,3,8,3,1,0.031172
2,20,3,0,1,0.029872
2,15,1,2,1,0.028568
0,2,2,2,1,0.025084
2,16,2,3,1,0.027562
2,9,3,0,1,0.024853
0,3,1,1,1,0.029002
0,0,1,0,1,0.025490
0,2,3,0,1,0.024452
0,2,3,0,1,0.027327
0,3,1,1,1,0.035263
0,3,1,2,1,0.033212
0,3,3,1,1,0.030264
0,0,2,3,1,0.026403
0,3,3,0,1,0.024935
0,3,3,0,1,0.024369
0,0,0,1,1,0.027037
0,0,0,3,1,0.029417
0,0,0,1,1,0.026523
3,2,18,3,0,0.025007
3,2,18,3,1,0.031178
3,19,4,3,3,0.030277
3,13,5,0,2,0.031987
3,11,11,2,2,0.028603
0,0,0,1,2,0.025922
3,18,2,3,2,0.027499
3,18,2,2,1,0.040997
3,2,18,3,0,0.033004
3,18,17,0,3,0.029586
3,8,2,3,2,0.027591
3,18,2,0,2,0.032816
2,7,2,0,2,0.031007
3,2,18,0,3,0.031658
3,18,4,0,2,0.028731
3,2,18,3,2,0.026103
3,2,18,3,0,0.026006
3,14,14,2,3,0.025577
0,3,2,3,3,0.027287
0,2,3,3,3,0.026328
0,2,3,1,3,0.027384
0,2,3,0,3,0.027799
3,11,13,0,3,0.030823
3,3,8,0,3,0.029324
3,18,4,0,0,0.029031
3,17,18,0,3,0.026579
0,1,3,0,3,0.025805
0,1,3,0,3,0.024844
2,12,2,1,3,0.026188
3,10,19,0,3,0.027759
2,20,0,0,3,0.028633
2,5,2,0,3,0.026499
3,5,14,1,1,0.036480
3,11,13,0,3,0.027944
2,9,2,1,3,0.025859
0,1,0,3,3,0.025809
3,19,19,1,0,0.024765
3,19,19,2,0,0.038600
0,1,0,1,0,0.029513
0,1,0,3,0,0.022829
3,19,19,3,0,0.028169
0,1,1,2,0,0.029773
0,2,3,3,0,0.024181
3,4,11,1,1,0.026847
0,3,0,0,1,0.025437
0,2,2,1,1,0.025665
2,4,2,2,1,0.025437
0,3,3,1,1,0.024067
0,3,3,3,1,0.024367
3,6,18,0,0,0.028057
2,14,0,1,0,0.029792
3,5,18,0,2,0.025018
3,0,18,2,3,0.030440
1,0.300000
1,1.000000
1,0.300000
1,0.400000
1,0.400000
0,0.500000
1,0.300000
1,0.300000
1,0.300000
1,0.900000
0,0.100000
0,0.200000
0,0.300000
0,0.300000
0,0.300000
0,0.300000
1,0.100000
1,0.300000
0,0.200000
0,0.200000
1,0.300000
0,0.200000
0,0.100000
0,0.300000
1,0.300000
0,0.300000
1,0.300000
0,0.100000
1,0.100000
0,0.100000
0,0.200000
1,0.100000
0,0.200000
1,0.200000
1,0.100000
1,0.100000
0,0.300000
0,0.100000
0,0.100000
0,0.100000
1,0.100000
1,0.100000
0,0.100000
0,0.100000
0,0.300000
0,0.200000
0,0.800000
0,0.100000
1,0.200000
0,0.200000
0,0.800000
0,0.800000
1,0.100000
0,0.800000
1,0.500000
0,0.200000
0,0.200000
1,0.100000
1,0.800000
1,0.500000
0,0.900000
1,0.500000
1,0.400000
1,0.500000
0,0.300000
1,0.800000
1,0.800000
1,0.800000
1,0.100000
0,0.200000
1,0.100000
0,0.200000
0,0.200000
0,0.200000
1,0.100000
1,0.400000
1,0.400000
1,0.400000
1,0.400000
0,0.300000
1,0.500000
0,0.300000
1,0.400000
0,0.300000
1,0.400000
1,0.200000
1,0.400000
1,0.400000
1,0.400000
1,0.400000
1,0.100000
1,0.900000
0,0.100000
0,0.500000
0,0.500000
1,0.400000
0,0.300000
0,0.300000
1,0.600000
0,0.500000
1,0.700000
0,0.500000
1,0.600000
0,0.500000
0,0.700000
0,0.500000
1,0.600000
0,0.300000
1,0.600000
0,0.300000
0,0.300000
0,0.700000
1,0.600000
0,0.500000
1,0.600000
0,0.300000
1,0.600000
0,0.300000
1,0.700000
0,0.300000
1,0.700000
0,0.700000
1,0.700000
1,0.200000
1,0.700000
0,0.500000
1,0.700000
1,0.800000
0,0.300000
1,0.100000
0,0.700000
1,0.400000
1,0.400000
1,0.200000
1,0.200000
0,0.200000
1,0.100000
1,0.300000
0,0.700000
1,0.500000
0,0.300000
0,0.300000
0,0.100000
1,0.300000
0,0.300000
0,0.200000
0,0.100000
0,0.200000
0,0.600000
1,0.100000
1,0.300000
0,0.200000
0,0.600000
0,0.300000
1,0.300000
1,0.300000
0,0.300000
1,0.300000
1,0.300000
1,0.700000
0,0.100000
0,0.600000
1,0.700000
0,0.100000
0,0.100000
0,0.100000
1,0.700000
0,0.400000
1,0.700000
0,0.500000
0,0.300000
0,0.300000
1,0.200000
1,0.200000
0,0.600000
0,0.600000
0,0.600000
0,0.600000
1,0.700000
0,0.300000
1,0.700000
1,0.200000
1,0.200000
1,0.200000
1,0.200000
1,0.700000
0,0.500000
1,0.700000
0,0.500000
1,0.700000
0,0.500000
1,0.700000
0,0.300000
0,0.300000
0,0.300000
1,0.700000
0,0.100000
1,0.700000
0,0.400000
1,0.700000
0,0.100000
0,0.100000
0,0.100000
1,0.900000
0,0.300000
1,0.700000
0,0.400000
1,0.700000
0,0.500000
0,0.300000
0,0.100000
1,0.300000
1,0.300000
0,0.100000
0,0.500000
1,0.200000
1,0.700000
0,0.400000
1,0.700000
0,0.400000
1,0.100000
0,0.100000
1,0.400000
0,0.100000
1,0.500000
0,0.900000
0,0.800000
1,0.500000
0,0.200000
1,0.700000
0,0.800000
1,0.700000
0,0.200000
0,0.100000
1,0.400000
0,0.200000
1,0.700000
0,0.200000
1,0.600000
0,0.100000
1,0.300000
0,0.200000
1,0.100000
0,0.200000
1,0.500000
0,0.200000
1,0.800000
0,0.200000
1,0.100000
1,0.500000
1,0.200000
1,0.600000
1,0.200000
1,0.600000
1,0.600000
1,0.200000
1,0.600000
0,0.400000
1,0.600000
1,0.200000
1,0.400000
1,0.200000
1,0.700000
1,0.200000
1,0.700000
1,0.200000
1,0.300000
1,0.100000
1,0.100000
1,0.100000
1,0.100000
1,0.800000
0,0.500000
1,0.100000
1,0.400000
1,0.800000
0,0.600000
0,0.600000
1,0.500000
1,0.200000
0,0.100000
1,0.200000
0,0.100000
1,0.100000
1,0.100000
1,0.500000
0,0.300000
1,0.500000
1,0.100000
1,0.100000
0,0.100000
0,0.400000
1,0.200000
1,0.400000
1,0.100000
0,0.100000
0,0.500000
1,0.900000
0,0.100000
0,0.500000
1,0.900000
0,0.300000
1,0.400000
0,0.600000
1,0.800000
0,0.600000
1,0.800000
0,0.200000
1,0.300000
1,0.900000
1,0.200000
0,0.600000
1,0.800000
0,0.600000
1,0.900000
0,0.400000
1,0.900000
1,0.100000
1,0.400000
0,0.500000
1,0.800000
1,0.100000
0,0.300000
0,0.500000
0,0.200000
1,0.400000
0,0.500000
1,0.400000
0,0.300000
1,0.500000
1,0.500000
1,0.200000
0,0.300000
1,0.900000
0,0.500000
1,0.800000
1,0.200000
1,0.600000
1,0.200000
0,0.200000
0,0.300000
1,0.900000
1,0.900000
0,0.300000
1,0.400000
0,0.400000
1,0.900000
0,0.300000
0,0.100000
1,0.200000
0,0.400000
1,0.400000
1,0.100000
0,0.300000
0,0.100000
0,0.200000
1,0.900000
0,0.600000
1,0.300000
0,0.600000
1,0.900000
0,0.600000
0,0.600000
1,0.900000
0,0.700000
1,0.900000
0,0.700000
1,0.300000
1,0.300000
1,0.100000
1,0.900000
0,0.400000
1,0.900000
0,0.400000
1,0.700000
0,0.700000
1,0.600000
0,0.700000
1,0.500000
0,0.200000
0,0.200000
1,0.600000
0,0.400000
1,0.600000
0,0.500000
1,0.500000
0,0.700000
0,0.100000
0,0.200000
0,0.100000
0,0.100000
0,0.500000
1,0.500000
0,0.200000
1,0.600000
0,0.200000
1,0.600000
0,0.100000
0,0.400000
1,0.400000
0,0.200000
1,0.800000
0,0.400000
1,0.300000
0,0.200000
1,0.200000
1,0.300000
1,0.300000
1,0.300000
1,0.100000
1,0.700000
1,0.100000
0,0.200000
1,0.300000
0,0.700000
1,0.100000
0,0.200000
0,0.200000
0,0.200000
0,0.200000
1,0.300000
1,0.700000
1,0.300000
1,0.300000
1,0.700000
0,0.400000
1,0.600000
0,0.300000
1,0.500000
0,0.300000
1,0.500000
0,0.300000
1,0.200000
0,0.300000
1,0.100000
0,0.200000
0,0.300000
1,0.800000
0,0.600000
1,0.500000
0,0.500000
1,0.200000
0,0.300000
1,0.500000
1,0.200000
1,0.600000
1,0.200000
1,0.600000
1,0.200000
1,0.200000
1,0.600000
0,0.200000
0,0.600000
1,0.400000
0,0.200000
1,0.400000
0,0.300000
1,0.400000
0,0.300000
1,0.600000
0,0.400000
1,0.600000
1,0.200000
1,0.200000
0,0.100000
0,0.100000
1,0.400000
1,0.100000
1,0.500000
0,0.400000
1,0.600000
0,0.300000
0,0.300000
0,0.300000
1,0.400000
0,0.400000
1,0.600000
0,0.400000
1,0.600000
0,0.400000
1,0.600000
0,0.400000
1,0.200000
1,0.500000
0,0.200000
1,0.500000
1,0.200000
1,0.500000
0,0.400000
1,0.400000
0,0.400000
0,0.200000
0,0.400000
1,0.100000
1,0.100000
1,0.300000
0,0.700000
0,0.400000
0,0.200000
1,0.100000
1,0.902554
0,0.940356
1,1.364438
0,0.929659
0,0.879659
0,1.187696
1,0.959998
1,1.009967
1,1.009967
1,1.009967
0,0.905165
0,1.110500
1,1.052357
0,1.350623
0,1.279212
0,1.279212
0,1.279212
0,0.910442
1,0.770038
0,1.279212
0,0.926064
0,1.290461
0,1.290461
0,1.290461
0,1.115156
1,1.361723
1,1.299218
1,0.823105
1,1.361723
1,1.311723
0,1.251345
1,1.299218
1,0.571076
0,1.290461
1,0.742407
0,0.614383
0,1.062838
1,1.325899
0,1.283463
0,1.062838
1,1.436272
0,0.998338
0,0.998338
0,1.202905
0,0.877713
1,1.187696
1,0.638069
1,0.960155
1,0.960155
1,0.960155
0,1.217776
1,0.642698
1,1.125970
0,0.985311
0,0.835311
1,0.967926
0,0.909179
0,1.134844
1,0.638069
1,0.973973
1,0.809998
0,0.773973
0,0.877713
1,1.334197
1,1.295837
0,0.877713
1,1.436272
1,1.270639
0,1.125681
1,1.263804
0,1.071574
1,1.171404
0,0.922808
1,1.189815
1,1.693255
0,1.327357
1,1.036278
0,0.802898
0,1.102905
0,1.220855
1,0.998654
0,1.220855
1,1.024516
0,1.220855
0,0.675771
1,0.686665
1,1.270639
0,1.220855
1,0.652735
0,0.819115
0,0.884502
0,0.893209
0,0.909179
1,0.961055
0,1.195003
1,0.817926
0,1.359112
0,0.877713
0,1.231792
1,1.162048
0,0.846762
1,1.162048
1,1.080965
0,0.927151
1,1.193574
0,1.034502
1,0.998654
0,0.884502
1,1.265324
1,1.099218
0,1.140391
0,0.854905
1,1.140943
1,0.806028
0,0.675771
1,0.893650
0,0.848338
1,1.047393
0,0.848338
1,0.843209
0,0.819115
0,0.836665
0,0.940391
1,1.443255
1,1.351433
0,0.836665
0,0.755799
0,0.755799
0,0.886665
1,1.187696
1,1.062910
1,1.062910
0,1.117756
0,1.194634
0,1.051635
0,0.845080
0,1.321321
0,1.037696
1,0.817926
1,0.832923
1,0.890943
1,0.832923
0,1.051635
0,1.059335
0,1.327788
1,1.239815
1,0.911055
1,0.988597
0,1.321321
0,1.467315
1,0.890943
0,1.053507
1,1.034197
1,0.930965
1,1.059852
0,1.053507
0,1.327788
1,1.346833
1,1.196833
0,1.417315
1,1.196833
0,0.764383
1,1.335107
1,1.062910
0,1.185107
0,1.279212
0,0.935458
0,1.327788
0,0.901635
1,0.994634
0,0.935458
0,0.935458
1,0.930965
0,1.267776
1,0.692698
1,1.011055
0,1.051635
0,1.309112
0,1.309112
0,1.095080
0,0.845080
1,1.078355
0,1.025681
0,1.361628
1,0.691785
0,1.102905
1,0.691785
1,1.351433
1,1.078355
0,0.675771
0,0.979798
0,1.102905
1,1.315784
0,0.941297
1,0.859998
1,1.014285
1,0.809998
1,1.148654
0,1.530223
0,1.080223
0,0.934502
0,1.121321
1,0.843209
0,0.962838
1,1.315784
0,0.845080
0,1.095080
0,0.845080
0,1.095080
1,1.034197
0,0.625771
1,1.103496
1,0.729085
0,0.625771
0,0.835311
0,0.625771
0,0.625771
1,1.047393
0,0.699177
1,0.796762
0,0.835311
0,0.835311
0,1.219500
1,1.048437
1,1.448437
1,1.067047
1,0.588069
0,0.927788
1,0.588069
0,0.927788
0,0.979798
0,1.219500
1,0.998437
0,1.035458
1,1.073155
1,1.073155
1,1.515324
1,1.065324
0,0.848338
0,1.512048
1,0.742698
1,1.162048
1,0.891785
1,1.093850
0,0.614383
1,1.059852
0,0.841579
1,0.806028
1,1.609112
0,1.219500
1,0.998437
0,0.971404
0,1.110121
0,0.927788
0,0.927788
0,1.131577
0,0.848338
1,0.994634
1,1.709112
1,0.994634
0,0.845080
1,0.806028
0,0.845080
0,0.764383
1,1.709112
1,1.065324
0,0.614383
0,1.271321
0,0.614383
1,0.853080
1,1.034197
1,1.496833
0,1.025681
1,1.119405
0,1.219405
1,0.988597
0,1.025681
1,1.149218
0,1.007117
0,1.007117
1,1.278355
1,1.065324
1,1.065324
1,0.988597
1,1.065324
0,1.102905
1,0.998437
0,1.102905
0,0.764383
0,1.102905
0,1.102905
1,1.067047
1,1.493255
1,1.315324
1,0.998437
1,0.588069
1,0.588069
1,1.038597
0,1.271321
1,0.588069
0,1.102905
1,0.998437
0,1.219500
1,0.998437
1,0.988597
0,0.764383
1,0.927914
0,1.148437
0,1.285107
0,0.956028
1,1.239815
1,0.588069
1,1.251433
0,1.327788
1,1.251433
0,1.227788
1,1.315324
0,0.888069
0,0.943209
0,1.327788
1,1.315324
0,0.888069
0,0.948035
1,0.806028
0,0.943209
1,1.043209
0,1.143209
1,1.335107
0,1.279212
0,0.788069
1,1.415324
1,0.642698
0,1.285107
1,1.335107
1,0.679798
1,1.515324
0,1.143209
0,0.614383
0,1.143209
0,1.185107
0,1.303496
1,1.153496
0,1.085107
0,2.244395
0,1.478047
1,0.998437
1,1.679116
0,1.509391
0,1.894395
1,0.777151
0,1.143209
1,1.679116
0,1.034502
0,1.184502
0,1.894395
0,1.243209
1,1.251433
0,1.184502
0,1.209391
0,1.184502
1,1.679116
0,0.927151
0,1.143209
1,1.679116
0,1.243209
1,1.043209
0,0.927151
1,1.011281
1,1.053089
0,0.835311
1,1.090943
0,1.143209
0,0.848338
0,1.227788
1,1.335107
1,0.827788
1,0.988597
1,1.034197
0,0.962838
0,1.134197
1,0.692698
1,1.434197
1,0.827788
0,0.699177
1,0.827788
1,1.515784
1,0.692698
0,0.699177
1,0.692698
1,1.034197
0,1.279116
1,0.796762
0,0.848338
1,0.796762
1,1.315324
1,0.827788
1,1.315324
1,0.796762
1,0.796762
0,0.835311
1,0.796762
0,1.020855
0,1.146762
0,0.835311
1,0.843209
1,0.988597
1,0.843209
0,0.962322
0,1.048338
1,0.890943
0,1.037696
1,1.040602
1,0.937696
1,0.988597
0,1.478047
0,1.290461
0,1.290461
0,1.478047
1,0.849177
1,1.003578
0,1.053578
1,0.988597
1,1.048437
1,0.827788
1,1.640461
1,0.827788
1,1.434197
1,0.827788
1,1.434197
0,1.143209
1,1.351433
1,0.853578
0,0.849182
1,0.853578
1,0.853578
0,1.037696
1,1.149218
0,1.037696
0,1.143209
1,1.251433
0,1.143209
0,1.037696
1,1.149218
1,1.149218
0,1.143209
0,1.037696
0,1.143209
0,0.614383
1,0.799177
1,1.003496
1,1.251433
0,1.459391
1,1.009852
0,1.053507
1,1.059852
0,0.614383
1,0.853578
1,1.346833
0,1.303507
0,0.882999
1,0.796762
0,0.835458
1,0.853080
0,0.614383
1,1.221321
0,1.271321
1,1.679116
1,0.853080
0,1.134197
0,1.243209
1,1.679116
1,0.830374
0,1.231792
0,1.048338
0,0.982999
0,1.048338
0,0.882999
0,1.048338
1,1.093209
1,0.998437
1,1.093209
0,1.579116
0,1.048338
1,1.029085
1,0.679085
1,1.029085
0,1.048338
1,1.179085
0,1.227788
0,0.998338
0,1.048338
1,0.880374
1,0.806028
0,0.848338
0,1.101635
1,1.490461
1,0.806028
1,1.640461
0,1.101635
0,0.675771
0,0
1,4
0,0
1,1
1,1
0,1
0,1
0,0
0,0
1,2
1,2
1,0
0,2
0,2
0,2
0,1
0,1
1,1
1,2
0,1
1,2
0,1
1,2
0,1
1,2
1,2
1,2
0,1
0,0
0,0
0,0
1,2
0,0
1,2
1,1
1,1
0,0
1,2
1,1
1,0
1,2
1,2
1,2
1,2
0,2
1,4
0,2
1,2
1,2
1,2
0,2
1,2
1,2
0,2
1,3
0,1
0,2
0,0
1,2
1,4
0,0
1,4
0,0
1,4
0,2
0,2
1,2
1,2
0,2
1,3
1,1
0,1
0,1
1,4
0,1
0,1
0,2
1,1
1,4
0,2
1,4
0,1
1,4
0,2
1,3
0,2
1,3
0,1
1,3
1,3
0,2
1,3
1,3
0,2
1,3
0,2
1,3
0,1
1,3
0,2
0,1
0,2
1,2
0,2
0,1
0,2
0,1
1,2
1,2
0,1
0,3
0,3
1,1
0,1
1,4
0,1
1,3
0,1
1,2
0,2
0,3
0,1
0,3
0,1
0,3
0,1
0,3
1,4
0,1
0,1
0,1
1,3
1,3
0,0
1,3
1,3
0,0
1,2
0,0
1,3
0,0
1,2
1,1
1,2
0,1
1,2
1,1
1,3
1,1
1,3
1,1
1,3
0,2
1,2
0,2
1,1
0,2
1,3
1,1
1,2
1,1
0,0
1,4
0,2
0,0
0,2
1,3
0,4
1,4
0,4
0,2
1,3
0,0
0,0
0,0
0,0
0,0
0,0
1,3
0,3
1,4
0,2
0,3
1,3
1,1
1,3
0,2
1,2
0,2
1,2
0,1
1,4
0,1
0,3
1,1
1,4
0,3
1,4
0,2
0,3
0,2
0,3
0,2
0,3
1,1
1,4
0,2
1,4
0,2
1,1
1,2
1,1
0,3
1,2
0,3
1,2
1,4
0,2
1,2
0,3
1,2
0,3
0,1
0,3
1,4
0,2
0,2
1,4
0,3
1,4
0,2
0,0
0,3
0,2
1,3
0,2
1,3
0,0
1,2
0,2
1,3
0,2
0,0
0,0
1,3
0,0
1,3
0,0
0,0
0,0
0,0
1,4
0,2
0,0
0,1
0,0
1,4
0,0
1,3
0,2
0,1
0,2
0,1
0,2
0,1
0,2
1,3
1,0
1,2
1,2
1,2
1,4
0,2
1,1
1,1
1,4
0,2
1,1
1,1
1,2
0,2
0,2
0,2
1,2
1,2
1,3
0,2
1,2
0,1
0,1
1,2
0,1
1,2
1,2
0,2
1,2
0,2
1,3
0,2
0,2
1,2
0,0
1,1
0,0
1,2
0,2
1,2
1,3
0,2
1,2
1,2
0,2
1,3
0,2
1,2
0,2
1,2
0,4
1,2
0,2
1,2
0,2
1,2
0,1
1,2
1,2
0,3
1,2
1,1
1,2
1,2
0,2
1,0
1,2
0,2
1,2
0,2
1,2
0,2
1,2
1,0
0,0
1,4
0,2
1,1
0,2
0,0
1,1
1,1
1,1
0,2
1,2
0,2
0,2
1,1
0,2
1,2
0,1
1,1
0,2
1,3
0,1
0,2
1,4
0,2
1,4
0,2
1,1
1,1
1,0
1,2
0,2
1,4
0,2
1,4
0,2
1,4
0,2
0,3
0,2
0,2
1,4
0,2
1,4
0,2
1,4
0,2
1,4
0,2
0,2
0,3
0,2
1,4
0,2
1,4
0,2
1,4
1,0
1,0
1,0
0,4
1,4
0,4
1,0
1,1
1,2
1,0
1,0
1,0
1,1
1,3
1,1
0,4
1,3
0,2
1,1
1,1
1,1
1,1
1,2
0,0
1,2
0,0
0,0
1,2
0,2
0,1
0,0
1,4
0,0
0,1
1,1
1,2
0,3
0,2
0,2
0,2
1,3
0,2
1,4
0,2
1,2
0,2
1,2
0,2
1,4
0,2
1,4
1,0
0,2
1,4
0,2
0,0
1,4
0,2
1,1
0,0
1,2
0,2
1,4
0,2
1,4
0,2
1,1
0,2
1,1
1,4
0,0
1,3
0,2
1,4
0,2
1,2
0,2
1,2
0,2
1,4
0,0
1,4
0,2
1,2
0,3
0,2
1,0
0,2
1,4
1,2
1,4
0,2
1,2
0,2
1,2
0,2
1,2
0,2
1,2
0,2
1,2
1,1
1,2
2.777998,960.000000
1.278220,960.000000
1.391840,960.000000
1.920170,960.000000
2.266710,960.000000
2.363287,960.000000
1.511140,960.000000
2.471225,960.000000
1.931532,960.000000
3.885789,960.000000
1.158919,960.000000
1.499778,960.000000
1.744060,960.000000
1.613398,960.000000
1.908808,960.000000
4.039175,960.000000
2.664378,960.000000
2.664378,960.000000
0.982809,960.000000
1.369116,960.000000
0.943042,960.000000
1.244134,960.000000
1.908808,960.000000
0.715803,960.000000
0.937361,960.000000
2.090600,960.000000
1.584993,960.000000
1.363435,960.000000
2.005385,960.000000
1.579312,960.000000
4.323224,960.000000
0.880552,960.000000
0.920318,960.000000
1.772465,960.000000
1.329349,960.000000
1.414563,960.000000
3.567654,960.000000
1.715655,960.000000
2.028109,960.000000
0.920318,960.000000
1.380478,960.000000
0.931680,960.000000
1.442968,960.000000
0.857828,960.000000
1.562269,960.000000
1.727017,960.000000
1.738379,960.000000
1.709974,960.000000
1.175962,960.000000
2.005385,960.000000
1.573631,960.000000
3.118857,960.000000
0.766932,960.000000
1.175962,960.000000
1.408882,960.000000
1.283901,960.000000
1.335030,960.000000
2.357606,960.000000
1.709974,960.000000
1.789508,960.000000
0.391987,960.000000
0.971447,960.000000
0.602184,960.000000
2.386011,960.000000
1.210048,960.000000
2.334882,960.000000
3.971003,960.000000
1.749741,960.000000
1.988342,960.000000
1.158919,960.000000
2.261029,960.000000
3.454034,960.000000
3.914194,960.000000
1.204367,960.000000
2.760955,960.000000
1.335030,960.000000
1.579312,960.000000
2.050833,960.000000
2.715507,960.000000
2.618931,960.000000
2.073557,960.000000
0.488564,960.000000
1.107791,960.000000
0.812380,960.000000
1.567950,960.000000
1.971299,960.000000
1.022576,960.000000
1.778146,960.000000
3.823298,960.000000
1.976980,960.000000
1.596355,960.000000
3.488120,960.000000
2.579164,960.000000
7.907921,960.000000
1.266858,960.000000
1.715655,960.000000
2.698464,960.000000
1.840637,960.000000
1.749741,960.000000
5.061751,960.000000
1.874723,960.000000
3.033642,960.000000
1.193005,960.000000
2.880256,960.000000
1.494097,960.000000
1.539545,960.000000
1.346392,960.000000
1.516821,960.000000
2.079238,960.000000
2.403054,960.000000
1.914489,960.000000
1.772465,960.000000
2.584845,960.000000
2.732550,960.000000
4.198242,960.000000
0.698760,960.000000
1.772465,960.000000
1.920170,960.000000
1.352073,960.000000
2.562121,960.000000
3.965322,960.000000
2.516673,960.000000
2.261029,960.000000
0.783975,960.000000
1.096429,960.000000
0.840785,960.000000
1.210048,960.000000
1.244134,960.000000
0.749889,960.000000
1.363435,960.000000
1.567950,960.000000
1.533864,960.000000
1.584993,960.000000
2.079238,960.000000
1.340711,960.000000
4.294819,960.000000
0.551055,960.000000
1.175962,960.000000
1.738379,960.000000
1.749741,960.000000
1.709974,960.000000
3.391544,960.000000
1.829275,960.000000
1.692931,960.000000
0.630589,960.000000
0.977128,960.000000
0.994171,960.000000
2.175814,960.000000
2.289434,960.000000
1.550907,960.000000
1.954256,960.000000
4.061899,960.000000
1.738379,960.000000
1.744060,960.000000
3.976684,960.000000
2.687102,960.000000
7.731811,960.000000
1.261177,960.000000
2.420096,960.000000
2.681421,960.000000
1.903127,960.000000
2.357606,960.000000
6.203628,960.000000
3.306329,960.000000
2.164452,960.000000
0.869190,960.000000
2.306477,960.000000
1.596355,960.000000
2.624612,960.000000
1.624760,960.000000
2.243986,960.000000
3.431310,960.000000
2.374649,960.000000
1.846318,960.000000
1.903127,960.000000
3.312010,960.000000
4.987898,960.000000
4.522058,960.000000
1.817913,960.000000
2.965470,960.000000
2.033790,960.000000
2.266710,960.000000
3.669912,960.000000
4.033494,960.000000
3.181347,960.000000
2.567802,960.000000
0.721484,960.000000
1.664526,960.000000
1.249815,960.000000
4.050537,960.000000
4.595911,960.000000
2.499630,960.000000
3.976684,960.000000
6.152499,960.000000
4.311862,960.000000
3.936917,960.000000
5.675297,960.000000
5.834364,960.000000
15.622688,960.000000
2.613250,960.000000
3.698316,960.000000
5.084475,960.000000
4.459567,960.000000
5.351481,960.000000
10.310974,960.000000
5.788916,960.000000
5.362843,960.000000
2.232624,960.000000
4.164157,960.000000
2.908661,960.000000
1.141876,960.000000
0.602184,960.000000
0.783975,960.000000
1.238453,960.000000
1.119153,960.000000
1.005533,960.000000
0.562417,960.000000
1.499778,960.000000
1.954256,960.000000
3.215433,960.000000
0.744208,960.000000
1.045300,960.000000
1.005533,960.000000
0.749889,960.000000
1.016895,960.000000
1.937213,960.000000
1.437287,960.000000
1.181643,960.000000
0.301092,960.000000
1.204367,960.000000
0.568098,960.000000
1.550907,960.000000
1.056662,960.000000
1.346392,960.000000
1.533864,960.000000
2.215581,960.000000
1.261177,960.000000
1.113472,960.000000
3.056366,960.000000
2.266710,960.000000
3.993727,960.000000
0.908956,960.000000
1.681569,960.000000
1.920170,960.000000
1.721336,960.000000
1.505459,960.000000
3.380182,960.000000
1.931532,960.000000
2.158771,960.000000
0.658993,960.000000
1.511140,960.000000
1.187324,960.000000
2.556440,960.000000
1.335030,960.000000
1.352073,960.000000
2.891618,960.000000
2.153091,960.000000
2.351925,960.000000
1.602036,960.000000
2.084919,960.000000
2.175814,960.000000
4.522058,960.000000
1.312306,960.000000
1.567950,960.000000
2.243986,960.000000
1.886085,960.000000
2.437139,960.000000
4.147114,960.000000
2.255348,960.000000
2.692783,960.000000
0.778294,960.000000
0.965766,960.000000
1.329349,960.000000
2.209900,960.000000
0.982809,960.000000
1.505459,960.000000
1.891766,960.000000
1.619079,960.000000
1.596355,960.000000
1.505459,960.000000
2.033790,960.000000
2.760955,960.000000
3.738083,960.000000
0.960085,960.000000
1.755422,960.000000
1.607717,960.000000
1.675888,960.000000
2.323520,960.000000
3.635826,960.000000
2.255348,960.000000
1.482735,960.000000
0.670355,960.000000
1.050981,960.000000
0.982809,960.000000
2.283753,960.000000
1.783827,960.000000
1.817913,960.000000
2.499630,960.000000
1.619079,960.000000
2.812084,960.000000
1.670207,960.000000
2.687102,960.000000
3.777850,960.000000
3.953960,960.000000
1.420244,960.000000
1.976980,960.000000
2.119005,960.000000
2.011066,960.000000
3.686954,960.000000
3.755126,960.000000
2.528035,960.000000
2.136048,960.000000
0.925999,960.000000
1.068024,960.000000
0.988490,960.000000
3.783531,960.000000
4.095985,960.000000
2.687102,960.000000
3.027961,960.000000
5.146966,960.000000
3.953960,960.000000
3.527887,960.000000
4.879960,960.000000
4.022132,960.000000
9.867858,960.000000
1.636122,960.000000
2.726869,960.000000
4.783383,960.000000
3.664231,960.000000
4.260733,960.000000
10.055330,960.000000
5.737787,960.000000
4.681126,960.000000
1.727017,960.000000
2.823446,960.000000
2.618931,960.000000
2.601888,960.000000
1.880404,960.000000
1.829275,960.000000
2.596207,960.000000
3.113176,960.000000
2.681421,960.000000
1.806551,960.000000
3.255200,960.000000
2.982513,960.000000
5.340119,960.000000
1.346392,960.000000
1.999704,960.000000
2.403054,960.000000
1.948575,960.000000
2.198538,960.000000
5.675297,960.000000
2.601888,960.000000
3.260881,960.000000
1.022576,960.000000
1.335030,960.000000
1.522502,960.000000
2.215581,960.000000
1.806551,960.000000
1.505459,960.000000
1.619079,960.000000
3.317691,960.000000
2.255348,960.000000
1.584993,960.000000
2.687102,960.000000
2.414415,960.000000
5.947984,960.000000
1.460011,960.000000
2.113324,960.000000
2.670059,960.000000
2.261029,960.000000
1.891766,960.000000
4.840193,960.000000
3.277924,960.000000
2.942746,960.000000
0.624908,960.000000
1.630441,960.000000
1.335030,960.000000
0.641950,960.000000
0.613546,960.000000
0.732846,960.000000
0.914637,960.000000
0.920318,960.000000
0.613546,960.000000
0.363583,960.000000
0.874871,960.000000
1.261177,960.000000
1.505459,960.000000
0.426073,960.000000
0.840785,960.000000
0.857828,960.000000
0.653312,960.000000
1.102110,960.000000
1.545226,960.000000
1.056662,960.000000
1.005533,960.000000
0.267006,960.000000
0.448797,960.000000
0.516969,960.000000
1.323668,960.000000
1.204367,960.000000
1.028257,960.000000
0.823742,960.000000
2.226943,960.000000
1.283901,960.000000
1.085067,960.000000
2.743912,960.000000
1.227091,960.000000
4.078942,960.000000
1.033938,960.000000
1.068024,960.000000
1.408882,960.000000
1.141876,960.000000
1.255496,960.000000
2.942746,960.000000
1.442968,960.000000
1.891766,960.000000
0.704441,960.000000
0.971447,960.000000
0.789656,960.000000
0.897594,960.000000
0.835104,960.000000
0.568098,960.000000
1.255496,960.000000
0.886233,960.000000
1.090748,960.000000
0.846466,960.000000
1.442968,960.000000
1.880404,960.000000
2.590526,960.000000
0.641950,960.000000
1.181643,960.000000
1.096429,960.000000
1.153238,960.000000
1.630441,960.000000
2.363287,960.000000
1.579312,960.000000
1.136196,960.000000
0.369264,960.000000
0.687398,960.000000
1.511140,960.000000
2.307023,960.000000
1.443310,960.000000
1.454675,960.000000
2.386576,960.000000
2.477493,960.000000
2.437716,960.000000
1.289887,960.000000
2.363846,960.000000
2.102459,960.000000
4.454941,960.000000
0.977359,960.000000
1.454675,960.000000
2.187694,960.000000
1.585368,960.000000
2.272929,960.000000
3.636686,960.000000
2.539998,960.000000
2.193377,960.000000
0.772796,960.000000
1.096688,960.000000
0.943266,960.000000
1.403534,960.000000
1.443310,960.000000
1.028500,960.000000
1.233064,960.000000
1.608097,960.000000
1.522862,960.000000
1.551274,960.000000
1.772885,960.000000
1.284205,960.000000
4.687916,960.000000
0.795525,960.000000
0.977359,960.000000
1.647874,960.000000
1.471722,960.000000
1.869484,960.000000
3.824203,960.000000
1.744473,960.000000
1.500133,960.000000
0.738702,960.000000
1.255793,960.000000
1.255793,960.000000
1.278523,960.000000
0.886442,960.000000
1.437628,960.000000
1.812661,960.000000
1.920625,960.000000
1.318299,960.000000
1.181923,960.000000
1.880849,960.000000
2.039954,960.000000
2.829797,960.000000
0.471633,960.000000
1.403534,960.000000
1.522862,960.000000
1.216017,960.000000
1.426263,960.000000
2.477493,960.000000
1.795614,960.000000
1.659238,960.000000
0.465950,960.000000
1.028500,960.000000
0.659149,960.000000
2.017225,960.000000
1.159194,960.000000
1.880849,960.000000
2.784338,960.000000
2.091095,960.000000
2.051318,960.000000
1.363757,960.000000
2.596821,960.000000
2.932078,960.000000
4.500400,960.000000
0.835301,960.000000
1.897896,960.000000
2.039954,960.000000
1.983131,960.000000
2.221788,960.000000
3.881026,960.000000
2.074048,960.000000
2.159283,960.000000
0.653467,960.000000
1.295570,960.000000
0.778478,960.000000
2.000178,960.000000
2.136553,960.000000
1.653556,960.000000
1.818343,960.000000
3.540087,960.000000
2.136553,960.000000
1.812661,960.000000
3.602593,960.000000
2.693421,960.000000
6.290331,960.000000
1.181923,960.000000
2.176330,960.000000
2.307023,960.000000
1.931990,960.000000
1.960401,960.000000
5.091361,960.000000
2.761609,960.000000
3.301429,960.000000
0.715973,960.000000
2.091095,960.000000
1.267158,960.000000
1.420581,960.000000
1.517180,960.000000
1.437628,960.000000
1.994495,960.000000
2.125189,960.000000
2.130871,960.000000
1.806979,960.000000
2.557045,960.000000
1.977448,960.000000
4.273107,960.000000
1.579686,960.000000
1.778567,960.000000
2.011542,960.000000
1.454675,960.000000
2.483175,960.000000
3.824203,960.000000
2.068365,960.000000
2.159283,960.000000
1.096688,960.000000
1.193288,960.000000
0.983042,960.000000
1.022818,960.000000
1.505816,960.000000
1.250111,960.000000
1.306934,960.000000
1.460357,960.000000
1.420581,960.000000
1.727426,960.000000
1.931990,960.000000
1.591050,960.000000
3.886709,960.000000
0.625055,960.000000
0.977359,960.000000
2.096777,960.000000
1.585368,960.000000
1.608097,960.000000
3.142324,960.000000
1.505816,960.000000
1.556956,960.000000
0.596644,960.000000
1.477404,960.000000
1.108053,960.000000
2.358164,960.000000
2.005860,960.000000
1.653556,960.000000
2.471810,960.000000
3.358253,960.000000
2.471810,960.000000
1.670603,960.000000
3.682145,960.000000
3.165054,960.000000
6.966528,960.000000
1.829708,960.000000
2.466128,960.000000
2.153600,960.000000
1.625144,960.000000
2.653645,960.000000
5.574359,960.000000
3.773062,960.000000
2.954808,960.000000
0.659149,960.000000
2.159283,960.000000
1.312617,960.000000
2.261564,960.000000
1.505816,960.000000
1.613780,960.000000
2.801385,960.000000
2.761609,960.000000
2.204741,960.000000
1.511498,960.000000
3.670780,960.000000
5.290242,960.000000
5.545947,960.000000
1.693332,960.000000
2.437716,960.000000
2.193377,960.000000
2.318388,960.000000
3.108230,960.000000
4.221966,960.000000
3.153689,960.000000
2.704786,960.000000
0.636420,960.000000
1.789932,960.000000
1.556956,960.000000
5.045903,960.000000
3.801474,960.000000
3.505993,960.000000
4.131049,960.000000
6.045991,960.000000
4.648140,960.000000
4.062861,960.000000
6.960845,960.000000
6.409660,960.000000
12.109030,960.000000
3.227559,960.000000
4.574270,960.000000
5.011809,960.000000
3.687827,960.000000
4.841339,960.000000
10.836189,960.000000
5.710734,960.000000
6.551718,960.000000
1.551274,960.000000
3.505993,960.000000
2.437716,960.000000
1.079641,960.000000
0.539821,960.000000
0.806890,960.000000
0.840984,960.000000
1.636509,960.000000
0.858031,960.000000
0.590962,960.000000
1.642191,960.000000
1.204652,960.000000
3.409394,960.000000
0.664832,960.000000
1.000089,960.000000
0.960313,960.000000
1.011453,960.000000
1.062594,960.000000
2.108142,960.000000
1.551274,960.000000
1.522862,960.000000
0.545503,960.000000
0.710290,960.000000
0.602326,960.000000
1.483086,960.000000
1.233064,960.000000
1.392169,960.000000
1.801296,960.000000
2.386576,960.000000
1.471722,960.000000
1.142147,960.000000
2.409305,960.000000
2.500222,960.000000
4.165143,960.000000
1.028500,960.000000
1.727426,960.000000
1.738791,960.000000
1.574003,960.000000
1.846755,960.000000
3.295747,960.000000
2.170647,960.000000
2.028589,960.000000
0.579597,960.000000
1.022818,960.000000
0.960313,960.000000
2.483175,960.000000
2.187694,960.000000
1.312617,960.000000
1.931990,960.000000
1.988813,960.000000
2.096777,960.000000
1.613780,960.000000
2.045636,960.000000
2.187694,960.000000
4.704963,960.000000
0.750067,960.000000
1.500133,960.000000
3.051407,960.000000
1.880849,960.000000
2.699103,960.000000
4.102637,960.000000
2.574092,960.000000
2.085412,960.000000
0.892125,960.000000
1.602415,960.000000
0.965995,960.000000
1.596733,960.000000
1.306934,960.000000
1.170558,960.000000
1.397851,960.000000
1.789932,960.000000
1.625144,960.000000
1.545592,960.000000
2.602504,960.000000
2.557045,960.000000
4.221966,960.000000
0.767114,960.000000
1.011453,960.000000
1.818343,960.000000
2.426352,960.000000
2.028589,960.000000
3.159371,960.000000
1.909260,960.000000
2.176330,960.000000
0.670514,960.000000
1.091006,960.000000
1.375122,960.000000
2.210424,960.000000
1.534227,960.000000
1.613780,960.000000
2.176330,960.000000
2.295658,960.000000
2.045636,960.000000
1.733108,960.000000
2.659327,960.000000
3.693510,960.000000
5.097043,960.000000
1.198970,960.000000
1.528545,960.000000
2.119506,960.000000
1.920625,960.000000
2.926396,960.000000
4.386753,960.000000
2.665009,960.000000
2.119506,960.000000
1.062594,960.000000
1.187605,960.000000
1.369440,960.000000
4.017402,960.000000
3.881026,960.000000
2.875255,960.000000
4.119684,960.000000
5.182278,960.000000
3.824203,960.000000
3.153689,960.000000
4.494717,960.000000
4.250377,960.000000
10.961200,960.000000
2.153600,960.000000
3.750333,960.000000
3.971944,960.000000
3.221877,960.000000
4.261742,960.000000
9.125810,960.000000
5.136820,960.000000
4.290154,960.000000
1.767202,960.000000
2.761609,960.000000
2.505904,960.000000
2.500222,960.000000
1.664921,960.000000
1.250111,960.000000
2.869573,960.000000
2.676374,960.000000
2.250200,960.000000
1.176241,960.000000
2.772973,960.000000
3.022996,960.000000
6.403978,960.000000
1.181923,960.000000
2.369529,960.000000
2.409305,960.000000
2.216106,960.000000
2.221788,960.000000
5.858475,960.000000
4.006037,960.000000
2.477493,960.000000
1.051230,960.000000
1.619462,960.000000
1.403534,960.000000
2.386576,960.000000
1.630827,960.000000
1.460357,960.000000
2.687739,960.000000
2.988902,960.000000
2.682056,960.000000
1.471722,960.000000
3.443488,960.000000
3.068454,960.000000
5.682323,960.000000
1.556956,960.000000
1.875166,960.000000
2.085412,960.000000
1.863802,960.000000
2.278611,960.000000
3.920803,960.000000
2.386576,960.000000
2.647962,960.000000
0.943266,960.000000
2.125189,960.000000
1.221699,960.000000
0.596644,960.000000
0.715973,960.000000
0.636420,960.000000
0.625055,960.000000
1.017136,960.000000
0.590962,960.000000
0.795525,960.000000
0.852348,960.000000
0.931901,960.000000
1.903578,960.000000
0.403445,960.000000
0.840984,960.000000
0.909172,960.000000
0.727337,960.000000
0.909172,960.000000
1.852437,960.000000
0.829619,960.000000
0.511409,960.000000
0.454586,960.000000
0.630738,960.000000
0.437539,960.000000
1.363757,960.000000
1.216017,960.000000
0.892125,960.000000
1.255793,960.000000
1.869484,960.000000
1.136465,960.000000
1.130782,960.000000
2.000178,960.000000
1.522862,960.000000
3.045725,960.000000
0.750067,960.000000
1.375122,960.000000
1.397851,960.000000
1.091006,960.000000
1.443310,960.000000
2.824114,960.000000
1.778567,960.000000
2.471810,960.000000
0.733020,960.000000
1.375122,960.000000
1.000089,960.000000
0.965995,960.000000
1.119418,960.000000
0.471633,960.000000
0.880760,960.000000
1.426263,960.000000
0.863713,960.000000
1.079641,960.000000
1.238746,960.000000
1.471722,960.000000
2.568410,960.000000
0.613691,960.000000
1.125100,960.000000
1.068277,960.000000
1.466039,960.000000
1.363757,960.000000
2.551363,960.000000
1.403534,960.000000
1.159194,960.000000
0.590962,960.000000
0.619373,960.000000
1.596733,960.000000
2.199853,960.000000
1.358566,960.000000
1.398356,960.000000
2.461334,960.000000
2.683025,960.000000
2.040691,960.000000
1.364250,960.000000
2.484072,960.000000
2.415859,960.000000
4.979513,960.000000
0.926553,960.000000
1.728050,960.000000
1.739419,960.000000
1.836053,960.000000
1.892897,960.000000
3.734634,960.000000
2.597759,960.000000
1.648469,960.000000
0.630966,960.000000
1.483622,960.000000
0.795813,960.000000
1.273300,960.000000
1.574572,960.000000
0.756022,960.000000
1.142559,960.000000
1.995216,960.000000
1.836053,960.000000
1.267616,960.000000
1.864475,960.000000
1.710997,960.000000
4.240544,960.000000
0.670756,960.000000
1.324459,960.000000
1.398356,960.000000
1.438147,960.000000
1.449516,960.000000
3.763056,960.000000
1.699628,960.000000
2.268066,960.000000
0.784444,960.000000
1.097084,960.000000
1.057294,960.000000
1.222141,960.000000
1.335828,960.000000
1.074347,960.000000
2.040691,960.000000
1.557519,960.000000
1.392672,960.000000
0.801497,960.000000
2.290803,960.000000
1.915634,960.000000
2.933138,960.000000
0.750338,960.000000
1.358566,960.000000
1.404041,960.000000
1.222141,960.000000
1.296038,960.000000
2.711447,960.000000
1.432463,960.000000
1.841738,960.000000
0.522963,960.000000
0.898131,960.000000
0.704863,960.000000
2.233959,960.000000
1.330144,960.000000
1.699628,960.000000
2.972928,960.000000
1.756472,960.000000
1.955425,960.000000
1.318775,960.000000
2.319225,960.000000
3.456100,960.000000
3.944956,960.000000
0.903816,960.000000
2.160063,960.000000
2.398806,960.000000
1.944056,960.000000
2.484072,960.000000
3.399256,960.000000
1.830369,960.000000
2.347647,960.000000
0.591175,960.000000
1.301722,960.000000
0.846972,960.000000
1.921319,960.000000
2.393122,960.000000
1.466569,960.000000
1.938372,960.000000
3.979063,960.000000
2.160063,960.000000
1.654153,960.000000
3.433363,960.000000
2.830819,960.000000
6.036806,960.000000
1.432463,960.000000
2.012269,960.000000
2.006584,960.000000
1.693944,960.000000
2.302172,960.000000
4.843088,960.000000
2.728500,960.000000
3.620947,960.000000
1.170981,960.000000
1.551834,960.000000
1.290353,960.000000
2.239644,960.000000
1.762156,960.000000
1.574572,960.000000
1.682575,960.000000
2.080481,960.000000
2.427228,960.000000
1.529097,960.000000
2.398806,960.000000
1.938372,960.000000
4.490656,960.000000
0.801497,960.000000
1.415409,960.000000
2.205538,960.000000
1.631416,960.000000
2.353331,960.000000
3.802847,960.000000
2.370384,960.000000
1.949741,960.000000
0.824234,960.000000
1.267616,960.000000
1.131191,960.000000
1.716681,960.000000
1.313091,960.000000
0.932238,960.000000
1.176666,960.000000
1.534781,960.000000
1.512044,960.000000
1.779209,960.000000
1.921319,960.000000
1.671206,960.000000
3.967694,960.000000
0.846972,960.000000
1.182350,960.000000
1.927003,960.000000
1.335828,960.000000
1.443831,960.000000
3.410625,960.000000
1.483622,960.000000
1.745103,960.000000
0.460434,960.000000
1.034556,960.000000
1.023188,960.000000
2.563653,960.000000
1.898581,960.000000
2.000900,960.000000
2.393122,960.000000
3.660738,960.000000
2.120272,960.000000
2.216906,960.000000
3.478838,960.000000
3.115038,960.000000
7.139575,960.000000
1.642784,960.000000
2.347647,960.000000
2.194169,960.000000
1.898581,960.000000
2.188484,960.000000
5.377419,960.000000
3.365150,960.000000
3.109353,960.000000
0.812866,960.000000
2.086166,960.000000
1.307406,960.000000
2.512494,960.000000
1.330144,960.000000
2.370384,960.000000
2.910400,960.000000
2.609128,960.000000
1.944056,960.000000
1.801947,960.000000
3.416309,960.000000
4.456550,960.000000
5.417209,960.000000
1.648469,960.000000
2.171431,960.000000
2.495441,960.000000
2.734184,960.000000
2.961559,960.000000
4.359916,960.000000
2.955875,960.000000
2.910400,960.000000
0.841288,960.000000
1.614363,960.000000
1.477938,960.000000
3.962009,960.000000
4.098434,960.000000
2.995666,960.000000
4.723716,960.000000
6.440397,960.000000
4.678241,960.000000
3.666422,960.000000
7.014519,960.000000
5.769641,960.000000
13.483338,960.000000
2.989981,960.000000
4.445181,960.000000
4.467919,960.000000
3.842638,960.000000
4.411075,960.000000
10.146610,960.000000
6.673456,960.000000
6.599559,960.000000
1.864475,960.000000
3.677791,960.000000
2.694394,960.000000
1.091400,960.000000
0.511594,960.000000
0.648019,960.000000
1.199403,960.000000
1.449516,960.000000
1.023188,960.000000
0.602544,960.000000
1.710997,960.000000
1.375619,960.000000
2.609128,960.000000
0.829919,960.000000
1.142559,960.000000
1.057294,960.000000
0.710547,960.000000
1.313091,960.000000
2.404491,960.000000
1.648469,960.000000
1.216456,960.000000
0.403591,960.000000
0.892447,960.000000
0.500225,960.000000
1.477938,960.000000
1.011819,960.000000
1.347197,960.000000
1.659838,960.000000
2.023638,960.000000
1.210772,960.000000
1.227825,960.000000
2.830819,960.000000
2.489756,960.000000
4.234859,960.000000
0.972028,960.000000
2.114588,960.000000
1.438147,960.000000
1.733734,960.000000
1.813316,960.000000
3.234409,960.000000
2.330594,960.000000
1.716681,960.000000
0.562753,960.000000
1.421094,960.000000
1.097084,960.000000
1.961109,960.000000
1.983847,960.000000
1.364250,960.000000
1.819000,960.000000
2.194169,960.000000
1.756472,960.000000
1.904266,960.000000
2.364700,960.000000
2.978613,960.000000
4.621397,960.000000
1.062978,960.000000
1.631416,960.000000
2.535231,960.000000
1.693944,960.000000
2.489756,960.000000
4.496341,960.000000
2.671656,960.000000
1.580256,960.000000
0.841288,960.000000
1.608678,960.000000
1.142559,960.000000
1.551834,960.000000
1.125506,960.000000
1.273300,960.000000
1.972478,960.000000
1.870159,960.000000
1.836053,960.000000
1.540466,960.000000
1.773525,960.000000
2.444281,960.000000
4.587291,960.000000
0.721916,960.000000
1.534781,960.000000
1.830369,960.000000
1.693944,960.000000
1.892897,960.000000
3.564103,960.000000
2.222591,960.000000
2.233959,960.000000
0.517278,960.000000
0.966344,960.000000
1.091400,960.000000
2.427228,960.000000
1.631416,960.000000
1.404041,960.000000
2.251013,960.000000
2.205538,960.000000
2.154378,960.000000
1.392672,960.000000
2.069113,960.000000
3.069563,960.000000
4.644134,960.000000
1.091400,960.000000
1.983847,960.000000
2.751238,960.000000
2.211222,960.000000
3.751688,960.000000
4.411075,960.000000
2.552284,960.000000
2.017953,960.000000
0.989081,960.000000
1.119822,960.000000
1.426778,960.000000
3.677791,960.000000
3.308306,960.000000
2.728500,960.000000
3.393572,960.000000
4.803297,960.000000
3.910850,960.000000
3.080931,960.000000
4.882878,960.000000
4.763506,960.000000
10.391038,960.000000
2.040691,960.000000
2.802397,960.000000
4.627081,960.000000
4.109803,960.000000
4.973828,960.000000
9.197319,960.000000
4.666872,960.000000
4.189384,960.000000
1.966794,960.000000
3.376519,960.000000
2.808081,960.000000
2.444281,960.000000
1.955425,960.000000
1.745103,960.000000
2.489756,960.000000
2.404491,960.000000
1.955425,960.000000
2.074797,960.000000
3.313991,960.000000
3.296938,960.000000
6.048175,960.000000
1.602994,960.000000
2.086166,960.000000
2.847872,960.000000
2.052059,960.000000
2.069113,960.000000
5.189834,960.000000
3.120722,960.000000
2.791028,960.000000
0.767391,960.000000
1.807631,960.000000
1.335828,960.000000
2.137325,960.000000
1.676891,960.000000
1.449516,960.000000
2.330594,960.000000
3.205988,960.000000
2.432913,960.000000
1.278984,960.000000
3.188934,960.000000
2.637550,960.000000
5.729850,960.000000
1.602994,960.000000
2.006584,960.000000
1.972478,960.000000
1.682575,960.000000
2.137325,960.000000
5.104569,960.000000
2.751238,960.000000
2.984297,960.000000
1.182350,960.000000
1.801947,960.000000
1.114138,960.000000
0.619597,960.000000
0.682125,960.000000
0.687809,960.000000
0.602544,960.000000
0.972028,960.000000
0.773075,960.000000
0.557069,960.000000
0.744653,960.000000
0.608228,960.000000
2.035006,960.000000
0.380853,960.000000
0.795813,960.000000
0.886763,960.000000
0.619597,960.000000
0.932238,960.000000
1.773525,960.000000
1.267616,960.000000
0.881078,960.000000
0.363800,960.000000
0.426328,960.000000
0.568438,960.000000
1.398356,960.000000
1.091400,960.000000
1.114138,960.000000
1.057294,960.000000
1.881528,960.000000
1.517728,960.000000
1.216456,960.000000
2.614813,960.000000
1.784894,960.000000
3.404941,960.000000
0.756022,960.000000
1.284669,960.000000
1.159613,960.000000
1.398356,960.000000
1.807631,960.000000
1.972478,960.000000
1.728050,960.000000
1.767841,960.000000
0.420644,960.000000
1.358566,960.000000
0.960659,960.000000
0.892447,960.000000
1.182350,960.000000
0.704863,960.000000
1.045925,960.000000
1.313091,960.000000
1.017503,960.000000
0.977713,960.000000
1.318775,960.000000
1.335828,960.000000
3.041141,960.000000
0.602544,960.000000
0.949291,960.000000
1.409725,960.000000
0.818550,960.000000
1.438147,960.000000
2.296488,960.000000
1.392672,960.000000
1.011819,960.000000
0.488856,960.000000
0.864025,960.000000
1.546150,960.000000
2.234912,960.000000
1.529749,960.000000
1.438760,960.000000
2.081369,960.000000
2.138237,960.000000
1.950572,960.000000
1.484255,960.000000
2.547686,960.000000
2.337275,960.000000
5.135180,960.000000
1.023624,960.000000
1.728787,960.000000
2.109803,960.000000
1.637798,960.000000
2.109803,960.000000
4.128616,960.000000
2.189418,960.000000
1.825463,960.000000
0.625548,960.000000
1.188541,960.000000
0.966756,960.000000
1.325024,960.000000
1.461507,960.000000
1.125986,960.000000
1.234035,960.000000
2.217852,960.000000
1.575243,960.000000
1.410326,960.000000
1.518375,960.000000
1.791342,960.000000
4.026254,960.000000
0.944009,960.000000
1.205601,960.000000
1.831149,960.000000
1.438760,960.000000
1.723100,960.000000
3.355212,960.000000
1.541123,960.000000
1.842523,960.000000
0.710850,960.000000
1.069118,960.000000
1.262469,960.000000
1.472881,960.000000
1.108926,960.000000
1.342085,960.000000
2.087055,960.000000
1.615051,960.000000
1.160107,960.000000
0.949696,960.000000
1.888017,960.000000
2.081369,960.000000
2.741037,960.000000
0.727910,960.000000
1.199915,960.000000
1.273843,960.000000
1.438760,960.000000
1.535436,960.000000
2.854773,960.000000
1.501315,960.000000
1.694666,960.000000
0.574367,960.000000
0.824586,960.000000
0.636922,960.000000
2.183731,960.000000
1.137360,960.000000
1.643485,960.000000
2.468071,960.000000
1.990380,960.000000
2.229225,960.000000
1.069118,960.000000
3.053811,960.000000
3.662299,960.000000
3.827216,960.000000
1.091866,960.000000
1.899391,960.000000
1.905078,960.000000
1.808402,960.000000
2.416890,960.000000
3.048125,960.000000
2.342961,960.000000
2.098429,960.000000
0.722224,960.000000
1.524062,960.000000
1.057745,960.000000
1.967633,960.000000
2.251973,960.000000
1.455821,960.000000
1.944885,960.000000
3.434827,960.000000
2.541999,960.000000
2.035874,960.000000
3.474635,960.000000
2.297467,960.000000
6.244106,960.000000
1.694666,960.000000
2.200791,960.000000
1.996067,960.000000
1.552496,960.000000
1.779968,960.000000
5.499135,960.000000
2.780845,960.000000
2.968509,960.000000
0.784778,960.000000
2.342961,960.000000
1.239722,960.000000
2.013127,960.000000
1.802715,960.000000
1.421700,960.000000
1.683293,960.000000
2.291780,960.000000
1.740161,960.000000
1.569557,960.000000
2.064308,960.000000
2.331588,960.000000
4.884961,960.000000
0.989503,960.000000
1.944885,960.000000
1.939199,960.000000
1.632111,960.000000
2.274720,960.000000
3.736227,960.000000
2.160984,960.000000
2.206478,960.000000
0.870080,960.000000
1.427387,960.000000
0.909888,960.000000
1.325024,960.000000
1.370519,960.000000
1.069118,960.000000
1.734474,960.000000
1.797029,960.000000
1.711727,960.000000
2.138237,960.000000
1.279530,960.000000
1.728787,960.000000
3.747601,960.000000
0.580054,960.000000
1.234035,960.000000
1.745847,960.000000
1.353458,960.000000
1.700353,960.000000
2.883207,960.000000
1.870957,960.000000
1.216975,960.000000
0.500438,960.000000
1.518375,960.000000
0.915575,960.000000
2.075682,960.000000
1.768595,960.000000
1.956259,960.000000
2.178044,960.000000
3.531502,960.000000
2.104116,960.000000
1.899391,960.000000
4.054688,960.000000
3.650925,960.000000
6.573940,960.000000
1.438760,960.000000
2.445324,960.000000
2.405516,960.000000
1.814089,960.000000
2.888894,960.000000
4.970263,960.000000
3.576997,960.000000
3.662299,960.000000
0.807526,960.000000
1.956259,960.000000
1.222662,960.000000
2.234912,960.000000
1.455821,960.000000
1.967633,960.000000
3.429140,960.000000
2.479445,960.000000
2.143923,960.000000
1.592304,960.000000
3.440514,960.000000
4.771225,960.000000
5.601498,960.000000
1.353458,960.000000
2.928702,960.000000
2.081369,960.000000
2.217852,960.000000
3.139113,960.000000
4.287847,960.000000
2.655735,960.000000
2.763785,960.000000
0.858707,960.000000
1.791342,960.000000
1.666232,960.000000
4.708670,960.000000
3.258536,960.000000
3.434827,960.000000
3.810156,960.000000
6.915148,960.000000
3.827216,960.000000
4.168424,960.000000
6.977703,960.000000
6.062128,960.000000
12.755491,960.000000
2.945762,960.000000
4.253726,960.000000
4.822406,960.000000
4.503945,960.000000
4.572187,960.000000
10.111130,960.000000
6.192925,960.000000
6.329408,960.000000
1.859583,960.000000
4.100182,960.000000
3.048125,960.000000
1.228349,960.000000
0.619861,960.000000
0.932635,960.000000
1.182854,960.000000
1.069118,960.000000
1.046371,960.000000
0.557306,960.000000
1.518375,960.000000
1.717413,960.000000
2.866147,960.000000
0.727910,960.000000
0.875767,960.000000
1.171481,960.000000
0.767718,960.000000
1.404639,960.000000
2.337275,960.000000
1.313651,960.000000
1.307964,960.000000
0.363955,960.000000
0.909888,960.000000
0.420823,960.000000
1.450134,960.000000
1.740161,960.000000
1.563870,960.000000
1.916451,960.000000
2.303154,960.000000
1.307964,960.000000
1.171481,960.000000
2.200791,960.000000
2.411203,960.000000
3.679359,960.000000
0.693790,960.000000
1.774281,960.000000
1.615051,960.000000
1.501315,960.000000
1.609364,960.000000
3.355212,960.000000
2.502192,960.000000
1.791342,960.000000
0.608488,960.000000
1.768595,960.000000
0.955382,960.000000
2.092742,960.000000
2.098429,960.000000
1.279530,960.000000
2.178044,960.000000
1.956259,960.000000
2.297467,960.000000
1.529749,960.000000
2.240599,960.000000
1.984693,960.000000
4.742791,960.000000
0.932635,960.000000
1.404639,960.000000
2.752411,960.000000
1.922138,960.000000
2.087055,960.000000
4.316281,960.000000
2.439637,960.000000
2.604554,960.000000
1.120300,960.000000
1.433073,960.000000
1.290903,960.000000
1.632111,960.000000
1.507002,960.000000
1.137360,960.000000
2.280407,960.000000
1.905078,960.000000
1.825463,960.000000
1.199915,960.000000
2.331588,960.000000
2.405516,960.000000
4.418643,960.000000
0.926948,960.000000
1.586617,960.000000
2.035874,960.000000
1.660545,960.000000
1.774281,960.000000
3.304031,960.000000
1.683293,960.000000
1.939199,960.000000
0.557306,960.000000
1.063432,960.000000
1.069118,960.000000
1.859583,960.000000
1.677606,960.000000
1.569557,960.000000
2.644362,960.000000
2.530626,960.000000
2.439637,960.000000
1.495628,960.000000
2.377082,960.000000
2.934389,960.000000
5.226169,960.000000
1.000877,960.000000
1.632111,960.000000
2.314527,960.000000
2.195105,960.000000
2.991257,960.000000
4.412956,960.000000
2.826339,960.000000
2.035874,960.000000
0.682416,960.000000
1.381892,960.000000
1.330711,960.000000
3.889771,960.000000
3.645238,960.000000
2.462384,960.000000
3.781722,960.000000
5.072625,960.000000
3.548563,960.000000
2.820653,960.000000
4.958889,960.000000
4.390209,960.000000
10.440964,960.000000
2.331588,960.000000
3.201668,960.000000
4.674549,960.000000
3.423453,960.000000
4.742791,960.000000
8.985143,960.000000
5.732294,960.000000
4.902021,960.000000
2.098429,960.000000
2.149610,960.000000
2.462384,960.000000
2.456697,960.000000
1.387579,960.000000
1.455821,960.000000
2.291780,960.000000
2.530626,960.000000
2.496505,960.000000
1.961946,960.000000
3.804469,960.000000
2.905955,960.000000
6.426083,960.000000
1.512689,960.000000
2.291780,960.000000
2.303154,960.000000
2.519252,960.000000
2.655735,960.000000
5.516196,960.000000
3.326778,960.000000
2.115489,960.000000
0.716537,960.000000
1.501315,960.000000
1.256783,960.000000
2.200791,960.000000
2.166671,960.000000
1.216975,960.000000
2.098429,960.000000
2.746724,960.000000
2.371395,960.000000
1.563870,960.000000
3.247163,960.000000
2.593181,960.000000
5.618558,960.000000
1.438760,960.000000
2.092742,960.000000
2.399829,960.000000
1.461507,960.000000
2.291780,960.000000
4.430017,960.000000
2.843400,960.000000
3.588370,960.000000
1.199915,960.000000
1.416013,960.000000
1.404639,960.000000
0.921262,960.000000
0.716537,960.000000
0.523186,960.000000
0.466318,960.000000
0.835960,960.000000
0.779092,960.000000
0.585740,960.000000
1.097552,960.000000
1.080492,960.000000
2.206478,960.000000
0.295714,960.000000
0.597114,960.000000
1.006564,960.000000
0.779092,960.000000
0.830273,960.000000
1.546809,960.000000
0.801839,960.000000
0.904201,960.000000
0.267280,960.000000
0.443570,960.000000
0.494752,960.000000
1.205601,960.000000
0.972443,960.000000
1.029311,960.000000
0.966756,960.000000
2.172357,960.000000
1.433073,960.000000
1.080492,960.000000
1.979006,960.000000
1.688979,960.000000
3.559936,960.000000
0.835960,960.000000
1.171481,960.000000
1.137360,960.000000
1.199915,960.000000
1.370519,960.000000
3.804469,960.000000
1.859583,960.000000
1.643485,960.000000
0.523186,960.000000
1.194228,960.000000
0.853020,960.000000
0.875767,960.000000
1.114613,960.000000
0.676729,960.000000
0.784778,960.000000
1.313651,960.000000
0.909888,960.000000
1.023624,960.000000
1.421700,960.000000
1.450134,960.000000
3.014004,960.000000
0.688103,960.000000
0.966756,960.000000
1.211288,960.000000
1.091866,960.000000
1.438760,960.000000
2.405516,960.000000
1.216975,960.000000
1.125986,960.000000
0.545933,960.000000
0.716537,960.000000
1.626425,960.000000
42.375657,960.000000
34.612654,960.000000
30.694241,960.000000
43.182055,960.000000
52.512423,960.000000
41.853201,960.000000
33.403057,960.000000
56.981686,960.000000
55.045194,960.000000
108.625243,960.000000
24.333917,960.000000
37.951824,960.000000
44.675595,960.000000
38.235767,960.000000
47.526383,960.000000
89.703280,960.000000
53.381288,960.000000
50.399886,960.000000
17.161516,960.000000
31.682362,960.000000
25.662770,960.000000
