3,20,18,3,0,0.588207
3,11,2,3,3,0.486857
3,1,20,3,3,0.435605
3,19,3,3,2,0.343434
3,14,20,3,3,0.361592
0,0,1,3,3,0.321198
0,3,1,2,3,0.250141
0,0,2,0,3,0.232401
2,12,0,2,3,0.234454
2,20,1,2,3,0.209757
2,18,3,3,3,0.230444
3,3,8,3,1,0.227322
0,2,1,2,1,0.166366
0,0,2,2,1,0.172159
0,0,3,3,1,0.171506
0,3,0,2,1,0.153737
3,8,11,3,3,0.149264
2,20,3,3,3,0.139218
0,2,3,3,3,0.170996
0,2,2,3,3,0.129119
2,2,0,2,3,0.124910
3,11,2,2,3,0.133326
2,1,2,3,3,0.149894
2,1,0,2,3,0.144027
3,11,4,2,3,0.104781
0,2,0,2,3,0.100214
2,20,3,0,3,0.105875
0,3,2,3,3,0.107748
0,0,1,1,3,0.093011
0,3,3,3,3,0.090127
0,1,3,0,3,0.090042
2,6,1,3,3,0.088884
0,2,1,3,3,0.077391
2,18,0,2,3,0.084507
0,3,0,3,3,0.091540
3,8,10,1,0,0.071611
2,2,2,3,0,0.072467
3,11,2,2,3,0.105527
2,9,1,3,3,0.082206
0,3,0,2,3,0.075188
3,2,7,3,2,0.082276
3,11,8,3,1,0.074813
0,3,1,3,1,0.067856
0,0,0,2,1,0.063262
2,17,1,3,1,0.070702
2,6,2,2,1,0.071016
2,1,1,3,1,0.074070
3,3,2,3,3,0.062874
0,1,3,3,3,0.063385
0,0,2,3,3,0.061066
0,3,3,1,3,0.056229
3,13,13,3,1,0.057550
0,0,2,2,1,0.057115
0,1,1,3,1,0.064165
0,0,1,3,1,0.054380
3,10,14,1,1,0.056692
3,14,18,3,3,0.055592
2,20,3,3,3,0.054810
3,11,2,1,0,0.061686
2,12,2,3,0,0.058616
3,8,7,3,2,0.048965
0,0,3,1,2,0.047178
0,1,2,3,2,0.054732
0,3,2,2,2,0.052398
0,2,3,3,2,0.051029
0,3,2,0,2,0.045606
0,2,3,3,2,0.046459
2,17,1,2,2,0.047527
0,2,1,1,2,0.041552
2,7,0,1,2,0.045623
2,18,0,1,2,0.049403
3,2,10,1,1,0.042833
0,3,1,2,1,0.042355
0,3,1,2,1,0.054042
3,8,11,1,3,0.041615
3,8,11,1,3,0.047959
3,8,18,1,1,0.038180
0,0,0,1,1,0.040391
3,8,18,1,3,0.041010
2,15,0,1,3,0.039297
3,6,14,1,3,0.033280
0,1,0,1,3,0.035189
3,19,3,0,0,0.072909
2,3,1,1,0,0.050708
3,3,8,1,2,0.037554
2,3,1,1,2,0.049513
3,19,11,1,2,0.031730
3,11,2,0,2,0.044565
3,8,11,1,1,0.034495
0,1,1,0,1,0.035203
2,9,1,2,1,0.033443
0,3,1,2,1,0.033722
0,3,1,1,1,0.035754
0,0,1,1,1,0.036036
2,20,2,0,1,0.034407
0,0,3,1,1,0.038958
0,2,2,0,1,0.032267
3,7,0,2,3,0.030224
0,2,1,0,3,0.033733
0,0,3,2,3,0.031177
0,3,1,2,3,0.027155
2,16,3,1,3,0.029287
3,2,3,1,2,0.029389
0,2,0,0,2,0.031628
3,3,3,1,1,0.029975
3,2,10,1,0,0.034773
3,3,8,2,2,0.027918
3,14,6,1,0,0.029007
3,7,8,1,3,0.028811
3,14,18,2,0,0.030288
3,18,14,1,3,0.025973
0,2,3,1,3,0.025436
0,2,3,3,3,0.030457
0,0,2,2,3,0.024447
0,3,1,2,3,0.024986
0,3,1,2,3,0.027598
2,18,0,1,3,0.031479
2,1,1,3,3,0.035694
2,20,0,1,3,0.034018
2,2,1,3,3,0.034970
0,1,0,1,3,0.029340
3,3,8,1,2,0.029657
3,11,2,3,2,0.028852
3,11,2,2,2,0.027016
0,2,1,2,2,0.024049
0,2,1,2,2,0.027323
0,0,0,3,2,0.029484
0,3,3,1,2,0.025093
0,3,0,2,2,0.021664
0,3,3,3,2,0.020895
3,8,18,2,3,0.027038
2,11,1,3,3,0.028756
2,6,0,2,3,0.028239
2,1,1,3,3,0.029494
0,3,0,2,3,0.029173
3,10,2,3,3,0.023576
3,14,10,3,0,0.025757
2,7,1,3,0,0.028369
0,1,1,3,0,0.025371
2,18,2,2,0,0.022904
3,2,4,3,1,0.021222
3,14,18,3,3,0.021647
0,3,2,2,3,0.023331
2,9,1,3,3,0.021426
0,1,1,2,3,0.022997
2,0,3,2,3,0.022667
2,17,2,0,3,0.026357
2,20,3,3,3,0.026748
0,3,2,0,3,0.026898
0,0,1,3,3,0.021721
0,0,1,3,3,0.027637
2,18,3,3,3,0.025192
0,2,1,3,3,0.025252
2,14,1,3,3,0.021720
0,0,1,3,3,0.023284
2,12,1,3,3,0.020795
3,11,2,3,2,0.021938
0,0,1,3,2,0.023983
2,15,2,3,2,0.021343
3,3,8,3,2,0.020568
0,3,2,3,2,0.023085
3,8,3,3,0,0.023885
3,3,3,3,2,0.021072
0,0,2,3,2,0.020351
0,2,2,3,2,0.019822
0,1,3,3,2,0.021193
2,15,3,3,2,0.018731
0,2,3,3,2,0.024218
3,3,3,3,1,0.022947
0,2,3,2,1,0.025444
3,8,7,0,0,0.018837
3,11,8,0,3,0.021459
0,2,3,0,3,0.022833
0,2,2,3,3,0.019438
2,6,2,0,3,0.023392
0,2,1,1,3,0.025684
2,20,2,0,3,0.023387
0,2,3,2,3,0.024331
3,8,18,0,3,0.021692
0,0,3,2,3,0.020564
0,1,2,1,3,0.019881
0,0,2,0,3,0.018159
0,0,2,0,3,0.023042
2,1,1,0,3,0.024756
2,6,1,0,3,0.021704
2,2,3,0,3,0.021200
3,2,4,0,1,0.022083
3,7,4,0,0,0.020701
0,0,1,3,0,0.019134
0,0,1,0,0,0.016779
0,3,3,0,0,0.017036
3,7,2,3,3,0.017929
0,1,1,0,3,0.017281
2,2,1,0,3,0.020289
2,20,1,1,3,0.020794
0,0,1,0,3,0.022924
0,1,1,1,3,0.020264
3,15,4,2,0,0.021024
0,3,3,3,0,0.019046
2,12,1,2,0,0.018416
3,8,18,0,3,0.017638
0,3,3,0,3,0.016373
0,0,3,0,3,0.019040
0,3,3,3,3,0.020196
2,8,1,2,3,0.017481
3,7,8,2,1,0.019303
3,3,6,3,1,0.018880
0,2,3,0,1,0.017171
0,2,0,2,1,0.019229
0,2,0,2,1,0.020399
2,19,2,2,1,0.019162
2,18,3,2,1,0.019902
2,9,2,2,1,0.019553
3,8,11,2,3,0.018321
3,11,6,0,0,0.020931
0,0,0,2,0,0.020380
0,0,3,0,0,0.015971
3,8,11,3,3,0.015867
3,8,11,2,3,0.017015
0,0,3,3,3,0.016671
0,0,3,3,3,0.015643
0,1,3,2,3,0.018035
3,11,2,2,0,0.017029
2,20,3,3,0,0.019210
2,1,2,2,0,0.018806
2,0,3,3,0,0.018786
2,0,2,2,0,0.017664
0,3,1,2,0,0.014817
0,3,1,2,0,0.023407
0,3,1,2,0,0.017158
0,3,1,2,0,0.017156
2,10,3,3,0,0.015849
2,11,2,2,0,0.016445
3,10,8,3,0,0.019324
2,8,1,2,0,0.017346
3,8,4,3,2,0.015367
0,2,2,2,2,0.014332
3,14,18,3,3,0.017228
3,14,18,0,3,0.016002
3,14,10,3,0,0.014513
0,0,2,2,0,0.013492
2,3,2,2,0,0.016861
0,0,2,0,0,0.016970
0,0,2,0,0,0.017909
3,2,4,3,2,0.018168
0,0,2,2,2,0.015554
3,11,2,3,2,0.014043
3,11,2,3,2,0.016653
2,2,1,3,2,0.017421
2,20,2,2,2,0.018750
0,0,1,3,2,0.015543
0,0,1,3,2,0.014741
2,10,2,0,2,0.014636
2,5,1,2,2,0.013804
3,14,10,2,0,0.013091
3,2,7,0,2,0.015513
3,6,14,1,1,0.017267
2,11,3,3,1,0.016660
2,0,1,1,1,0.016500
3,18,2,0,1,0.013746
0,2,3,3,1,0.014018
0,2,0,1,1,0.014801
0,0,2,2,1,0.013011
2,2,3,3,1,0.014203
0,1,1,3,1,0.015469
0,0,2,0,1,0.012363
0,0,2,0,1,0.017313
0,0,2,0,1,0.015803
0,0,2,0,1,0.016819
0,0,2,0,1,0.015460
0,0,2,0,1,0.014215
0,2,1,1,1,0.015354
0,2,1,1,1,0.013689
2,6,1,0,1,0.015977
2,17,3,3,1,0.015463
2,9,1,0,1,0.015383
0,3,1,3,1,0.014415
0,2,1,2,1,0.011510
0,2,1,2,1,0.014672
2,12,1,3,1,0.012594
2,12,2,2,1,0.013573
0,3,3,3,1,0.014590
2,18,1,3,1,0.014323
0,1,3,1,1,0.015441
2,20,1,3,1,0.014509
0,1,3,0,1,0.015335
0,1,0,1,1,0.012666
3,2,4,2,1,0.012902
0,3,1,3,1,0.014774
2,19,2,2,1,0.013754
0,0,1,0,1,0.014519
0,0,1,0,1,0.013032
3,6,14,0,1,0.014750
2,1,2,2,1,0.014152
3,3,6,3,1,0.014219
2,7,3,0,1,0.012051
3,7,2,0,3,0.014399
0,3,3,0,3,0.011855
0,3,3,0,3,0.014303
0,0,1,3,3,0.012186
0,1,1,1,3,0.012478
3,4,2,2,1,0.011157
3,2,10,2,0,0.013444
2,10,2,2,0,0.014830
2,8,2,2,0,0.011915
3,8,19,2,3,0.032756
2,19,1,0,3,0.017063
3,2,3,2,1,0.017800
2,8,2,2,1,0.016202
3,2,3,1,2,0.012424
2,11,1,0,2,0.012237
3,11,2,2,2,0.013840
2,2,1,0,2,0.012657
3,8,11,2,1,0.015537
3,3,3,2,2,0.011208
3,2,7,0,2,0.012359
2,19,2,2,2,0.013277
3,7,8,2,0,0.011701
0,2,2,2,0,0.011163
0,2,2,2,0,0.013542
3,8,18,3,3,0.013969
2,19,3,2,3,0.012401
0,0,1,3,3,0.013710
3,3,3,0,2,0.011851
0,0,1,3,2,0.011867
0,2,0,2,2,0.013352
2,11,3,2,2,0.012089
0,0,2,0,2,0.013548
0,0,2,0,2,0.011851
0,2,0,0,2,0.013033
0,1,1,0,2,0.011627
2,1,1,2,2,0.011269
0,3,1,2,2,0.010748
0,3,1,2,2,0.013967
0,3,1,3,2,0.012890
0,0,2,3,2,0.010376
0,2,1,2,2,0.010155
0,2,3,2,2,0.010077
0,2,3,2,2,0.010888
0,2,3,0,2,0.014550
0,3,3,0,2,0.010011
0,2,3,0,2,0.010355
2,20,3,3,2,0.013739
0,1,3,1,2,0.013167
0,2,3,3,2,0.012332
0,3,2,3,2,0.011006
0,0,2,2,2,0.010441
0,0,2,2,2,0.011639
2,1,1,0,2,0.012160
2,6,1,2,2,0.012828
3,2,4,0,1,0.012284
0,3,1,2,1,0.011780
0,0,1,0,1,0.010624
0,0,1,0,1,0.012332
0,0,1,0,1,0.010898
0,1,1,2,1,0.011383
2,18,3,3,1,0.009979
3,18,14,3,3,0.010760
0,0,3,3,3,0.009723
3,14,6,3,0,0.010659
0,0,3,3,0,0.011113
0,1,3,3,0,0.009322
0,3,0,2,0,0.009222
0,3,0,2,0,0.010558
0,0,3,0,0,0.012794
2,18,0,1,0,0.010504
0,0,3,1,0,0.012395
3,2,4,1,2,0.009783
2,2,3,2,2,0.011115
3,14,6,1,0,0.011451
0,0,3,2,0,0.012380
2,20,0,3,0,0.010797
0,0,3,3,0,0.012218
2,15,2,3,0,0.009609
0,1,3,1,0,0.010873
0,2,3,1,0,0.009007
0,0,2,1,0,0.010074
0,1,3,0,0,0.009587
0,0,0,1,0,0.010122
3,8,11,3,3,0.011840
3,8,11,3,3,0.011983
3,11,8,2,2,0.010482
2,8,0,1,2,0.009980
3,3,8,3,2,0.014004
0,3,3,3,2,0.012608
0,0,0,1,2,0.011140
0,0,2,3,2,0.009719
3,3,6,2,2,0.010875
0,2,2,3,2,0.009197
0,0,2,0,2,0.009486
0,0,2,0,2,0.011829
2,14,2,0,2,0.010965
3,14,18,0,3,0.012431
2,14,2,3,3,0.013055
3,11,2,2,2,0.009778
3,11,2,3,2,0.011677
3,2,4,3,1,0.010008
2,15,3,3,1,0.009888
3,2,4,2,3,0.010818
3,7,2,3,3,0.009690
0,2,3,2,3,0.010234
2,8,3,3,3,0.009561
2,9,2,3,3,0.009384
0,1,3,3,3,0.010794
2,14,2,0,3,0.010304
0,3,3,2,3,0.011177
2,10,2,0,3,0.011866
0,2,2,3,3,0.010247
2,12,0,2,3,0.010380
0,3,1,2,3,0.009023
0,3,1,2,3,0.012582
0,3,1,2,3,0.009813
2,12,0,2,3,0.010580
2,12,3,0,3,0.009066
0,0,3,3,3,0.008421
0,1,3,0,3,0.009809
0,2,0,2,3,0.011591
0,0,3,3,3,0.009774
0,2,3,2,3,0.010148
3,3,3,2,2,0.011282
3,3,3,2,2,0.012771
0,3,2,0,2,0.009147
0,0,2,2,2,0.009030
0,0,2,2,2,0.010388
0,0,2,0,2,0.009140
0,0,2,0,2,0.012552
0,0,2,0,2,0.010529
0,0,2,0,2,0.011106
0,0,2,2,2,0.010630
3,18,2,2,3,0.009394
0,3,2,2,3,0.009404
3,8,18,2,3,0.009959
2,14,1,0,3,0.010137
2,1,1,2,3,0.008733
2,2,0,1,3,0.010976
3,18,14,2,3,0.011354
3,18,14,1,3,0.010705
0,3,1,2,3,0.009935
2,9,2,1,3,0.011011
0,3,1,2,3,0.009330
0,3,1,2,3,0.009605
0,3,2,1,3,0.010049
2,9,1,0,3,0.010376
0,3,1,2,3,0.009246
2,13,1,0,3,0.008739
0,0,2,0,3,0.009029
0,0,2,0,3,0.009884
0,3,2,3,3,0.009119
2,0,2,3,3,0.009870
2,0,2,0,3,0.010059
0,0,2,0,3,0.008283
2,18,2,3,3,0.010458
0,3,2,0,3,0.011062
2,4,2,3,3,0.009849
2,1,1,0,3,0.010524
2,6,2,3,3,0.010683
0,1,1,0,3,0.010718
2,20,2,3,3,0.010687
2,3,0,1,3,0.010336
2,0,2,3,3,0.009783
2,3,0,1,3,0.009539
3,3,3,0,3,0.009687
3,3,3,0,3,0.009549
3,3,3,0,3,0.008069
0,2,3,0,3,0.008493
0,3,0,1,3,0.008701
0,2,3,3,3,0.010207
3,18,2,0,1,0.009030
3,10,2,0,3,0.009640
3,2,10,0,0,0.011337
3,10,2,0,3,0.009264
0,2,0,1,3,0.008145
0,3,1,0,3,0.008861
0,0,3,0,3,0.008664
3,10,2,1,1,0.010439
3,14,10,0,0,0.009385
0,3,1,2,0,0.009520
2,2,3,2,0,0.009704
3,2,10,1,0,0.011146
2,2,3,2,0,0.008312
0,2,1,1,0,0.009771
0,2,1,1,0,0.009025
2,18,2,3,0,0.010724
3,10,2,2,1,0.010909
2,6,2,3,1,0.010547
2,11,3,2,1,0.010053
2,19,2,3,1,0.010072
2,19,3,2,1,0.008991
2,18,2,3,1,0.010637
3,18,2,2,3,0.010112
3,2,7,3,2,0.009427
2,7,3,1,2,0.010488
0,2,1,3,2,0.008621
0,2,1,3,2,0.010797
2,18,2,3,2,0.009761
2,2,3,2,2,0.010140
0,0,2,3,2,0.009594
3,10,2,2,1,0.009036
3,7,2,2,3,0.010580
2,2,3,2,3,0.008200
1,0.500000
1,0.400000
1,0.400000
1,0.400000
1,0.400000
1,0.400000
1,0.400000
0,0.300000
1,0.500000
1,0.300000
1,0.500000
1,0.500000
1,0.300000
0,0.300000
1,0.400000
1,0.600000
1,0.400000
1,0.300000
1,0.500000
1,0.300000
1,0.500000
1,0.500000
1,0.200000
1,0.500000
1,0.500000
1,0.500000
0,0.200000
1,0.200000
1,0.100000
1,0.300000
0,0.100000
1,0.300000
1,0.300000
1,0.400000
1,0.900000
0,0.200000
1,0.100000
1,0.400000
1,0.500000
1,0.400000
1,0.300000
1,0.100000
1,0.300000
1,0.400000
1,0.500000
0,0.500000
1,0.500000
1,0.100000
1,0.100000
1,0.100000
1,0.200000
1,0.500000
0,0.500000
1,0.500000
0,0.400000
1,0.300000
1,0.200000
1,0.200000
1,0.500000
1,0.100000
1,0.200000
1,0.300000
1,0.100000
1,0.200000
1,0.200000
1,0.100000
0,0.500000
1,0.100000
0,0.300000
0,0.400000
0,0.600000
0,0.400000
0,0.400000
1,0.100000
0,0.400000
0,0.700000
0,0.400000
0,0.400000
0,0.600000
0,0.400000
0,0.600000
0,0.400000
0,0.100000
1,0.600000
0,0.200000
1,0.600000
0,0.200000
0,0.100000
1,0.600000
0,0.100000
0,0.400000
0,0.400000
0,0.200000
1,0.600000
0,0.400000
1,0.500000
0,0.300000
1,0.200000
0,0.300000
1,0.100000
1,0.200000
1,0.200000
1,0.200000
1,0.400000
1,0.200000
1,0.400000
0,0.100000
1,0.200000
0,0.600000
1,0.200000
1,0.200000
1,0.200000
1,0.300000
1,0.200000
0,0.400000
1,0.500000
0,0.600000
1,0.500000
0,0.600000
1,0.500000
0,0.600000
1,0.400000
1,0.300000
0,0.300000
0,0.300000
1,0.500000
1,0.300000
1,0.400000
0,0.600000
1,0.400000
1,0.300000
1,0.500000
1,0.300000
1,0.500000
1,0.300000
1,0.500000
1,0.400000
1,0.500000
1,0.400000
1,0.200000
0,0.400000
0,0.300000
1,0.200000
0,0.400000
1,0.100000
0,0.100000
1,0.200000
0,0.600000
1,0.200000
0,0.400000
1,0.500000
0,0.600000
1,0.500000
0,0.400000
0,0.400000
1,0.500000
1,0.500000
1,0.500000
0,0.300000
1,0.200000
1,0.400000
0,0.600000
0,0.300000
1,0.200000
0,0.300000
1,0.200000
0,0.600000
0,0.600000
1,0.500000
0,0.100000
0,0.400000
0,0.400000
0,0.400000
1,0.500000
0,0.500000
1,0.900000
0,0.500000
1,0.600000
0,0.500000
1,0.400000
0,0.600000
1,0.300000
0,0.500000
1,0.900000
0,0.100000
1,0.900000
0,0.100000
1,0.900000
0,0.400000
0,0.100000
1,0.200000
1,0.600000
0,0.100000
1,0.900000
1,0.200000
1,0.900000
1,0.200000
0,0.400000
1,0.600000
0,0.400000
0,0.300000
0,0.300000
1,0.900000
0,0.300000
0,0.400000
0,0.400000
0,0.600000
1,0.700000
1,0.200000
0,0.600000
1,0.900000
0,0.200000
1,0.900000
1,0.200000
0,0.200000
1,0.200000
0,0.200000
0,0.400000
1,0.800000
0,0.400000
1,0.500000
0,0.200000
1,0.800000
0,0.600000
1,0.800000
0,0.600000
1,0.800000
0,0.400000
1,0.300000
0,0.400000
1,0.500000
0,0.600000
1,0.800000
0,0.600000
0,0.300000
0,0.600000
1,0.800000
0,0.600000
1,0.900000
1,0.800000
0,0.500000
1,0.200000
0,0.500000
1,0.900000
0,0.600000
1,0.200000
1,0.800000
1,0.800000
1,0.800000
0,0.500000
1,0.800000
0,0.400000
1,0.900000
0,0.300000
0,0.400000
1,0.900000
0,0.400000
1,0.900000
0,0.400000
1,0.900000
0,0.600000
0,0.200000
0,0.400000
1,0.900000
1,0.300000
0,0.100000
1,0.300000
0,0.500000
1,0.900000
0,0.500000
1,0.900000
0,0.400000
1,0.900000
0,0.400000
1,0.900000
0,0.400000
1,0.100000
0,0.300000
1,0.500000
0,0.400000
0,0.200000
1,0.900000
0,0.400000
1,0.900000
0,0.700000
1,0.400000
0,0.600000
1,0.900000
0,0.700000
1,0.900000
0,0.400000
1,0.900000
0,0.500000
1,0.900000
0,0.900000
1,0.200000
1,0.200000
1,0.200000
0,0.300000
1,0.800000
1,0.100000
0,0.200000
0,0.200000
0,0.300000
0,0.300000
0,0.300000
1,0.900000
1,0.600000
0,0.300000
1,0.500000
1,0.900000
0,0.300000
1,0.900000
0,0.300000
0,0.300000
1,0.900000
0,0.300000
0,0.200000
0,0.300000
1,0.900000
0,0.400000
1,0.600000
0,0.400000
0,0.100000
1,0.500000
1,0.200000
1,0.600000
0,0.500000
1,0.900000
1,0.400000
0,0.100000
0,0.400000
0,0.400000
1,0.700000
0,0.400000
1,0.300000
0,0.300000
0,0.100000
1,0.600000
0,0.400000
1,0.200000
1,0.800000
0,0.800000
1,0.700000
0,0.800000
1,0.100000
1,0.300000
0,0.500000
1,0.900000
0,0.900000
1,0.900000
0,0.900000
1,0.900000
0,0.400000
1,0.900000
0,0.300000
1,0.200000
0,0.400000
0,0.400000
1,0.500000
1,0.200000
1,0.200000
0,0.600000
1,0.400000
1,0.900000
0,0.700000
1,0.600000
0,0.300000
1,0.400000
0,0.700000
1,0.400000
1,0.300000
1,0.500000
0,0.300000
1,0.100000
0,0.300000
1,0.200000
1,0.100000
0,0.700000
1,0.400000
1,0.400000
0,0.100000
1,0.100000
1,0.400000
1,0.900000
1,0.100000
1,0.400000
0,0.100000
0,0.300000
0,0.100000
1,0.300000
0,0.500000
0,0.500000
1,0.500000
0,0.100000
1,0.400000
1,0.400000
1,0.400000
0,0.100000
1,0.400000
0,0.100000
1,0.400000
1,0.200000
1,0.400000
0,0.500000
1,0.900000
0,0.500000
1,0.500000
1,0.200000
1,0.300000
0,0.400000
1,0.700000
1,0.200000
0,0.300000
0,0.400000
1,0.900000
1,0.200000
1,0.200000
1,0.600000
0,0.900000
1,0.100000
1,0.100000
1,0.300000
0,0.400000
0,0.100000
1,0.300000
0,0.500000
1,0.900000
1,0.100000
0,0.900000
1,0.200000
0,0.900000
0,0.200000
0,0.900000
1,0.900000
0,0.900000
1,0.200000
0,0.900000
1,0.200000
1,0.300000
0,0.400000
1,0.200000
0,0.200000
1,0.500000
0,0.200000
1,0.300000
0,0.100000
1,0.100000
0,0.800000
1,0.900000
1,0.300000
0,0.800000
1,0.400000
0,0.800000
1,0.900000
0,0.800000
1,0.900000
0,0.800000
1,0.900000
0,0.800000
1,0.900000
0,0.400000
0,0.400000
0,0.400000
0,0.400000
1,0.900000
0,0.600000
1,0.900000
0,0.200000
1,0.900000
0,0.200000
1,0.500000
0,0.200000
1,0.900000
0,0.400000
1,0.400000
0,0.900000
1,0.900000
0,0.400000
1,0.400000
0,0.400000
1,0.900000
0,0.800000
1,0.900000
0,0.800000
1,0.900000
0,0.800000
1,0.900000
0,0.800000
1,0.900000
0,0.800000
1,0.700000
0,0.300000
1,0.400000
0,0.800000
1,0.900000
0,0.800000
1,0.400000
1,0.300000
1,0.400000
1,1.019464
0,0.916061
1,1.153093
0,0.922670
1,1.041648
0,0.969715
0,1.224212
0,0.897440
0,1.020385
0,0.897440
0,1.198414
0,1.020385
0,1.193383
0,1.193383
0,1.093383
0,1.243383
0,1.193383
0,1.221844
1,1.316061
0,1.302106
0,1.302106
1,0.916061
0,0.758497
1,1.136621
0,1.328271
0,1.089642
1,0.869263
0,0.928936
1,0.910036
0,0.995674
1,0.883368
1,0.960036
0,0.995674
0,1.333154
0,0.928936
0,1.431884
0,0.995674
1,0.916061
0,0.928936
0,1.333154
0,0.928936
0,1.283154
1,0.668102
1,0.618102
1,1.395017
1,0.618102
1,1.395017
0,1.107621
1,1.395017
1,1.395017
1,1.395017
1,1.395017
1,0.668102
1,1.065720
0,1.041819
1,1.065720
0,1.041819
1,0.869263
0,0.723358
0,1.239208
0,1.089208
1,0.754650
1,0.891819
0,0.699513
1,0.869263
1,0.937070
1,0.869263
0,0.825101
1,0.797440
0,0.699513
1,0.891819
0,0.699513
1,1.048216
0,0.897167
0,1.043383
1,1.193383
0,0.897167
1,0.754650
1,0.754650
1,0.887070
1,0.869263
1,1.009282
1,0.721545
1,1.750983
1,1.048216
0,1.404807
0,1.239958
1,1.012417
0,1.008933
0,1.328019
1,0.987070
0,1.328019
0,1.302106
1,0.987070
1,1.048216
1,0.872535
1,1.048216
1,0.872535
1,1.048216
1,0.987070
0,1.302106
1,0.987070
0,1.302106
1,1.048216
0,1.656109
1,1.009282
1,1.048216
1,0.987070
0,1.328019
0,0.973506
1,1.064594
0,0.825101
0,0.825101
0,0.825101
1,0.891819
0,0.825101
1,0.891819
0,0.948216
1,0.891819
0,0.948216
1,1.062417
0,0.948216
1,1.062417
0,1.112417
1,1.141229
1,1.141229
1,0.654650
0,0.825101
0,0.825101
1,0.654650
1,0.654650
1,1.291229
1,0.891819
1,1.391229
1,0.891819
0,0.825101
1,0.873630
0,0.851747
1,1.062417
1,1.091229
1,1.091229
1,0.991819
1,1.188922
1,1.062417
1,1.062417
1,1.062417
1,1.291229
1,0.891819
1,1.291229
1,1.062417
1,1.073630
1,0.654650
1,1.073630
1,1.062417
1,1.062417
1,1.062417
1,1.062417
0,1.117317
1,1.048216
1,1.048216
0,1.117317
0,1.398414
1,1.350983
0,1.117317
0,1.117317
0,0.948216
0,1.117317
0,0.952678
0,1.306109
1,0.822405
1,1.198297
0,1.117317
1,0.822405
0,1.335291
1,0.822405
1,1.391229
1,0.654650
1,1.391229
1,0.654650
0,1.110545
0,0.952678
0,1.110545
0,0.854650
1,1.391229
0,0.952678
1,1.291229
1,0.941229
0,1.335291
0,0.952678
0,0.854650
1,1.188922
1,1.188922
0,0.854650
0,1.110545
0,0.952678
1,1.278936
0,0.952678
0,1.092076
0,1.110545
0,0.952678
0,0.854650
1,1.378936
1,1.278936
0,0.952678
1,1.193383
0,1.110545
0,0.952678
1,1.427578
1,0.841819
1,1.073630
1,1.391229
1,0.841819
1,1.291229
0,1.343383
1,0.977996
1,1.193383
1,1.193383
1,1.193383
0,1.093383
1,0.891819
1,1.073358
1,0.891819
1,1.223358
1,0.841819
1,1.223358
1,0.841819
1,1.073358
1,0.891819
0,1.302106
0,1.302106
1,1.223358
1,0.891819
1,1.073358
0,1.456426
1,0.804650
0,1.244480
1,1.073630
1,0.891819
0,1.041819
1,1.073630
0,1.302106
1,1.223358
1,0.826834
1,1.073358
1,0.826834
0,0.825101
0,1.112417
1,1.062417
1,1.278936
0,0.952678
1,1.278936
1,1.088922
1,1.378936
1,0.873630
1,0.873630
1,1.378936
1,0.722405
1,1.291229
1,0.722405
1,0.856419
0,1.302106
1,1.391229
0,0.952678
1,1.291229
1,0.722405
1,1.291229
1,1.391229
1,0.822405
1,1.291229
1,0.722405
1,1.391229
1,0.722405
1,1.391229
1,0.722405
1,1.391229
0,0.952678
1,1.350983
1,1.391229
1,1.291229
0,0.952678
1,1.350983
1,1.391229
0,0.952678
1,1.391229
1,0.722405
1,1.391229
1,1.350983
1,1.291229
1,0.722405
1,1.291229
1,0.722405
1,1.078936
1,0.722405
1,1.391229
0,0.952678
1,1.391229
1,1.088922
0,1.358933
0,1.027035
1,1.278936
0,1.308933
0,1.027035
1,0.959282
0,0.825101
0,1.358933
0,1.077094
1,1.427578
1,1.427578
0,1.302106
0,1.302106
1,1.278936
1,1.012417
1,1.378936
0,1.308933
1,1.350983
1,1.278936
0,1.600983
0,1.001747
0,1.600983
1,1.291229
1,0.654650
1,1.291229
0,1.600983
0,1.600983
1,1.291229
1,0.915720
1,1.291229
0,1.251747
1,1.291229
1,0.941229
1,0.915720
1,1.291229
1,1.078936
1,1.391229
1,0.722405
1,1.078936
1,1.222820
1,1.222820
1,1.391229
1,0.722405
1,1.222820
1,1.041229
1,0.722405
1,1.291229
1,0.722405
1,1.291229
1,1.041229
1,1.041229
1,1.391229
1,0.876834
1,1.291229
0,1.535291
1,1.073630
1,0.876834
1,1.073630
1,0.876834
1,1.073630
1,1.064594
0,0.837070
0,0.837070
0,1.600983
0,1.600983
0,1.600983
0,1.600983
1,1.378936
1,0.737070
0,0.616480
1,0.876834
0,0.616480
1,0.737070
1,1.291229
0,1.214594
1,1.066480
1,1.062417
1,1.041229
1,1.041229
1,1.041229
1,0.716480
1,0.716480
1,1.193383
0,1.043383
0,1.361280
1,1.041229
0,1.198216
1,0.916480
1,0.787194
1,0.902678
1,0.787194
1,1.041229
1,1.041229
1,1.041229
1,0.716480
1,0.841819
1,1.188922
1,1.062417
0,1.162417
1,1.041229
0,1.099636
0,1.099636
1,1.188922
1,0.923630
1,0.923630
0,0.854650
1,1.443383
0,1.322820
1,1.443383
0,1.214594
1,1.443383
0,1.372820
1,1.078936
1,1.078936
1,0.866480
1,0.716480
0,0.854650
1,1.078936
1,0.866480
0,1.214594
1,1.350983
1,0.866480
1,1.350983
0,1.600983
1,0.866480
1,1.078936
1,0.716480
1,1.078936
1,1.078936
1,0.716480
1,1.278936
0,1.214594
1,0.716480
0,0.616480
0,0.854650
1,0.887070
0,1.214594
0,0.864594
0,1.214594
0,0.864594
1,0.687070
0,0.702678
1,0.804650
1,0.804650
1,1.278936
1,0.687070
1,0.856419
1,0.804650
1,0.856419
1,0.804650
1,0.804650
1,0.687070
1,0.856419
1,1.277578
1,0.687070
1,1.278936
1,0.687070
1,1.378936
1,0.687070
1,1.278936
1,0.687070
0,0.702678
1,0.687070
1,0.856419
0,1.404807
1,1.254807
0,1.404807
1,0.804650
1,0.856419
1,0.938922
1,0.856419
0,1.025101
1,1.009282
0,1.025101
1,0.902678
1,0.923630
1,1.078936
1,0.799665
0,0.823630
1,0.923630
1,0.999665
1,0.759282
0,0.616480
1,0.687070
1,0.999665
1,0.687070
1,1.049665
1,0.687070
1,1.199665
1,0.687070
1,0.902678
1,0.687070
0,0.616480
1,0.928936
1,0.902678
0,0.937194
1,0.902678
1,0.687070
1,1.199665
1,0.687070
1,1.199665
1,0.938922
1,1.114594
1,2
1,1
0,0
0,1
0,0
0,1
0,1
0,0
0,1
0,0
1,0
1,2
1,1
1,1
1,1
0,0
0,0
0,0
1,1
1,1
1,0
1,1
1,1
0,0
0,1
0,1
0,0
0,0
0,1
0,0
0,0
0,0
1,1
0,1
0,1
1,1
1,1
0,2
0,1
0,2
1,3
0,2
1,1
0,2
1,3
0,2
1,1
1,1
1,1
1,1
1,1
0,0
1,1
1,2
1,1
1,2
1,1
0,0
1,2
1,1
0,2
0,2
0,1
0,2
0,1
0,2
0,1
1,2
0,2
1,2
0,1
0,2
0,2
0,2
1,2
0,2
0,2
0,2
0,2
0,2
0,1
1,2
0,0
1,3
0,1
1,1
0,3
0,1
1,2
0,3
0,1
0,1
0,1
1,3
0,1
1,3
0,1
1,2
0,1
1,2
1,2
1,2
0,1
0,1
0,1
1,3
0,1
1,2
0,1
1,2
1,2
0,2
1,2
1,2
0,3
1,2
0,2
1,3
0,1
1,2
0,3
1,4
0,3
1,1
0,1
0,1
0,3
1,2
0,3
0,3
0,3
1,2
0,3
1,4
0,1
1,0
1,0
1,2
0,1
1,0
0,3
0,3
1,4
0,3
0,2
0,4
1,4
0,1
1,4
0,1
0,1
0,2
1,4
0,1
0,3
0,2
0,3
1,1
0,3
1,1
1,1
0,3
0,3
1,2
1,2
1,2
0,1
0,3
1,2
0,3
1,1
0,3
0,3
1,4
0,3
1,4
0,1
1,4
0,1
1,4
0,4
1,4
1,1
1,4
0,3
1,3
0,1
1,2
1,1
1,2
1,1
1,2
0,4
1,2
0,1
1,2
0,4
1,0
1,2
1,1
0,2
1,2
1,2
0,1
0,1
1,2
0,2
1,2
0,2
1,2
1,2
0,2
0,0
0,0
0,0
0,0
1,4
1,4
1,1
0,4
1,4
0,4
1,4
0,1
1,4
0,4
1,3
0,1
0,1
1,2
1,4
0,1
1,3
0,3
0,0
0,4
1,4
0,0
1,4
1,2
1,2
1,4
0,0
1,0
0,0
1,0
1,0
1,0
1,3
0,0
1,0
0,4
1,0
1,2
0,4
1,1
0,3
1,3
0,4
1,4
0,4
1,2
0,4
1,2
0,4
1,1
1,1
0,4
1,4
0,4
1,4
0,4
1,4
0,3
1,4
0,4
0,3
1,1
1,1
0,3
1,1
1,2
0,2
1,4
0,1
1,4
0,1
1,2
0,3
1,2
0,3
1,1
0,3
1,4
0,1
1,1
0,1
0,1
0,1
1,1
0,1
0,1
1,1
1,0
0,1
0,0
0,0
1,3
0,1
1,1
1,1
0,1
1,3
0,1
0,0
1,3
0,1
1,2
0,0
0,0
0,2
1,2
0,1
0,0
0,0
0,1
1,3
0,1
0,0
0,1
0,1
0,0
0,0
1,4
0,1
0,0
0,0
0,0
0,0
0,1
0,0
0,0
0,1
1,4
0,3
0,0
1,0
0,1
1,4
0,3
1,3
0,2
0,0
0,2
0,0
0,2
1,0
0,1
0,0
0,0
0,2
0,0
1,1
1,1
1,3
0,2
1,3
0,3
1,2
0,1
1,3
0,1
1,3
0,3
0,0
0,0
0,0
0,0
0,1
0,0
1,2
0,3
0,1
0,1
1,4
0,1
0,0
0,1
0,0
0,0
0,0
0,1
0,1
1,3
0,1
0,1
0,0
0,1
0,4
0,0
0,4
0,0
0,4
1,1
0,4
1,3
0,1
0,2
0,3
1,1
1,1
1,3
1,1
0,2
0,2
1,3
0,2
0,2
1,3
0,2
0,2
1,3
0,2
0,2
0,2
0,2
0,2
1,3
0,2
0,2
1,0
0,1
0,1
0,2
1,3
0,3
1,4
0,4
0,2
1,1
0,0
1,4
1,1
1,4
0,2
1,4
0,1
0,4
0,4
1,3
0,4
0,2
1,4
0,3
1,4
0,4
1,4
0,1
1,4
0,4
0,0
0,3
0,3
0,1
0,1
0,0
0,1
0,0
0,3
0,0
0,3
1,1
0,3
1,3
0,1
1,3
0,1
1,3
0,3
1,2
0,3
1,1
0,3
1,3
0,4
1,3
0,1
1,2
0,3
1,2
0,3
1,1
0,3
1,1
0,3
1,3
0,3
1,2
0,3
1,1
7.334189,960.000000
2.186430,960.000000
2.057857,960.000000
3.213397,960.000000
1.861189,960.000000
6.186037,960.000000
2.085326,960.000000
1.782707,960.000000
2.076093,960.000000
6.415252,960.000000
1.156694,960.000000
1.272571,960.000000
5.565102,960.000000
3.161460,960.000000
4.888536,960.000000
7.123210,960.000000
4.104173,960.000000
4.117792,960.000000
1.604736,960.000000
0.912244,960.000000
0.994419,960.000000
2.068245,960.000000
1.642362,960.000000
0.856383,960.000000
1.101987,960.000000
1.119530,960.000000
2.727728,960.000000
1.423072,960.000000
0.939943,960.000000
0.873695,960.000000
3.846104,960.000000
0.512214,960.000000
0.566921,960.000000
3.307576,960.000000
1.635437,960.000000
2.335778,960.000000
3.607887,960.000000
1.849879,960.000000
1.987223,960.000000
1.108219,960.000000
0.579847,960.000000
0.767974,960.000000
1.698915,960.000000
1.000883,960.000000
1.062053,960.000000
1.453542,960.000000
1.195704,960.000000
2.374326,960.000000
0.994419,960.000000
1.254104,960.000000
0.990726,960.000000
3.052738,960.000000
0.481282,960.000000
0.832145,960.000000
2.521827,960.000000
1.376214,960.000000
1.987916,960.000000
2.854224,960.000000
1.626665,960.000000
1.551876,960.000000
0.522601,960.000000
0.657637,960.000000
0.333781,960.000000
3.772700,960.000000
1.143536,960.000000
2.240445,960.000000
3.768083,960.000000
0.975722,960.000000
3.688216,960.000000
1.162233,960.000000
1.426535,960.000000
2.234443,960.000000
3.662594,960.000000
0.875542,960.000000
1.393757,960.000000
2.933630,960.000000
1.990224,960.000000
3.047660,960.000000
3.073282,960.000000
2.520673,960.000000
2.522058,960.000000
0.636170,960.000000
0.668717,960.000000
0.471126,960.000000
1.291499,960.000000
1.155078,960.000000
0.765435,960.000000
0.963257,960.000000
1.417763,960.000000
1.616047,960.000000
0.851997,960.000000
1.107296,960.000000
0.960026,960.000000
3.591498,960.000000
0.411802,960.000000
0.651866,960.000000
2.378712,960.000000
1.429074,960.000000
1.619740,960.000000
3.013497,960.000000
1.415224,960.000000
1.400451,960.000000
0.727348,960.000000
0.755509,960.000000
0.599237,960.000000
5.615884,960.000000
2.515595,960.000000
2.583459,960.000000
3.339430,960.000000
2.164501,960.000000
6.328459,960.000000
2.793284,960.000000
1.965294,960.000000
2.623624,960.000000
6.631309,960.000000
0.977800,960.000000
1.758470,960.000000
5.802396,960.000000
3.546255,960.000000
5.789700,960.000000
7.110976,960.000000
4.354625,960.000000
3.375209,960.000000
1.570342,960.000000
1.249488,960.000000
1.243948,960.000000
1.574497,960.000000
1.447079,960.000000
0.668948,960.000000
0.930479,960.000000
0.975260,960.000000
2.240675,960.000000
1.665676,960.000000
0.897470,960.000000
0.784825,960.000000
3.736229,960.000000
0.382025,960.000000
0.553302,960.000000
3.275490,960.000000
1.795633,960.000000
2.602618,960.000000
2.987413,960.000000
1.792402,960.000000
1.386832,960.000000
0.743506,960.000000
0.541298,960.000000
0.636632,960.000000
1.425842,960.000000
1.037123,960.000000
0.810909,960.000000
1.008500,960.000000
1.244640,960.000000
1.364441,960.000000
0.925401,960.000000
1.118376,960.000000
1.112374,960.000000
3.282184,960.000000
0.481744,960.000000
0.814141,960.000000
2.281071,960.000000
1.445925,960.000000
1.626896,960.000000
2.849146,960.000000
1.652518,960.000000
1.260337,960.000000
0.610779,960.000000
0.785748,960.000000
0.523524,960.000000
2.626163,960.000000
0.934865,960.000000
1.447079,960.000000
2.255910,960.000000
0.831453,960.000000
2.575149,960.000000
0.945483,960.000000
1.260337,960.000000
2.530599,960.000000
2.880769,960.000000
0.843918,960.000000
1.139150,960.000000
2.370633,960.000000
1.604044,960.000000
2.417261,960.000000
2.644399,960.000000
2.136109,960.000000
1.822410,960.000000
0.578462,960.000000
0.650943,960.000000
0.516830,960.000000
5.815784,960.000000
3.996144,960.000000
2.669097,960.000000
4.286760,960.000000
3.004726,960.000000
6.113787,960.000000
3.455538,960.000000
2.341548,960.000000
3.328120,960.000000
10.555665,960.000000
1.471085,960.000000
2.047470,960.000000
8.954161,960.000000
5.303801,960.000000
6.626462,960.000000
8.615993,960.000000
4.621696,960.000000
4.384633,960.000000
2.529445,960.000000
1.896506,960.000000
2.089943,960.000000
1.407145,960.000000
0.532758,960.000000
0.625321,960.000000
0.927248,960.000000
0.408109,960.000000
1.182777,960.000000
0.303081,960.000000
0.437886,960.000000
0.828914,960.000000
1.423534,960.000000
0.409032,960.000000
0.457738,960.000000
1.157155,960.000000
0.590004,960.000000
1.055359,960.000000
1.421457,960.000000
1.120222,960.000000
0.912474,960.000000
0.401646,960.000000
0.289462,960.000000
0.255991,960.000000
1.259182,960.000000
0.779978,960.000000
0.675180,960.000000
0.872079,960.000000
0.781593,960.000000
1.598504,960.000000
0.682567,960.000000
1.031122,960.000000
0.967181,960.000000
2.218285,960.000000
0.450120,960.000000
0.715576,960.000000
1.704455,960.000000
1.032276,960.000000
1.417994,960.000000
2.190816,960.000000
1.396988,960.000000
1.162233,960.000000
0.495132,960.000000
0.536451,960.000000
0.351325,960.000000
7.047036,960.000000
2.700721,960.000000
2.264913,960.000000
3.758158,960.000000
1.883349,960.000000
8.050689,960.000000
2.538447,960.000000
1.650902,960.000000
2.299306,960.000000
7.181841,960.000000
1.098524,960.000000
1.407838,960.000000
7.217620,960.000000
3.808248,960.000000
6.324535,960.000000
8.612993,960.000000
4.498663,960.000000
4.223974,960.000000
1.971988,960.000000
1.051435,960.000000
1.379445,960.000000
3.579033,960.000000
1.518406,960.000000
1.778321,960.000000
2.709955,960.000000
0.920323,960.000000
3.702066,960.000000
1.645132,960.000000
1.251334,960.000000
1.794710,960.000000
4.068394,960.000000
0.798213,960.000000
1.221557,960.000000
3.966367,960.000000
2.625009,960.000000
3.851875,960.000000
3.368746,960.000000
2.357707,960.000000
2.416568,960.000000
0.996728,960.000000
0.677027,960.000000
0.809062,960.000000
5.575027,960.000000
2.486741,960.000000
2.290996,960.000000
3.362052,960.000000
1.447079,960.000000
5.982906,960.000000
2.182044,960.000000
1.851725,960.000000
3.052277,960.000000
5.843945,960.000000
1.217402,960.000000
1.776705,960.000000
5.647970,960.000000
3.148072,960.000000
6.926080,960.000000
6.296143,960.000000
4.235516,960.000000
3.470773,960.000000
1.744620,960.000000
0.973875,960.000000
1.169389,960.000000
6.361930,960.000000
3.589420,960.000000
2.268606,960.000000
3.408680,960.000000
2.972871,960.000000
6.723873,960.000000
2.864380,960.000000
2.563146,960.000000
2.640474,960.000000
9.498229,960.000000
1.555800,960.000000
1.838337,960.000000
8.186417,960.000000
4.249827,960.000000
6.457263,960.000000
11.301480,960.000000
5.481310,960.000000
4.888536,960.000000
2.703491,960.000000
1.576575,960.000000
1.754084,960.000000
4.565373,960.000000
2.018616,960.000000
1.580037,960.000000
2.379174,960.000000
1.598504,960.000000
3.938898,960.000000
1.732155,960.000000
1.455620,960.000000
1.850802,960.000000
5.192541,960.000000
1.042201,960.000000
1.159233,960.000000
4.404484,960.000000
2.428572,960.000000
3.737844,960.000000
6.080547,960.000000
3.661209,960.000000
3.393214,960.000000
1.530178,960.000000
0.914552,960.000000
0.936481,960.000000
3.332044,960.000000
2.260296,960.000000
1.499708,960.000000
2.060166,960.000000
1.747159,960.000000
3.029886,960.000000
1.581884,960.000000
1.446617,960.000000
1.665214,960.000000
5.515473,960.000000
0.790827,960.000000
1.205861,960.000000
4.577376,960.000000
2.321466,960.000000
2.893003,960.000000
4.726031,960.000000
3.119910,960.000000
2.525521,960.000000
1.180238,960.000000
1.037354,960.000000
0.956794,960.000000
1.637514,960.000000
0.755971,960.000000
0.655098,960.000000
0.962796,960.000000
0.465124,960.000000
1.596888,960.000000
0.629014,960.000000
0.691800,960.000000
1.083058,960.000000
2.198202,960.000000
0.534373,960.000000
0.580540,960.000000
1.969680,960.000000
0.963257,960.000000
2.254756,960.000000
2.016308,960.000000
1.663367,960.000000
0.991419,960.000000
0.711190,960.000000
0.324548,960.000000
0.458661,960.000000
0.780670,960.000000
0.588850,960.000000
0.506212,960.000000
0.673565,960.000000
0.756433,960.000000
0.923093,960.000000
0.628322,960.000000
0.763127,960.000000
0.620473,960.000000
1.921898,960.000000
0.285538,960.000000
0.489592,960.000000
1.293345,960.000000
0.848996,960.000000
1.149999,960.000000
1.633128,960.000000
0.956563,960.000000
0.858229,960.000000
0.335859,960.000000
0.491670,960.000000
0.271919,960.000000
1.248333,960.000000
0.531142,960.000000
0.514291,960.000000
0.798444,960.000000
0.342784,960.000000
1.408068,960.000000
0.551455,960.000000
0.469279,960.000000
0.715114,960.000000
1.378522,960.000000
0.325933,960.000000
0.447581,960.000000
1.462083,960.000000
0.748123,960.000000
1.637283,960.000000
1.410377,960.000000
1.065977,960.000000
0.805831,960.000000
0.420343,960.000000
0.214211,960.000000
0.600160,960.000000
6.646858,960.000000
2.332887,960.000000
2.199460,960.000000
3.161840,960.000000
1.744240,960.000000
5.984111,960.000000
2.027714,960.000000
1.826882,960.000000
2.233856,960.000000
6.584069,960.000000
1.087726,960.000000
1.358042,960.000000
6.166245,960.000000
3.177537,960.000000
5.327828,960.000000
6.670403,960.000000
4.150766,960.000000
3.672692,960.000000
1.611045,960.000000
1.030708,960.000000
1.108040,960.000000
2.337504,960.000000
1.938840,960.000000
1.198300,960.000000
1.421062,960.000000
0.986618,960.000000
2.582196,960.000000
1.357580,960.000000
0.873044,960.000000
1.033248,960.000000
3.322967,960.000000
0.512930,960.000000
0.825952,960.000000
3.071350,960.000000
1.644517,960.000000
2.551956,960.000000
3.341896,960.000000
1.780944,960.000000
1.721849,960.000000
0.987310,960.000000
0.580105,960.000000
0.785785,960.000000
2.027252,960.000000
1.014780,960.000000
1.472078,960.000000
1.891748,960.000000
0.997236,960.000000
2.551494,960.000000
0.990542,960.000000
1.038095,960.000000
1.174292,960.000000
2.670147,960.000000
0.451296,960.000000
0.935832,960.000000
1.972774,960.000000
1.350655,960.000000
1.923604,960.000000
2.585889,960.000000
1.461690,960.000000
1.706382,960.000000
0.596957,960.000000
0.621657,960.000000
0.389661,960.000000
3.261563,960.000000
1.330341,960.000000
1.633667,960.000000
3.167611,960.000000
1.240082,960.000000
3.515258,960.000000
1.314413,960.000000
1.501626,960.000000
1.888055,960.000000
4.397305,960.000000
0.765471,960.000000
1.107117,960.000000
3.139217,960.000000
2.369821,960.000000
3.108053,960.000000
3.648454,960.000000
2.302647,960.000000
2.361280,960.000000
0.806099,960.000000
0.777706,960.000000
0.571103,960.000000
1.642439,960.000000
1.050330,960.000000
0.941142,960.000000
1.280479,960.000000
1.542023,960.000000
1.995858,960.000000
0.804253,960.000000
1.045021,960.000000
1.278402,960.000000
2.957545,960.000000
0.516855,960.000000
0.866811,960.000000
1.876974,960.000000
1.214920,960.000000
1.653981,960.000000
2.644292,960.000000
1.541330,960.000000
1.590500,960.000000
0.601112,960.000000
0.643356,960.000000
0.432828,960.000000
5.545512,960.000000
2.934922,960.000000
2.261788,960.000000
3.362210,960.000000
1.906753,960.000000
7.137396,960.000000
2.536489,960.000000
1.893826,960.000000
2.358279,960.000000
6.630237,960.000000
0.972767,960.000000
1.429372,960.000000
6.207797,960.000000
3.520798,960.000000
6.026355,960.000000
6.712186,960.000000
3.722323,960.000000
3.759720,960.000000
1.851351,960.000000
1.227616,960.000000
1.350193,960.000000
2.238473,960.000000
1.300101,960.000000
1.072260,960.000000
1.401209,960.000000
0.838648,960.000000
2.617515,960.000000
1.790640,960.000000
0.781169,960.000000
0.883662,960.000000
3.225090,960.000000
0.360344,960.000000
0.659053,960.000000
2.863592,960.000000
1.793871,960.000000
2.264327,960.000000
2.677995,960.000000
1.406981,960.000000
1.554950,960.000000
0.681214,960.000000
0.581721,960.000000
0.624889,960.000000
1.835654,960.000000
0.819950,960.000000
1.050561,960.000000
1.464460,960.000000
1.012010,960.000000
1.894057,960.000000
0.760854,960.000000
1.168290,960.000000
1.323185,960.000000
2.594892,960.000000
0.605267,960.000000
0.850652,960.000000
1.681913,960.000000
1.256241,960.000000
1.719540,960.000000
2.602048,960.000000
1.825035,960.000000
1.593962,960.000000
0.534860,960.000000
0.628813,960.000000
0.439523,960.000000
2.122128,960.000000
1.006008,960.000000
1.104809,960.000000
1.908830,960.000000
1.138281,960.000000
2.202461,960.000000
0.982924,960.000000
1.285096,960.000000
2.427532,960.000000
3.550577,960.000000
0.699451,960.000000
1.025861,960.000000
2.445307,960.000000
1.735007,960.000000
2.568576,960.000000
2.977397,960.000000
2.049644,960.000000
1.775404,960.000000
0.757853,960.000000
0.679829,960.000000
0.556790,960.000000
6.636470,960.000000
3.103898,960.000000
2.810498,960.000000
4.253259,960.000000
2.957545,960.000000
6.909786,960.000000
3.179384,960.000000
2.799187,960.000000
3.462396,960.000000
9.981136,960.000000
1.569724,960.000000
2.283487,960.000000
8.146175,960.000000
4.512726,960.000000
6.546672,960.000000
9.151491,960.000000
5.509039,960.000000
5.040430,960.000000
2.069266,960.000000
1.606197,960.000000
1.578958,960.000000
1.123045,960.000000
0.454758,960.000000
0.476457,960.000000
0.667594,960.000000
0.499772,960.000000
0.969074,960.000000
0.338183,960.000000
0.543863,960.000000
0.693449,960.000000
1.645671,960.000000
0.469763,960.000000
0.422671,960.000000
1.261550,960.000000
0.674520,960.000000
1.207995,960.000000
1.741701,960.000000
1.185603,960.000000
0.879738,960.000000
0.392662,960.000000
0.262929,960.000000
0.236382,960.000000
1.388282,960.000000
0.744003,960.000000
0.798020,960.000000
1.089804,960.000000
0.769857,960.000000
1.460997,960.000000
0.682599,960.000000
0.877430,960.000000
1.004854,960.000000
2.045950,960.000000
0.409513,960.000000
0.847420,960.000000
1.460305,960.000000
1.021936,960.000000
1.446916,960.000000
2.204077,960.000000
1.522632,960.000000
1.233388,960.000000
0.439523,960.000000
0.546402,960.000000
0.328719,960.000000
6.420863,960.000000
3.005329,960.000000
2.187918,960.000000
3.080583,960.000000
2.068111,960.000000
6.208258,960.000000
2.801726,960.000000
1.896365,960.000000
2.270098,960.000000
8.005130,960.000000
1.195068,960.000000
1.566492,960.000000
9.061693,960.000000
3.662997,960.000000
5.846068,960.000000
8.446269,960.000000
4.810973,960.000000
3.806350,960.000000
1.959154,960.000000
1.283711,960.000000
1.393361,960.000000
3.234555,960.000000
1.600888,960.000000
1.335420,960.000000
2.165757,960.000000
1.214458,960.000000
3.265718,960.000000
1.873050,960.000000
1.221845,960.000000
1.608736,960.000000
5.116608,960.000000
0.731538,960.000000
0.994928,960.000000
4.142917,960.000000
2.862438,960.000000
3.329892,960.000000
4.048503,960.000000
2.296183,960.000000
2.270098,960.000000
1.027246,960.000000
0.843727,960.000000
0.873736,960.000000
5.130227,960.000000
2.623517,960.000000
1.843964,960.000000
3.006483,960.000000
1.774250,960.000000
5.590757,960.000000
2.413912,960.000000
1.647056,960.000000
2.435381,960.000000
6.965188,960.000000
1.099730,960.000000
1.335189,960.000000
6.071831,960.000000
3.679618,960.000000
6.610154,960.000000
6.931716,960.000000
3.735943,960.000000
3.163686,960.000000
2.046181,960.000000
1.098114,960.000000
1.473463,960.000000
6.671788,960.000000
3.577816,960.000000
2.572962,960.000000
3.867984,960.000000
2.681458,960.000000
6.736424,960.000000
2.861053,960.000000
2.499785,960.000000
3.156761,960.000000
8.787222,960.000000
1.608275,960.000000
2.054722,960.000000
8.211041,960.000000
4.080821,960.000000
6.848152,960.000000
10.673430,960.000000
5.765504,960.000000
4.527730,960.000000
2.528410,960.000000
1.465153,960.000000
1.706151,960.000000
4.295042,960.000000
1.994473,960.000000
1.555412,960.000000
2.352508,960.000000
1.456611,960.000000
3.939776,960.000000
1.512014,960.000000
1.620740,960.000000
2.058878,960.000000
5.012498,960.000000
1.073876,960.000000
1.232233,960.000000
4.754417,960.000000
2.419452,960.000000
3.917154,960.000000
5.857148,960.000000
4.362678,960.000000
2.897757,960.000000
1.409751,960.000000
0.907439,960.000000
0.972075,960.000000
3.804041,960.000000
1.641747,960.000000
1.721387,960.000000
2.417144,960.000000
1.605504,960.000000
3.705472,960.000000
1.401209,960.000000
1.664600,960.000000
1.816032,960.000000
4.861527,960.000000
0.988003,960.000000
1.231772,960.000000
3.562812,960.000000
2.207771,960.000000
3.361749,960.000000
4.526114,960.000000
3.004175,960.000000
3.171304,960.000000
1.016627,960.000000
0.983617,960.000000
0.783246,960.000000
1.479696,960.000000
0.948298,960.000000
0.579874,960.000000
0.845573,960.000000
0.565331,960.000000
1.592346,960.000000
0.741925,960.000000
0.525396,960.000000
0.758084,960.000000
2.435150,960.000000
0.427057,960.000000
0.465146,960.000000
2.164603,960.000000
1.149130,960.000000
1.876974,960.000000
2.464236,960.000000
1.431450,960.000000
0.977384,960.000000
0.851575,960.000000
0.310713,960.000000
0.552173,960.000000
1.048714,960.000000
0.703837,960.000000
0.610115,960.000000
0.839110,960.000000
0.630660,960.000000
1.183757,960.000000
0.591417,960.000000
0.629275,960.000000
0.687678,960.000000
1.647518,960.000000
0.305634,960.000000
0.538092,960.000000
1.160903,960.000000
0.776090,960.000000
1.065566,960.000000
1.371431,960.000000
0.848574,960.000000
1.026784,960.000000
0.358728,960.000000
0.477381,960.000000
0.277472,960.000000
1.044097,960.000000
0.720688,960.000000
0.393354,960.000000
0.612654,960.000000
0.453142,960.000000
1.249777,960.000000
0.657437,960.000000
0.395432,960.000000
0.589339,960.000000
1.694609,960.000000
0.269392,960.000000
0.329180,960.000000
1.503703,960.000000
0.937910,960.000000
1.410212,960.000000
1.630897,960.000000
0.960994,960.000000
0.711223,960.000000
0.551250,960.000000
0.239152,960.000000
0.738001,960.000000
6.249484,960.000000
2.362342,960.000000
2.048148,960.000000
3.089767,960.000000
1.742727,960.000000
5.809243,960.000000
2.276926,960.000000
1.810367,960.000000
2.272078,960.000000
6.492344,960.000000
1.111337,960.000000
1.437536,960.000000
6.332361,960.000000
3.369333,960.000000
5.332757,960.000000
6.713734,960.000000
4.326228,960.000000
3.615194,960.000000
1.563352,960.000000
1.003297,960.000000
1.146197,960.000000
2.323789,960.000000
1.669776,960.000000
1.004682,960.000000
1.276168,960.000000
0.985521,960.000000
3.027436,960.000000
1.261855,960.000000
0.921344,960.000000
1.069783,960.000000
3.367717,960.000000
0.557054,960.000000
0.836389,960.000000
3.043596,960.000000
1.517181,960.000000
2.542640,960.000000
3.411118,960.000000
2.028526,960.000000
1.771814,960.000000
0.956664,960.000000
0.559824,960.000000
0.726502,960.000000
2.077467,960.000000
0.900336,960.000000
1.330188,960.000000
1.856769,960.000000
0.940966,960.000000
2.312478,960.000000
0.975133,960.000000
0.970285,960.000000
1.219609,960.000000
2.800737,960.000000
0.482257,960.000000
0.810764,960.000000
2.221751,960.000000
1.538189,960.000000
1.984894,960.000000
2.544949,960.000000
1.636533,960.000000
1.652231,960.000000
0.538124,960.000000
0.643394,960.000000
0.387144,960.000000
3.343477,960.000000
1.309411,960.000000
1.787974,960.000000
3.157177,960.000000
1.218685,960.000000
3.557018,960.000000
1.291866,960.000000
1.365047,960.000000
1.932951,960.000000
4.033042,960.000000
0.689796,960.000000
1.121495,960.000000
3.116777,960.000000
2.321712,960.000000
3.422199,960.000000
3.650977,960.000000
2.268846,960.000000
2.449836,960.000000
0.801760,960.000000
0.788833,960.000000
0.579216,960.000000
1.720565,960.000000
0.954818,960.000000
0.980442,960.000000
1.299946,960.000000
1.320723,960.000000
1.817293,960.000000
0.876096,960.000000
1.048545,960.000000
1.244310,960.000000
2.983112,960.000000
0.518270,960.000000
0.846546,960.000000
1.997591,960.000000
1.244079,960.000000
1.710869,960.000000
2.640754,960.000000
1.542806,960.000000
1.642766,960.000000
0.622386,960.000000
0.610151,960.000000
0.490798,960.000000
5.764919,960.000000
2.912240,960.000000
2.378040,960.000000
3.406501,960.000000
1.888396,960.000000
7.971895,960.000000
2.423519,960.000000
1.856307,960.000000
2.199128,960.000000
6.465564,960.000000
1.007453,960.000000
1.485092,960.000000
5.924440,960.000000
3.496304,960.000000
5.623404,960.000000
6.495114,960.000000
3.778409,960.000000
3.807958,960.000000
1.862771,960.000000
1.249620,960.000000
1.353274,960.000000
2.205592,960.000000
1.239462,960.000000
1.047852,960.000000
1.308026,960.000000
0.847932,960.000000
2.389352,960.000000
1.510486,960.000000
0.876096,960.000000
0.978134,960.000000
3.219739,960.000000
0.420388,960.000000
0.651705,960.000000
2.867685,960.000000
1.742265,960.000000
2.289854,960.000000
2.790579,960.000000
1.818909,960.000000
1.600751,960.000000
0.698106,960.000000
0.537893,960.000000
0.579678,960.000000
1.804134,960.000000
0.944429,960.000000
0.992909,960.000000
1.326495,960.000000
1.075786,960.000000
1.826527,960.000000
0.836158,960.000000
1.143426,960.000000
1.193984,960.000000
2.859835,960.000000
0.542741,960.000000
0.910724,960.000000
1.953959,960.000000
1.268088,960.000000
1.648076,960.000000
2.587426,960.000000
1.614371,960.000000
1.496404,960.000000
0.557746,960.000000
0.625156,960.000000
0.448321,960.000000
2.213902,960.000000
1.047621,960.000000
1.136732,960.000000
2.034528,960.000000
1.174823,960.000000
2.230062,960.000000
0.905184,960.000000
1.200678,960.000000
2.287776,960.000000
3.360791,960.000000
0.696260,960.000000
0.995217,960.000000
2.516554,960.000000
1.753808,960.000000
2.519555,960.000000
3.190651,960.000000
1.931797,960.000000
1.911944,960.000000
0.669942,960.000000
0.664402,960.000000
0.547358,960.000000
6.633165,960.000000
3.236591,960.000000
2.881305,960.000000
4.314224,960.000000
3.030899,960.000000
6.710040,960.000000
3.289457,960.000000
2.707702,960.000000
3.385724,960.000000
10.291529,960.000000
1.689861,960.000000
2.254533,960.000000
7.901715,960.000000
4.751926,960.000000
6.414776,960.000000
8.923019,960.000000
5.126604,960.000000
4.904983,960.000000
2.230986,960.000000
1.710407,960.000000
1.722181,960.000000
1.185673,960.000000
0.554284,960.000000
0.457555,960.000000
0.675944,960.000000
0.546434,960.000000
1.012993,960.000000
0.407229,960.000000
0.542048,960.000000
0.718653,960.000000
1.694709,960.000000
0.392454,960.000000
0.419002,960.000000
1.108798,960.000000
0.669250,960.000000
1.076017,960.000000
1.716640,960.000000
1.076709,960.000000
0.861090,960.000000
0.429622,960.000000
0.327815,960.000000
0.274487,960.000000
1.438229,960.000000
0.746586,960.000000
0.841006,960.000000
1.087790,960.000000
0.889255,960.000000
1.547885,960.000000
0.637853,960.000000
0.873326,960.000000
1.109260,960.000000
2.260766,960.000000
0.409537,960.000000
0.717037,960.000000
1.526415,960.000000
0.945583,960.000000
1.431995,960.000000
1.951420,960.000000
1.320723,960.000000
1.338037,960.000000
0.427082,960.000000
0.527735,960.000000
0.295956,960.000000
6.205621,960.000000
3.008506,960.000000
2.061769,960.000000
3.086074,960.000000
1.995052,960.000000
5.775769,960.000000
2.836981,960.000000
1.917253,960.000000
2.402280,960.000000
8.168353,960.000000
1.196754,960.000000
1.482322,960.000000
9.008205,960.000000
3.987333,960.000000
5.902739,960.000000
8.401979,960.000000
4.912601,960.000000
3.844895,960.000000
2.038914,960.000000
1.264856,960.000000
1.476089,960.000000
3.205888,960.000000
1.607215,960.000000
1.509794,960.000000
2.340873,960.000000
1.247080,960.000000
3.518004,960.000000
1.664928,960.000000
1.230690,960.000000
1.705097,960.000000
4.861120,960.000000
0.723962,960.000000
0.998449,960.000000
4.040891,960.000000
2.789655,960.000000
3.426354,960.000000
3.851590,960.000000
2.364882,960.000000
2.342720,960.000000
0.994986,960.000000
0.813996,960.000000
0.817920,960.000000
5.313135,960.000000
2.624825,960.000000
1.968503,960.000000
3.199654,960.000000
1.793746,960.000000
5.598703,960.000000
2.351954,960.000000
1.703712,960.000000
2.541255,960.000000
6.636167,960.000000
1.140425,960.000000
1.389749,960.000000
5.911743,960.000000
3.407655,960.000000
6.779989,960.000000
6.873255,960.000000
3.819039,960.000000
3.216969,960.000000
1.991127,960.000000
1.011377,960.000000
1.410526,960.000000
6.587456,960.000000
3.721618,960.000000
2.591582,960.000000
3.834737,960.000000
2.634752,960.000000
6.348059,960.000000
2.817589,960.000000
2.513091,960.000000
3.167104,960.000000
8.818211,960.000000
1.619681,960.000000
2.101476,960.000000
8.286551,960.000000
4.066285,960.000000
6.712810,960.000000
10.923380,960.000000
5.937137,960.000000
4.427112,960.000000
2.483080,960.000000
1.526415,960.000000
1.762811,960.000000
4.050356,960.000000
1.991127,960.000000
1.597750,960.000000
2.209978,960.000000
1.548808,960.000000
3.626044,960.000000
1.792591,960.000000
1.716409,960.000000
1.933182,960.000000
5.256575,960.000000
1.060318,960.000000
1.350504,960.000000
4.842190,960.000000
2.351954,960.000000
4.025424,960.000000
6.217395,960.000000
3.982485,960.000000
2.713935,960.000000
1.404985,960.000000
0.926191,960.000000
1.006067,960.000000
3.915306,960.000000
1.767428,960.000000
1.655925,960.000000
2.472460,960.000000
1.589208,960.000000
3.846973,960.000000
1.555272,960.000000
1.628684,960.000000
1.849613,960.000000
4.940303,960.000000
0.896873,960.000000
1.309180,960.000000
3.632508,960.000000
2.238835,960.000000
3.230127,960.000000
4.393407,960.000000
2.829593,960.000000
2.986806,960.000000
1.051777,960.000000
0.937042,960.000000
0.748664,960.000000
1.550655,960.000000
0.961974,960.000000
0.532121,960.000000
0.830156,960.000000
0.613152,960.000000
1.840840,960.000000
0.757436,960.000000
0.574368,960.000000
0.677099,960.000000
2.245068,960.000000
0.433315,960.000000
0.419695,960.000000
1.975891,960.000000
1.004913,960.000000
1.989049,960.000000
2.444758,960.000000
1.386979,960.000000
1.091253,960.000000
0.912340,960.000000
0.364751,960.000000
0.538816,960.000000
1.018072,960.000000
0.550128,960.000000
0.642470,960.000000
0.829001,960.000000
0.604610,960.000000
1.103488,960.000000
0.536739,960.000000
0.710803,960.000000
0.698568,960.000000
1.719410,960.000000
0.296418,960.000000
0.562133,960.000000
1.210143,960.000000
0.778906,960.000000
1.042773,960.000000
1.499636,960.000000
1.020150,960.000000
0.937734,960.000000
0.330816,960.000000
0.450630,960.000000
0.235472,960.000000
1.090791,960.000000
0.714959,960.000000
0.406074,960.000000
0.588681,960.000000
0.450630,960.000000
1.336652,960.000000
0.622386,960.000000
0.431930,960.000000
0.591451,960.000000
1.632840,960.000000
0.259251,960.000000
0.327584,960.000000
1.474473,960.000000
0.828540,960.000000
1.438921,960.000000
1.683166,960.000000
0.994063,960.000000
0.800606,960.000000
0.515962,960.000000
0.262482,960.000000
0.641778,960.000000
6.527688,960.000000
2.339661,960.000000
2.083855,960.000000
3.213052,960.000000
1.715613,960.000000
5.868085,960.000000
2.312880,960.000000
1.782104,960.000000
2.118486,960.000000
6.779108,960.000000
1.142126,960.000000
1.309509,960.000000
6.415484,960.000000
3.279082,960.000000
5.309836,960.000000
6.563935,960.000000
4.026185,960.000000
3.554051,960.000000
1.608258,960.000000
1.051624,960.000000
1.107264,960.000000
2.411001,960.000000
1.841208,960.000000
0.967125,960.000000
1.321745,960.000000
1.088795,960.000000
2.824263,960.000000
1.265643,960.000000
0.855613,960.000000
1.003141,960.000000
3.153256,960.000000
0.552247,960.000000
0.777117,960.000000
3.113084,960.000000
1.526298,960.000000
2.579538,960.000000
3.541353,960.000000
2.045992,960.000000
1.589557,960.000000
1.021380,960.000000
0.662604,960.000000
0.715935,960.000000
2.059844,960.000000
1.055318,960.000000
1.261949,960.000000
1.746550,960.000000
0.960891,960.000000
2.275710,960.000000
1.025074,960.000000
0.984671,960.000000
1.213004,960.000000
2.814566,960.000000
0.450432,960.000000
0.954427,960.000000
2.190287,960.000000
1.489358,960.000000
1.927323,960.000000
2.593159,960.000000
1.534840,960.000000
1.644966,960.000000
0.574411,960.000000
0.672762,960.000000
0.396870,960.000000
3.225750,960.000000
1.285267,960.000000
1.658357,960.000000
2.961401,960.000000
1.267721,960.000000
3.484558,960.000000
1.369997,960.000000
1.286190,960.000000
2.041143,960.000000
4.218963,960.000000
0.682921,960.000000
1.140048,960.000000
3.218593,960.000000
2.335044,960.000000
3.274464,960.000000
3.838024,960.000000
2.238078,960.000000
2.374061,960.000000
0.855844,960.000000
0.826523,960.000000
0.630974,960.000000
1.653509,960.000000
1.073095,960.000000
0.923490,960.000000
1.237938,960.000000
1.354990,960.000000
1.825739,960.000000
0.853305,960.000000
1.137047,960.000000
1.195919,960.000000
3.096461,960.000000
0.565407,960.000000
0.795817,960.000000
2.143189,960.000000
1.251329,960.000000
1.656279,960.000000
2.603087,960.000000
1.499055,960.000000
1.512215,960.000000
0.580182,960.000000
0.651522,960.000000
0.502378,960.000000
5.751726,960.000000
2.812950,960.000000
2.302722,960.000000
3.454083,960.000000
1.933557,960.000000
6.753019,960.000000
2.501734,960.000000
1.853444,960.000000
2.332966,960.000000
6.613342,960.000000
1.044467,960.000000
1.606180,960.000000
6.298662,960.000000
3.555436,960.000000
5.699317,960.000000
6.796193,960.000000
4.048810,960.000000
3.804085,960.000000
1.674518,960.000000
1.198228,960.000000
1.321283,960.000000
2.133954,960.000000
1.225009,960.000000
0.955119,960.000000
1.367688,960.000000
0.830448,960.000000
2.480955,960.000000
1.734776,960.000000
0.832757,960.000000
1.006604,960.000000
3.231522,960.000000
0.409337,960.000000
0.605348,960.000000
2.871130,960.000000
1.804499,960.000000
2.257009,960.000000
2.693358,960.000000
1.632961,960.000000
1.581245,960.000000
0.737407,960.000000
0.562174,960.000000
0.658910,960.000000
1.762711,960.000000
0.918180,960.000000
1.021841,960.000000
1.331441,960.000000
1.057627,960.000000
1.859909,960.000000
0.790276,960.000000
1.196150,960.000000
1.290346,960.000000
2.864665,960.000000
0.553632,960.000000
0.897863,960.000000
1.995892,960.000000
1.176526,960.000000
1.716306,960.000000
2.489729,960.000000
1.575935,960.000000
1.542228,960.000000
0.600038,960.000000
0.572102,960.000000
0.444891,960.000000
2.190287,960.000000
1.036386,960.000000
1.235168,960.000000
2.106942,960.000000
1.140279,960.000000
2.385836,960.000000
0.947270,960.000000
1.200537,960.000000
2.171817,960.000000
3.301014,960.000000
0.681305,960.000000
1.053933,960.000000
2.472413,960.000000
1.713766,960.000000
2.408231,960.000000
3.160875,960.000000
1.970035,960.000000
1.841439,960.000000
0.721938,960.000000
0.690309,960.000000
0.542781,960.000000
6.444112,960.000000
3.352730,960.000000
2.995108,960.000000
4.143006,960.000000
2.923538,960.000000
6.801733,960.000000
3.138711,960.000000
2.902990,960.000000
3.554512,960.000000
10.457368,960.000000
1.627651,960.000000
2.217299,960.000000
7.860053,960.000000
4.514480,960.000000
6.606184,960.000000
8.903365,960.000000
5.017320,960.000000
5.086813,960.000000
2.263012,960.000000
1.629267,960.000000
1.674980,960.000000
1.111651,960.000000
0.559635,960.000000
0.489219,960.000000
0.718244,960.000000
0.532161,960.000000
1.030615,960.000000
0.434502,960.000000
0.550169,960.000000
0.686153,960.000000
1.542921,960.000000
0.412569,960.000000
0.421342,960.000000
1.228703,960.000000
0.750566,960.000000
1.072633,960.000000
1.623033,960.000000
1.082099,960.000000
0.912639,960.000000
0.449970,960.000000
0.271506,960.000000
0.260655,960.000000
1.362147,960.000000
0.739946,960.000000
0.739484,960.000000
1.095259,960.000000
0.901788,960.000000
1.456805,960.000000
0.652446,960.000000
0.870158,960.000000
1.032693,960.000000
2.157965,960.000000
0.426652,960.000000
0.718475,960.000000
1.621186,960.000000
1.001294,960.000000
1.467656,960.000000
2.219608,960.000000
1.354298,960.000000
1.267721,960.000000
0.421342,960.000000
0.498915,960.000000
0.311909,960.000000
6.342990,960.000000
2.953090,960.000000
2.160966,960.000000
3.203586,960.000000
2.065154,960.000000
6.520069,960.000000
2.878056,960.000000
1.854368,960.000000
2.360209,960.000000
7.843892,960.000000
1.199152,960.000000
1.508521,960.000000
8.437696,960.000000
4.000096,960.000000
6.128509,960.000000
8.205900,960.000000
4.833084,960.000000
3.827173,960.000000
1.951796,960.000000
1.226856,960.000000
1.478507,960.000000
3.262920,960.000000
1.533455,960.000000
1.590711,960.000000
2.432010,960.000000
1.221315,960.000000
3.650555,960.000000
1.693911,960.000000
1.284805,960.000000
1.672671,960.000000
4.620912,960.000000
0.673917,960.000000
1.003833,960.000000
3.816091,960.000000
2.807640,960.000000
3.300553,960.000000
4.025954,960.000000
2.414233,960.000000
2.374061,960.000000
1.057165,960.000000
0.759109,960.000000
0.862770,960.000000
5.316300,960.000000
2.618555,960.000000
1.972113,960.000000
3.357578,960.000000
1.766867,960.000000
5.630979,960.000000
2.287023,960.000000
1.760633,960.000000
2.464102,960.000000
6.497905,960.000000
1.118577,960.000000
1.410862,960.000000
5.952815,960.000000
3.457777,960.000000
6.515682,960.000000
6.948568,960.000000
4.098679,960.000000
3.213975,960.000000
1.861063,960.000000
1.064553,960.000000
1.374615,960.000000
6.776107,960.000000
3.473476,960.000000
2.566840,960.000000
3.663946,960.000000
2.595237,960.000000
6.661132,960.000000
2.748306,960.000000
2.475414,960.000000
3.210282,960.000000
8.877508,960.000000
1.659511,960.000000
2.051994,960.000000
8.042904,960.000000
4.042577,960.000000
6.984123,960.000000
10.710635,960.000000
6.004069,960.000000
4.489084,960.000000
2.589465,960.000000
1.505288,960.000000
1.762249,960.000000
4.053428,960.000000
1.983425,960.000000
1.491667,960.000000
2.248236,960.000000
1.628574,960.000000
3.795312,960.000000
1.537611,960.000000
1.659280,960.000000
2.033294,960.000000
5.303833,960.000000
1.081637,960.000000
1.303275,960.000000
4.682093,960.000000
2.418389,960.000000
4.049965,960.000000
5.897406,960.000000
4.131232,960.000000
2.861433,960.000000
1.460499,960.000000
0.977976,960.000000
1.004526,960.000000
3.633240,960.000000
1.660435,960.000000
1.863372,960.000000
2.310341,960.000000
1.491205,960.000000
3.625621,960.000000
1.545922,960.000000
1.597407,960.000000
1.871914,960.000000
5.161846,960.000000
0.887012,960.000000
1.309509,960.000000
3.933836,960.000000
2.286330,960.000000
3.306324,960.000000
4.411511,960.000000
2.891216,960.000000
3.043361,960.000000
0.985364,960.000000
0.904789,960.000000
0.755415,960.000000
1.636193,960.000000
0.977976,960.000000
0.587109,960.000000
0.865310,960.000000
0.599576,960.000000
1.762480,960.000000
0.761879,960.000000
0.590110,960.000000
0.706701,960.000000
2.233229,960.000000
0.403103,960.000000
0.470287,960.000000
1.997509,960.000000
1.089487,960.000000
1.814658,960.000000
2.470566,960.000000
1.424483,960.000000
1.066862,960.000000
0.804591,960.000000
0.373321,960.000000
0.510690,960.000000
1.068939,960.000000
0.654985,960.000000
0.605117,960.000000
0.765573,960.000000
0.650368,960.000000
1.167060,960.000000
0.565868,960.000000
0.644365,960.000000
0.707855,960.000000
1.734545,960.000000
0.297825,960.000000
0.516693,960.000000
1.134046,960.000000
0.737176,960.000000
1.039619,960.000000
1.500209,960.000000
0.910561,960.000000
1.007758,960.000000
0.353697,960.000000
0.462438,960.000000
0.252574,960.000000
1.130352,960.000000
0.717321,960.000000
0.374013,960.000000
0.672993,960.000000
0.457820,960.000000
1.279495,960.000000
0.597729,960.000000
0.432655,960.000000
0.577181,960.000000
1.682137,960.000000
0.273122,960.000000
0.350695,960.000000
1.435796,960.000000
0.831372,960.000000
1.379925,960.000000
1.712843,960.000000
0.986518,960.000000
0.770191,960.000000
0.526620,960.000000
0.267581,960.000000
0.633745,960.000000
70.097928,960.000000
34.856612,960.000000
29.822007,960.000000
44.206034,960.000000
28.129356,960.000000
73.357674,960.000000
31.621961,960.000000
27.667148,960.000000
35.032861,960.000000
94.129949,960.000000
16.150575,960.000000
22.329620,960.000000
80.989219,960.000000
46.064447,960.000000
70.692638,960.000000
92.904058,960.000000
55.612623,960.000000
49.486953,960.000000
23.147685,960.000000
16.783363,960.000000
17.099976,960.000000
