2,20,2,0,134668272,0.755695
3,2,3,0,2,0.764993
3,20,1,1,0,0.394092
3,2,3,0,2,0.291205
3,6,20,2,2,0.281572
3,3,2,0,1,0.234804
3,11,8,0,1,0.207100
3,14,18,2,1,0.139194
2,20,3,2,1,0.131087
0,3,2,0,1,0.194214
0,2,3,2,1,0.138549
3,19,11,0,3,0.110712
0,3,2,2,3,0.099792
2,20,1,0,3,0.101085
3,3,8,3,2,0.128287
0,0,1,0,2,0.093710
3,8,10,2,2,0.094200
2,1,3,1,2,0.090072
3,2,5,0,2,0.111343
3,2,3,1,2,0.136777
2,6,2,3,2,0.141471
2,1,0,2,2,0.097890
2,4,0,2,2,0.089546
3,6,20,1,3,0.098559
2,15,3,1,3,0.074465
2,9,3,1,3,0.076236
0,3,3,1,3,0.083150
0,3,0,2,3,0.072785
3,18,14,2,0,0.071281
0,3,2,1,0,0.083078
2,20,3,2,0,0.081246
3,3,11,3,0,0.080818
3,19,1,2,0,0.070579
0,0,2,2,0,0.065116
0,0,2,0,0,0.064171
2,0,0,0,0,0.059801
0,2,0,0,0,0.060707
2,6,2,2,0,0.060939
3,11,2,2,3,0.056760
3,11,8,2,1,0.054034
0,2,2,3,1,0.058773
3,6,20,0,2,0.060355
3,8,10,1,2,0.063200
0,0,3,1,2,0.055026
2,7,3,0,2,0.052527
3,2,3,0,1,0.049685
0,3,2,3,1,0.059135
2,17,3,0,1,0.056234
0,3,3,0,1,0.049782
0,1,1,0,1,0.044129
0,2,0,1,1,0.047607
3,4,4,1,1,0.043920
0,3,1,2,1,0.047260
0,0,2,1,1,0.047220
2,11,0,0,1,0.043338
3,1,10,3,0,0.044598
0,3,0,0,0,0.045106
0,0,3,3,0,0.040777
2,20,3,1,0,0.042331
3,11,2,1,1,0.056425
0,2,2,2,1,0.044364
3,18,2,3,0,0.044533
3,8,10,1,3,0.048578
2,6,2,2,3,0.046797
2,20,3,1,3,0.048059
0,3,2,2,3,0.048874
0,2,3,1,3,0.041200
0,0,1,3,3,0.039598
0,2,2,1,3,0.038131
0,3,3,2,3,0.039731
2,3,2,3,3,0.045133
2,13,3,1,3,0.038166
2,8,3,1,3,0.037724
3,11,8,1,1,0.043229
3,6,20,1,3,0.037650
3,2,3,1,1,0.043628
0,3,0,1,1,0.047348
0,1,3,1,1,0.036231
0,1,1,2,1,0.035086
2,1,1,0,1,0.036038
2,18,1,0,1,0.037177
2,7,2,3,1,0.035431
2,20,1,0,1,0.038546
3,2,8,3,1,0.038950
0,3,1,0,1,0.035419
2,3,3,0,1,0.027572
0,3,3,0,1,0.027731
0,0,3,0,1,0.030365
0,1,0,3,1,0.030175
3,19,11,3,3,0.031127
3,19,11,3,3,0.041269
0,3,2,3,3,0.029250
2,4,2,3,3,0.039002
0,0,0,0,3,0.031594
0,1,2,3,3,0.029473
2,0,2,2,3,0.029382
0,2,0,0,3,0.032864
0,2,0,0,3,0.026197
3,11,2,2,1,0.032491
2,14,1,0,1,0.031617
0,3,2,0,1,0.030288
3,6,20,0,2,0.030288
0,3,2,2,2,0.034413
0,1,1,0,2,0.032521
2,8,1,1,2,0.028192
2,17,3,3,2,0.027317
2,16,3,3,2,0.026563
0,0,2,2,2,0.028964
3,2,8,1,1,0.031982
3,2,3,1,1,0.048306
2,3,2,1,1,0.037772
3,6,20,1,2,0.029684
3,2,11,1,1,0.034491
2,20,0,1,1,0.031176
2,6,1,0,1,0.031837
3,6,20,1,2,0.030502
2,7,3,3,2,0.025912
0,0,0,1,2,0.030266
0,0,2,3,2,0.026142
3,11,2,1,3,0.023922
3,2,8,3,1,0.029542
3,2,8,3,3,0.031268
0,3,3,1,3,0.026424
0,3,3,2,3,0.022920
0,1,3,3,3,0.025947
2,1,2,0,3,0.025496
3,6,1,0,0,0.032300
3,6,20,0,2,0.026818
3,11,2,0,1,0.029155
0,2,2,0,1,0.026923
2,15,2,2,1,0.022588
0,3,2,0,1,0.021628
2,14,2,2,1,0.022231
0,2,2,2,1,0.020886
3,6,20,1,3,0.021520
3,20,6,0,1,0.035448
3,6,20,1,3,0.029940
2,6,1,3,3,0.030126
3,6,20,3,3,0.026481
2,6,2,1,3,0.027238
3,6,20,1,3,0.025791
0,3,1,0,3,0.027111
0,2,3,1,3,0.027270
3,17,18,1,0,0.023445
3,17,18,0,3,0.024538
0,0,1,0,3,0.019150
0,3,2,1,3,0.023395
2,1,1,2,3,0.025062
0,0,1,0,3,0.024412
0,1,1,2,3,0.021917
2,1,2,3,3,0.022274
0,1,1,3,3,0.019342
3,7,19,1,0,0.018974
2,8,2,0,0,0.019678
0,3,2,3,0,0.021981
3,6,20,2,2,0.024073
2,3,2,0,2,0.025905
2,1,2,2,2,0.022811
0,3,2,0,2,0.021269
2,18,1,1,2,0.019879
2,18,1,1,2,0.022927
0,2,1,1,2,0.019191
0,1,1,1,2,0.015909
2,19,1,3,2,0.020138
3,6,20,1,3,0.024346
2,12,1,0,3,0.023722
2,14,1,1,3,0.019623
2,19,1,3,3,0.021980
3,6,20,1,2,0.022770
2,6,1,3,2,0.023004
3,6,20,1,3,0.019976
0,0,1,3,3,0.021040
2,12,1,1,3,0.017791
3,6,20,0,3,0.015119
2,6,1,1,3,0.024097
3,6,20,0,3,0.020544
3,6,20,1,3,0.020904
0,1,2,0,3,0.023851
2,4,1,1,3,0.021884
2,19,1,0,3,0.020908
3,6,20,1,3,0.021769
2,17,3,2,3,0.021770
3,6,20,2,3,0.019543
0,3,3,2,3,0.020878
3,17,18,2,3,0.019818
3,17,18,2,3,0.023694
0,2,1,1,3,0.017695
0,0,1,1,3,0.019836
2,6,2,2,3,0.016693
3,6,1,2,0,0.020822
3,6,20,2,3,0.019025
0,3,1,2,3,0.020391
0,0,2,2,3,0.017835
0,0,2,2,3,0.023902
2,14,0,0,3,0.015479
0,0,2,0,3,0.016213
0,0,2,0,3,0.020209
2,7,1,0,3,0.018416
0,2,0,0,3,0.016291
0,2,0,2,3,0.018763
0,0,2,2,3,0.018091
0,3,1,0,3,0.017470
3,6,20,2,3,0.020012
0,3,2,2,3,0.019667
0,3,3,2,3,0.018764
3,11,2,3,1,0.017284
3,11,11,1,3,0.017860
3,6,1,1,0,0.016257
3,6,20,1,3,0.018852
3,0,1,3,0,0.016227
0,2,3,1,0,0.015617
0,2,3,3,0,0.016337
3,4,4,1,2,0.014105
3,4,4,1,3,0.015244
0,3,3,2,3,0.017295
3,6,20,0,3,0.019613
0,3,1,3,3,0.019293
3,8,10,1,3,0.016129
2,11,2,1,3,0.016397
3,6,20,1,3,0.017456
2,13,1,0,3,0.018724
0,0,2,1,3,0.016893
0,1,2,1,3,0.015320
0,0,0,0,3,0.014671
2,0,1,2,3,0.014902
3,0,1,2,0,0.015072
2,2,1,0,0,0.019025
3,6,20,0,2,0.018003
2,19,1,0,2,0.018142
3,6,20,0,3,0.017869
2,6,2,0,3,0.018140
3,6,20,0,3,0.018125
0,1,2,0,3,0.017265
2,18,1,0,3,0.017303
2,6,1,2,3,0.015431
0,1,1,2,3,0.015093
3,6,20,2,3,0.014496
2,6,0,0,3,0.020551
3,6,20,2,3,0.017648
3,6,20,0,3,0.018099
0,3,1,0,3,0.018972
3,6,20,3,3,0.018059
3,11,2,0,1,0.018505
3,6,20,3,3,0.016717
0,1,2,0,3,0.016848
3,6,20,3,3,0.017022
0,3,3,2,3,0.017852
2,6,3,3,3,0.017270
3,6,20,0,3,0.015296
3,6,20,3,3,0.018711
0,3,1,2,3,0.017470
0,2,0,0,3,0.016431
0,2,0,2,3,0.013982
3,6,20,0,3,0.016741
2,3,3,3,3,0.018361
0,3,2,2,3,0.012985
3,7,19,3,0,0.013767
0,1,0,3,0,0.015374
2,6,3,1,0,0.012000
3,6,20,3,3,0.013882
0,0,3,1,3,0.012090
3,6,20,3,0,0.014492
2,19,2,0,0,0.024096
3,6,20,1,0,0.022604
2,6,2,0,0,0.023022
3,6,20,1,0,0.019282
0,1,2,0,0,0.022230
0,0,3,1,0,0.016850
0,0,3,1,0,0.015324
0,2,2,0,0,0.013651
0,0,3,3,0,0.017084
3,0,1,3,0,0.014164
0,0,3,0,0,0.018178
0,0,1,1,0,0.011775
0,0,1,3,0,0.013997
0,0,2,0,0,0.012573
0,0,1,0,0,0.016718
2,14,3,3,0,0.017551
2,12,2,0,0,0.015235
0,1,3,3,0,0.014583
0,1,3,3,0,0.015449
0,1,3,3,0,0.012643
2,1,3,3,0,0.014815
3,0,1,0,0,0.013511
0,2,0,3,0,0.012606
2,9,3,1,0,0.012065
0,0,2,0,0,0.011538
2,14,3,1,0,0.011835
0,0,3,1,0,0.011200
2,0,2,3,0,0.012183
2,4,1,0,0,0.016038
0,3,2,3,0,0.015960
3,0,1,3,0,0.014253
0,3,2,2,0,0.015709
0,1,1,3,0,0.013780
0,1,1,3,0,0.013899
0,0,1,0,0,0.012727
0,0,1,0,0,0.015164
2,10,3,2,0,0.014931
0,3,3,3,0,0.014830
0,1,1,1,0,0.013979
2,10,1,3,0,0.011708
0,0,1,0,0,0.012608
0,0,1,0,0,0.013236
0,1,1,0,0,0.013679
0,3,1,0,0,0.013550
0,3,3,2,0,0.014511
0,3,3,2,0,0.013453
2,20,1,2,0,0.014839
2,2,3,2,0,0.013881
2,4,1,2,0,0.014308
0,2,3,2,0,0.013676
0,3,1,2,0,0.013658
3,7,19,2,0,0.011666
0,1,1,2,0,0.011927
2,17,1,3,0,0.012424
0,3,1,0,0,0.014305
0,1,1,3,0,0.011345
3,4,4,1,3,0.012851
2,8,3,3,3,0.011527
3,10,8,1,0,0.011672
2,10,3,3,0,0.013415
3,8,10,3,3,0.012540
3,11,11,3,3,0.010871
2,4,2,1,3,0.012861
0,0,3,1,3,0.011562
0,3,3,3,3,0.010953
0,1,3,1,3,0.010509
0,0,2,1,3,0.012151
0,0,2,1,3,0.013663
0,2,3,1,3,0.010166
0,2,3,0,3,0.013748
0,2,3,3,3,0.013927
2,10,1,0,3,0.016654
0,3,2,1,3,0.012939
2,1,1,1,3,0.012790
2,7,1,0,3,0.013040
2,7,1,0,3,0.013398
2,7,3,3,3,0.011410
0,1,1,0,3,0.013260
2,3,3,3,3,0.012495
0,1,1,2,3,0.012548
3,11,2,3,1,0.012364
2,17,1,1,1,0.012201
0,2,1,1,1,0.011581
3,7,19,3,0,0.011825
0,2,1,1,0,0.014127
0,2,3,3,0,0.014183
2,15,0,0,0,0.011915
2,15,3,1,0,0.011368
2,20,2,2,0,0.013618
0,3,1,0,0,0.012586
2,4,2,2,0,0.012867
0,1,3,3,0,0.012586
0,2,3,1,0,0.010212
0,2,3,0,0,0.011984
3,11,2,0,1,0.009933
3,2,11,0,1,0.013894
3,2,11,2,1,0.016626
3,11,2,3,3,0.016595
3,6,20,0,3,0.016572
3,11,2,2,3,0.016930
3,1,6,3,1,0.014898
3,6,1,2,0,0.012765
2,6,0,0,0,0.013268
3,6,20,0,3,0.014085
3,6,1,3,0,0.014256
3,6,20,3,3,0.017971
0,2,3,2,3,0.016717
3,6,20,3,3,0.014858
0,1,2,0,3,0.016127
3,6,20,3,3,0.014808
0,3,3,2,3,0.015695
3,6,20,3,2,0.015080
0,2,2,3,2,0.015583
3,6,20,3,3,0.013253
2,11,2,2,3,0.015296
2,11,3,3,3,0.013675
3,11,2,3,1,0.012070
3,6,20,3,2,0.014333
2,6,2,2,2,0.015249
3,6,20,0,2,0.015506
0,1,2,0,2,0.013647
3,6,20,3,2,0.014228
2,6,3,3,2,0.014808
3,6,20,0,3,0.013743
0,2,3,3,3,0.013072
3,6,20,0,3,0.012642
2,19,2,0,3,0.014824
3,6,20,0,3,0.014315
0,1,2,0,3,0.014430
3,6,20,0,3,0.013261
2,6,2,2,3,0.014301
3,6,20,0,3,0.012548
2,8,1,1,3,0.012692
0,2,0,0,3,0.011067
0,2,0,0,3,0.014953
3,6,20,2,3,0.014325
0,3,2,2,3,0.013795
3,6,20,0,2,0.013221
2,2,1,2,2,0.013559
3,6,20,0,3,0.013187
2,6,1,2,3,0.013400
3,6,20,0,3,0.011310
0,3,1,2,3,0.012748
0,2,0,0,3,0.012409
0,2,0,2,3,0.011251
3,8,10,2,3,0.015117
3,6,20,1,3,0.012514
2,6,1,1,3,0.015670
3,6,20,1,3,0.013583
2,6,2,0,3,0.011776
0,2,2,0,3,0.010944
0,0,1,1,3,0.010350
0,0,1,1,3,0.011849
0,0,1,3,3,0.013081
0,2,2,0,3,0.011494
2,12,0,2,3,0.011945
0,0,1,3,3,0.011125
0,1,0,2,3,0.013299
3,6,20,2,3,0.013352
2,3,3,2,3,0.014157
3,6,20,2,3,0.012471
0,3,3,2,3,0.013737
0,3,3,2,3,0.013440
2,0,3,2,3,0.012355
0,0,3,1,3,0.010102
2,4,2,2,3,0.011144
2,18,3,3,3,0.010672
0,0,2,1,3,0.010545
0,1,1,3,3,0.010424
2,3,3,3,3,0.011213
0,1,1,3,3,0.013550
0,0,3,3,3,0.013654
2,9,3,3,3,0.009891
2,16,3,0,3,0.011828
0,0,3,3,3,0.012004
0,1,3,0,3,0.012530
3,6,20,2,2,0.012888
0,1,3,1,2,0.013810
0,0,2,2,2,0.011604
0,0,2,2,2,0.013218
2,10,2,3,2,0.009145
2,4,2,3,2,0.008852
2,11,3,0,2,0.011173
3,6,20,2,3,0.012981
2,19,1,0,3,0.013666
3,6,20,2,3,0.013207
2,13,1,0,3,0.013161
2,17,2,2,3,0.011448
0,0,2,3,3,0.010405
3,4,4,2,3,0.010126
0,2,1,0,3,0.009835
0,1,3,1,3,0.009696
0,2,1,0,3,0.009473
0,2,1,0,3,0.009139
0,0,0,0,3,0.009112
2,15,2,3,3,0.011161
0,0,2,2,3,0.009761
0,3,1,0,3,0.011201
3,6,20,3,2,0.012931
0,1,0,2,2,0.012788
3,6,20,0,3,0.012435
2,6,3,2,3,0.012711
3,6,20,3,2,0.012116
3,6,20,0,2,0.012497
3,6,20,0,3,0.011239
3,0,1,3,0,0.011494
2,1,2,0,0,0.012183
2,6,1,0,0,0.009187
3,6,1,0,0,0.010811
0,0,3,0,0,0.009657
3,6,20,0,3,0.010511
0,3,3,2,3,0.012841
3,6,20,3,3,0.012221
2,19,2,0,3,0.012585
3,6,20,0,3,0.012169
0,1,2,0,3,0.012398
3,6,20,0,3,0.011399
0,3,2,3,3,0.012141
3,6,20,1,3,0.010083
2,2,3,0,3,0.012014
3,6,20,3,3,0.010964
0,3,3,3,3,0.011781
0,3,3,1,3,0.012111
0,3,3,0,3,0.009502
0,3,3,3,3,0.010272
3,6,20,0,3,0.011770
2,6,3,2,3,0.012496
3,6,20,0,3,0.011839
2,6,2,0,3,0.011037
3,6,20,0,3,0.011308
0,3,3,2,3,0.012249
3,6,20,0,3,0.011667
0,1,2,0,3,0.012055
3,6,20,0,3,0.010887
2,6,3,0,3,0.011169
3,6,20,0,3,0.011430
0,1,3,0,3,0.011467
0,0,1,0,3,0.010359
1,0.600000
1,1.000000
1,0.500000
1,0.300000
1,0.300000
1,0.300000
1,0.300000
0,0.200000
0,0.200000
1,0.300000
0,0.200000
0,0.300000
1,0.100000
0,0.300000
1,0.200000
0,0.300000
1,0.400000
1,0.300000
0,0.500000
1,0.300000
1,0.200000
1,0.500000
1,0.400000
1,0.300000
1,0.300000
1,0.300000
1,0.300000
1,0.500000
0,0.100000
1,0.200000
0,0.300000
1,0.200000
0,0.100000
0,0.100000
0,0.400000
1,0.500000
1,0.500000
0,0.200000
1,0.300000
1,0.300000
1,0.400000
1,0.200000
1,0.300000
1,0.300000
1,0.200000
1,0.200000
1,0.200000
1,0.200000
1,0.400000
0,0.200000
1,0.500000
1,0.100000
1,0.300000
1,0.100000
0,0.500000
1,0.300000
0,0.500000
1,0.300000
1,0.100000
1,0.400000
0,0.300000
1,0.100000
1,0.100000
1,0.200000
1,0.100000
1,0.200000
1,0.100000
1,0.100000
1,0.300000
0,0.300000
1,0.200000
1,0.100000
1,0.100000
1,0.100000
1,0.100000
1,0.600000
1,0.600000
1,0.100000
0,0.200000
0,0.100000
0,0.100000
1,0.200000
0,0.100000
1,0.200000
0,0.100000
1,0.200000
1,0.200000
1,0.500000
1,0.100000
1,0.200000
0,0.500000
1,0.200000
0,0.500000
0,0.200000
0,0.500000
1,0.900000
1,0.400000
0,0.800000
1,0.900000
0,0.400000
1,0.200000
0,0.400000
1,0.900000
0,0.400000
1,0.300000
1,0.100000
1,0.100000
0,0.500000
1,0.200000
1,0.200000
1,0.200000
1,0.200000
1,0.200000
1,0.200000
1,0.900000
1,0.200000
1,0.100000
1,0.200000
1,0.100000
1,0.100000
1,0.300000
1,0.300000
1,0.100000
0,0.100000
1,0.300000
0,0.800000
1,0.900000
0,0.800000
1,0.900000
0,0.800000
0,0.200000
0,0.100000
0,0.200000
0,0.200000
1,0.200000
0,0.400000
1,0.200000
1,0.300000
1,0.300000
1,0.200000
0,0.800000
1,0.900000
0,0.800000
1,0.200000
0,0.400000
0,0.400000
1,0.200000
0,0.400000
1,0.900000
0,0.400000
1,0.200000
1,0.300000
1,0.300000
0,0.700000
1,0.200000
0,0.500000
1,0.200000
0,0.500000
1,0.200000
1,0.100000
1,0.300000
1,0.300000
1,0.100000
1,0.500000
0,0.700000
1,0.600000
0,0.700000
1,0.500000
0,0.700000
1,0.500000
0,0.700000
1,0.500000
0,0.700000
0,0.800000
0,0.700000
0,0.800000
0,0.700000
1,0.900000
0,0.700000
1,0.900000
0,0.700000
1,0.900000
0,0.500000
1,0.900000
0,0.500000
1,0.200000
0,0.700000
1,0.500000
1,0.200000
1,0.200000
0,0.500000
1,0.500000
0,0.500000
1,0.200000
1,0.400000
1,0.400000
0,0.700000
1,0.600000
1,0.400000
1,0.900000
0,0.500000
1,0.600000
0,0.300000
1,0.900000
0,0.300000
1,0.400000
0,0.400000
1,0.400000
0,0.400000
1,0.400000
1,0.400000
1,0.100000
0,0.400000
1,0.800000
1,0.900000
0,0.500000
1,0.400000
0,0.400000
1,0.800000
0,0.400000
1,0.900000
0,0.400000
1,0.800000
0,0.800000
1,0.100000
1,0.100000
1,0.900000
0,0.500000
1,0.900000
0,0.500000
1,0.900000
0,0.800000
1,0.900000
0,0.500000
1,0.100000
1,0.100000
0,0.100000
1,0.400000
0,0.100000
1,0.400000
1,0.900000
0,0.400000
1,0.900000
0,0.400000
1,0.900000
0,0.400000
1,0.900000
0,0.400000
1,0.400000
0,0.400000
1,0.900000
1,0.400000
1,0.900000
0,0.800000
1,0.900000
0,0.100000
1,0.900000
1,0.400000
1,0.100000
1,0.900000
1,0.100000
1,0.400000
0,0.100000
0,0.400000
0,0.100000
0,0.400000
0,0.100000
0,0.400000
1,0.300000
0,0.800000
1,0.400000
0,0.400000
1,0.500000
1,0.400000
1,0.300000
0,0.600000
1,0.900000
0,0.400000
1,0.900000
0,0.400000
1,0.300000
0,0.400000
1,0.900000
1,0.400000
0,0.200000
1,0.100000
1,0.400000
1,0.100000
1,0.100000
1,0.200000
0,0.500000
1,0.200000
0,0.900000
1,0.300000
0,0.900000
1,0.500000
0,0.500000
1,0.900000
0,0.300000
1,0.900000
1,0.100000
1,0.500000
0,0.500000
1,0.900000
0,0.500000
1,0.900000
0,0.300000
1,0.900000
0,0.500000
1,0.400000
0,0.500000
1,0.400000
0,0.300000
0,0.200000
0,0.200000
1,0.500000
0,0.200000
1,0.500000
0,0.400000
0,0.200000
1,0.200000
0,0.200000
0,0.200000
0,0.200000
1,0.200000
0,0.400000
0,0.200000
1,0.400000
1,0.100000
0,0.300000
1,0.400000
1,0.200000
1,0.900000
0,0.500000
1,0.200000
0,0.700000
1,0.900000
0,0.500000
1,0.900000
0,0.500000
1,0.900000
0,0.500000
1,0.900000
0,0.700000
1,0.100000
1,0.900000
0,0.700000
1,0.900000
1,0.400000
1,0.400000
0,0.500000
1,0.900000
0,0.500000
1,0.200000
1,0.400000
1,0.200000
1,0.400000
1,0.400000
1,0.400000
0,0.400000
1,0.400000
1,0.400000
0,0.400000
1,0.400000
1,0.400000
1,0.400000
1,0.900000
0,0.400000
1,0.400000
0,0.400000
1,0.900000
0,0.400000
1,0.900000
0,0.400000
1,0.900000
0,0.400000
1,0.900000
0,0.400000
1,0.900000
0,0.400000
1,0.900000
1,0.400000
0,0.100000
0,0.400000
1,0.900000
1,0.400000
1,0.900000
1,0.400000
1,0.900000
1,0.400000
1,0.900000
1,0.400000
1,0.900000
1,0.400000
1,0.400000
1,0.400000
0,0.100000
0,0.500000
1,0.900000
1,0.400000
1,0.900000
1,0.400000
1,0.900000
1,0.400000
1,0.900000
1,0.400000
1,0.900000
0,0.500000
1,0.400000
1,0.400000
1,0.400000
1,0.300000
1,0.300000
1,0.400000
0,0.900000
1,0.500000
0,0.800000
0,0.100000
0,0.900000
0,0.100000
0,0.500000
1,0.900000
0,0.500000
1,0.900000
0,0.300000
1,0.900000
1,0.300000
0,0.500000
1,0.400000
1,0.100000
1,0.300000
1,0.400000
0,0.900000
1,0.400000
0,0.800000
1,0.900000
0,0.800000
1,0.900000
0,0.500000
1,0.600000
0,0.500000
1,0.200000
1,0.300000
1,0.300000
1,0.900000
0,0.500000
1,0.900000
0,0.500000
1,0.900000
0,0.500000
1,0.300000
0,0.400000
1,0.100000
1,0.200000
0,0.200000
1,0.100000
1,0.300000
1,0.200000
0,0.500000
1,0.900000
0,0.900000
1,0.900000
0,0.500000
1,0.900000
0,0.900000
1,0.900000
0,0.200000
0,0.900000
1,0.900000
0,0.200000
0,0.200000
1,0.900000
0,0.200000
1,0.900000
0,0.900000
1,0.900000
0,0.500000
1,0.900000
0,0.500000
1,0.200000
1,0.100000
1,0.900000
0,0.900000
1,0.900000
1,0.100000
1,0.200000
1,0.900000
0,0.500000
1,0.900000
0,0.500000
0,0.100000
0,0.500000
1,0.900000
0,0.500000
0,0.100000
0,0.500000
1,0.900000
0,0.500000
1,0.900000
0,0.500000
1,2.067605
0,0.929594
1,1.042432
1,1.329594
1,0.977208
0,1.072615
0,1.009878
1,1.112003
1,1.082758
1,1.360236
0,0.993076
0,0.993076
1,0.982758
0,1.417632
1,1.360236
0,1.086801
0,1.086801
0,1.367632
0,0.993034
1,0.929594
0,0.793871
1,1.082758
0,1.417632
1,0.982758
0,1.417632
0,1.417632
0,1.210400
0,0.940358
1,1.092590
0,1.210400
0,1.417632
0,1.210400
0,1.050115
0,0.940358
0,0.940358
0,0.940358
0,0.940358
0,0.940358
0,0.940358
1,1.009878
1,0.982758
1,0.977208
0,0.936801
1,1.167632
1,1.167632
1,1.167632
1,1.147979
0,1.128706
1,1.147979
0,1.584350
1,1.147979
0,1.584350
1,1.147979
0,1.067764
0,1.067764
1,0.955411
0,1.128706
0,0.793871
1,0.932758
0,0.793871
1,0.792189
1,0.992189
0,1.128706
0,0.964477
1,0.932758
1,0.982758
1,0.932758
1,0.982758
1,1.082758
1,0.932758
1,1.082758
1,0.982758
1,1.082758
1,1.009878
1,0.982758
0,1.417632
1,1.167632
1,0.827208
1,0.879539
1,0.879539
1,0.827208
1,0.979539
1,0.827208
1,0.979539
1,0.827208
0,0.729539
1,0.932758
0,0.793871
1,0.827208
1,1.193076
0,1.093076
0,0.793871
1,0.827208
0,0.793871
1,0.932758
0,0.793871
1,0.827208
0,0.793871
0,0.793871
1,0.827208
1,1.193871
1,0.827208
1,1.246019
1,0.827208
1,1.293871
1,0.879539
1,0.879539
1,0.827208
0,0.729539
1,1.167632
1,1.275090
1,0.827208
1,1.275090
1,0.827208
1,1.193871
1,0.977208
1,1.193871
1,0.827208
0,1.040358
0,1.040358
1,0.879539
0,0.856686
1,0.827208
0,0.804293
0,0.804293
1,0.827208
0,0.964477
1,0.827208
1,1.293871
1,0.782758
0,0.804293
1,0.932758
1,1.082758
1,1.082758
1,0.982758
0,1.116333
1,1.082758
0,1.016333
1,0.932758
0,0.804293
1,0.782758
0,0.804293
1,0.827208
0,0.804293
1,0.893314
0,1.246110
0,1.146110
1,0.827208
0,1.146110
1,0.827208
0,1.246110
1,0.805093
0,1.246110
1,0.827208
1,1.264477
1,0.827208
1,1.314477
0,1.232758
1,1.314477
0,1.132758
1,1.314477
0,1.064477
0,1.132758
1,1.264477
0,1.232758
0,0.964477
1,0.827208
1,1.314477
1,0.827208
0,0.964477
1,0.782758
1,1.314477
0,1.132758
1,1.082758
0,1.132758
1,0.982758
0,1.232758
0,0.964477
0,1.132758
1,1.193871
0,1.232758
1,1.293871
0,1.232758
0,0.964477
0,1.043314
1,0.993314
0,1.132758
0,0.964477
0,1.064477
1,1.314477
0,1.132758
0,0.793871
0,1.132758
0,1.064477
0,1.421470
0,1.064477
1,0.977208
0,0.793871
0,1.421470
0,1.064477
0,1.232758
0,1.064477
0,1.132758
0,0.793871
0,1.132758
0,0.793871
1,0.983253
0,1.064477
1,0.932758
1,0.855093
1,1.193871
1,1.192147
1,1.192147
0,1.421470
1,1.193871
0,1.132758
1,1.293871
0,1.128706
1,1.193871
0,1.232758
1,1.293871
1,0.655093
1,1.193871
1,0.655093
1,1.293871
1,0.655093
1,1.293871
0,1.327208
1,1.193871
0,1.232758
1,1.293871
1,0.832758
1,1.293871
0,1.132758
1,1.293871
1,0.982758
1,1.082758
0,1.236076
1,0.982758
0,1.132758
1,1.193871
0,1.232758
1,1.193871
1,0.782758
0,1.146110
0,1.232758
0,1.146110
1,0.655093
1,1.082758
0,1.232758
0,1.146110
1,0.655093
0,1.146110
0,1.232758
0,1.146110
0,1.346110
0,1.146110
1,0.655093
0,1.346110
1,0.982758
0,1.346110
1,0.848641
1,1.190358
1,0.848641
1,1.190358
1,0.848641
1,1.190358
1,0.655093
0,1.346110
1,0.655093
0,0.793871
1,0.655093
0,0.793871
0,1.346110
1,0.655093
0,1.346110
0,1.346110
1,0.655093
0,0.793871
1,0.655093
0,0.793871
0,1.346110
0,0.793871
1,0.805093
0,1.346110
0,1.333253
0,1.346110
0,1.333253
0,1.333253
1,0.993871
1,0.655093
1,1.671470
1,0.655093
0,0.793871
0,1.128706
0,0.793871
0,1.333253
0,0.793871
1,0.655093
0,0.793871
1,0.655093
0,1.346110
1,1.271470
0,0.793871
1,0.655093
0,0.793871
1,0.655093
0,0.793871
1,0.655093
0,0.793871
1,0.655093
0,0.793871
1,0.655093
0,1.346110
1,1.271470
1,1.496110
1,1.271470
1,1.496110
1,1.271470
0,1.333253
1,1.376110
0,1.333253
1,0.978706
0,1.333253
0,0.793871
1,0.655093
1,1.496110
1,1.496110
1,0.655093
1,0.655093
1,1.496110
1,0.655093
1,1.496110
1,0.655093
1,1.496110
1,0.655093
0,0.793871
1,0.655093
0,0.793871
1,0.655093
0,0.793871
1,0.655093
0,0.793871
1,0.655093
1,0.993871
1,1.496110
1,0.655093
1,1.290358
1,0.655093
1,0.993871
1,0.655093
1,0.993871
1,0.655093
1,0.993871
1,0.993871
1,0.655093
1,0.993871
1,0.825090
1,1.275090
0,1.040358
1,0.882758
1,1.190358
0,1.286076
1,1.264477
1,0.655093
1,0.932758
0,0.964477
0,1.132758
0,0.793871
0,1.232758
0,0.793871
0,1.232758
0,0.793871
0,1.227208
0,0.793871
0,1.232758
0,0.793871
0,1.327208
0,0.793871
0,1.327208
1,1.190358
1,0.977208
1,1.190358
0,1.327208
1,1.190358
1,0.882758
1,1.190358
0,1.132758
1,1.290358
0,1.232758
1,1.190358
0,1.132758
1,1.190358
1,0.832758
1,0.982758
0,1.232758
1,0.982758
0,1.132758
1,1.290358
0,1.327208
1,1.290358
0,1.232758
1,1.290358
1,0.782758
1,1.082758
0,1.327208
1,0.982758
0,1.128706
1,0.982758
0,1.086076
1,1.082758
1,0.993871
1,1.082758
1,1.082758
0,1.132758
1,1.314477
0,1.132758
1,1.264477
0,1.132758
1,1.314477
0,1.232758
1,1.290358
0,1.132758
1,1.190358
0,1.327208
1,0.982758
1,1.082758
1,0.655093
1,0.982758
1,1.082758
1,1.082758
1,0.982758
0,1.227208
1,1.190358
1,1.082758
1,0.982758
0,1.327208
1,1.290358
0,1.327208
1,1.190358
0,1.232758
1,1.290358
1,0.982758
1,1.082758
1,1.190358
0,1.132758
1,1.190358
0,1.132758
1,1.190358
0,1.227208
1,1.082758
1,1.271470
1,0.982758
1,0.982758
1,0.982758
1,1.082758
1,0.982758
1,1.190358
0,1.327208
1,1.290358
0,1.227208
1,1.290358
0,1.232758
1,1.190358
1,0.977208
0,1.027208
1,0.982758
1,0.655093
1,1.290358
1,0.755093
1,1.114477
1,1.290358
0,1.232758
1,1.190358
0,1.132758
1,1.290358
0,1.132758
1,1.190358
0,1.132758
1,1.190358
0,1.232758
1,1.290358
0,1.132758
1,1.190358
1,0.782758
1,0.755093
1,1.290358
1,0.782758
1,1.290358
1,0.832758
1,1.290358
0,1.132758
1,1.290358
0,1.132758
1,1.290358
1,0.782758
1,1.190358
0,1.232758
1,1.290358
0,1.232758
0,0
1,4
0,0
1,2
0,0
1,2
1,1
0,0
0,0
1,2
0,0
1,1
1,1
0,0
1,2
0,2
0,2
1,1
0,2
0,0
1,2
0,0
0,2
1,1
0,2
0,4
1,1
1,1
0,0
1,2
0,1
1,1
1,0
1,1
1,1
1,1
1,0
1,0
1,1
1,1
1,2
1,1
1,1
1,1
1,1
1,0
1,2
1,0
1,2
1,0
1,2
1,0
1,2
1,0
1,0
1,2
0,1
1,2
0,1
1,2
0,1
1,2
0,1
1,2
0,1
1,2
0,1
0,1
1,2
0,1
1,2
0,1
1,2
0,1
1,1
1,0
1,0
0,1
0,1
1,1
0,1
1,4
0,1
1,2
0,3
0,1
0,3
1,2
0,3
1,2
0,3
1,1
0,3
1,3
0,3
1,3
0,3
1,1
1,2
0,3
1,2
0,2
1,2
0,2
1,2
1,1
1,2
0,2
1,2
0,1
1,3
0,1
1,2
0,1
1,2
0,2
1,4
0,2
1,2
1,0
1,2
1,2
0,2
1,0
1,2
0,2
1,2
0,2
1,4
0,2
0,1
0,2
0,1
1,0
1,4
1,0
1,4
1,0
1,4
1,2
0,2
1,4
0,2
1,4
0,1
1,0
1,4
0,2
1,4
1,0
1,1
1,0
1,4
1,0
1,4
0,2
1,4
0,2
1,4
0,1
1,0
1,3
0,4
1,4
0,4
1,3
0,4
1,4
0,4
1,2
0,4
1,4
0,1
0,3
1,0
0,4
0,4
1,4
0,4
1,4
0,1
1,4
1,0
1,4
1,0
1,0
1,0
1,4
1,0
0,0
0,1
1,4
0,1
1,3
0,1
0,0
0,2
0,0
0,1
1,3
0,1
1,3
0,1
1,4
0,1
1,4
0,2
1,3
1,1
1,3
1,2
0,1
1,1
1,3
1,3
0,1
1,3
0,1
1,3
0,1
1,3
0,1
1,2
0,1
1,2
0,1
1,4
0,1
1,4
0,1
1,2
0,1
1,2
0,1
1,1
1,2
0,3
1,0
0,3
0,4
1,4
0,4
1,4
0,4
1,4
1,0
1,4
1,0
0,4
0,4
1,4
0,4
1,2
0,4
1,2
1,2
1,3
0,4
1,0
1,2
1,2
1,1
1,4
0,4
1,2
0,3
1,4
0,4
1,2
1,2
1,3
0,4
1,3
1,2
1,2
1,2
1,1
0,4
1,3
0,4
1,1
1,2
1,1
1,1
1,3
1,2
1,3
0,1
1,3
1,3
0,4
1,4
0,2
1,4
0,2
1,3
0,2
1,3
0,2
1,4
0,2
1,1
0,2
1,3
0,4
1,4
0,1
1,3
0,1
1,4
0,4
1,4
0,2
1,1
1,1
1,3
0,2
1,1
1,1
1,1
1,2
1,0
1,2
1,2
1,2
0,2
0,0
1,2
0,2
0,2
0,0
0,3
0,0
0,2
1,4
0,2
1,4
0,3
1,4
0,3
1,4
0,3
1,3
1,0
1,2
1,2
0,3
1,4
0,3
1,4
0,1
1,4
0,4
1,4
1,0
1,0
1,0
1,0
1,3
0,2
1,0
1,2
1,0
1,2
1,0
0,2
1,2
0,2
1,4
1,0
1,3
1,0
1,3
1,0
1,2
1,0
1,3
0,2
1,2
1,0
1,2
1,0
1,2
1,0
1,2
1,0
1,4
1,0
1,4
1,0
1,2
1,0
1,2
1,0
1,3
1,0
1,2
0,2
1,4
1,0
1,4
1,0
1,2
1,0
1,2
1,0
1,2
0,2
1,2
1,0
1,2
1,0
1,2
1,2
1,0
1,2
1,0
1,2
1,1
1,2
1,1
1,4
1,1
1,3
1,1
1,2
1,0
1,0
1,0
1,0
1,2
1,2
1,1
1,3
1,1
1,3
1,0
1,3
1,0
1,3
1,0
1,3
1,0
1,0
1,3
1,0
1,4
1,0
1,3
1,0
1,4
0,1
1,4
1,4
1,1
1,4
1,1
1,4
0,3
1,4
0,1
1,4
0,1
1,3
0,1
1,2
0,3
1,0
1,1
1,0
0,0
1,2
0,2
1,4
0,2
1,4
0,2
1,4
0,2
1,4
0,2
1,3
0,2
1,2
0,2
0,3
1,2
0,2
1,2
0,2
1,2
0,2
1,4
0,2
1,4
0,2
1,3
0,2
1,4
0,1
3.263683,960.000000
1.307048,960.000000
1.559796,960.000000
2.366072,960.000000
2.203872,960.000000
2.450321,960.000000
1.235397,960.000000
2.015689,960.000000
2.387331,960.000000
4.590416,960.000000
0.829897,960.000000
1.542474,960.000000
1.996004,960.000000
1.771601,960.000000
2.109387,960.000000
3.958938,960.000000
2.291271,960.000000
3.000699,960.000000
0.693680,960.000000
1.099968,960.000000
0.892887,960.000000
1.240908,960.000000
1.384998,960.000000
0.777142,960.000000
1.073984,960.000000
2.088127,960.000000
1.551135,960.000000
1.004695,960.000000
1.772389,960.000000
1.606252,960.000000
3.896735,960.000000
0.647225,960.000000
1.039339,960.000000
1.434603,960.000000
1.352716,960.000000
1.678691,960.000000
3.179434,960.000000
1.617275,960.000000
1.702312,960.000000
0.669272,960.000000
0.988160,960.000000
1.110991,960.000000
1.470035,960.000000
0.928319,960.000000
1.399171,960.000000
1.880259,960.000000
1.662943,960.000000
1.668455,960.000000
0.881076,960.000000
1.995217,960.000000
1.743256,960.000000
3.458166,960.000000
0.633840,960.000000
1.171619,960.000000
1.428304,960.000000
1.252719,960.000000
1.618062,960.000000
2.980227,960.000000
1.736169,960.000000
1.757428,960.000000
0.478726,960.000000
0.972412,960.000000
0.611793,960.000000
2.626694,960.000000
1.040127,960.000000
2.404653,960.000000
3.955001,960.000000
1.688139,960.000000
2.295208,960.000000
1.249569,960.000000
2.654252,960.000000
4.152633,960.000000
4.030590,960.000000
1.220436,960.000000
2.682598,960.000000
1.584205,960.000000
1.940100,960.000000
2.895977,960.000000
3.627452,960.000000
2.685747,960.000000
2.775509,960.000000
0.670059,960.000000
1.162170,960.000000
0.796039,960.000000
1.581056,960.000000
1.976320,960.000000
1.180280,960.000000
1.441690,960.000000
3.282580,960.000000
1.904668,960.000000
1.560584,960.000000
2.850310,960.000000
2.731415,960.000000
6.559649,960.000000
0.999970,960.000000
1.653494,960.000000
2.271586,960.000000
2.097576,960.000000
1.997579,960.000000
4.815606,960.000000
2.362135,960.000000
2.507800,960.000000
0.885013,960.000000
1.803096,960.000000
1.876323,960.000000
1.988918,960.000000
1.496806,960.000000
1.520428,960.000000
2.386544,960.000000
2.240879,960.000000
2.555830,960.000000
1.496806,960.000000
2.388906,960.000000
3.184158,960.000000
4.329793,960.000000
0.873203,960.000000
1.966871,960.000000
1.827505,960.000000
1.731445,960.000000
3.083374,960.000000
4.125075,960.000000
2.563704,960.000000
2.293633,960.000000
0.696830,960.000000
1.211775,960.000000
1.044064,960.000000
1.035402,960.000000
1.176343,960.000000
0.635414,960.000000
0.961389,960.000000
1.702312,960.000000
1.446414,960.000000
1.044851,960.000000
1.680265,960.000000
1.415706,960.000000
3.693592,960.000000
0.611793,960.000000
0.925170,960.000000
1.425942,960.000000
1.400746,960.000000
1.741681,960.000000
2.802279,960.000000
1.776326,960.000000
1.435391,960.000000
0.510221,960.000000
0.855093,960.000000
0.924382,960.000000
1.907818,960.000000
1.971595,960.000000
1.580268,960.000000
1.921990,960.000000
3.343996,960.000000
1.869236,960.000000
1.640109,960.000000
3.129829,960.000000
3.360531,960.000000
6.708463,960.000000
1.070835,960.000000
2.077104,960.000000
2.353474,960.000000
2.502288,960.000000
2.263713,960.000000
4.806945,960.000000
2.542445,960.000000
2.553468,960.000000
0.937768,960.000000
2.214895,960.000000
1.867661,960.000000
3.048729,960.000000
1.710186,960.000000
2.460557,960.000000
4.267591,960.000000
2.234580,960.000000
2.699133,960.000000
1.751917,960.000000
4.027440,960.000000
5.969902,960.000000
5.677785,960.000000
1.833804,960.000000
3.162899,960.000000
2.461345,960.000000
2.904639,960.000000
3.708552,960.000000
4.871510,960.000000
3.729024,960.000000
3.201480,960.000000
1.020442,960.000000
1.844827,960.000000
1.718847,960.000000
4.089643,960.000000
3.619578,960.000000
3.064476,960.000000
4.936075,960.000000
5.292757,960.000000
4.157358,960.000000
3.425096,960.000000
5.137644,960.000000
7.261990,960.000000
12.036652,960.000000
2.425125,960.000000
4.073108,960.000000
5.245514,960.000000
5.351023,960.000000
5.102212,960.000000
8.680059,960.000000
5.152604,960.000000
5.050245,960.000000
2.058994,960.000000
3.308564,960.000000
3.327461,960.000000
1.042489,960.000000
0.668484,960.000000
0.833834,960.000000
1.338543,960.000000
0.899973,960.000000
0.936980,960.000000
0.587384,960.000000
1.161383,960.000000
1.988918,960.000000
2.167653,960.000000
0.677933,960.000000
0.964538,960.000000
0.933831,960.000000
0.893674,960.000000
0.933043,960.000000
1.631448,960.000000
1.130675,960.000000
1.136187,960.000000
0.344872,960.000000
0.679507,960.000000
0.605494,960.000000
1.543262,960.000000
1.195240,960.000000
1.149572,960.000000
1.702312,960.000000
2.134583,960.000000
1.980256,960.000000
1.122801,960.000000
2.752675,960.000000
2.377095,960.000000
4.178617,960.000000
0.907847,960.000000
1.607827,960.000000
1.714123,960.000000
1.758216,960.000000
1.868449,960.000000
3.887287,960.000000
2.256626,960.000000
2.122772,960.000000
0.686594,960.000000
1.292088,960.000000
1.077921,960.000000
2.406228,960.000000
1.359015,960.000000
1.555072,960.000000
2.349537,960.000000
2.022775,960.000000
2.628269,960.000000
1.285001,960.000000
1.638534,960.000000
2.300719,960.000000
4.273102,960.000000
0.764544,960.000000
1.521215,960.000000
2.547169,960.000000
1.865299,960.000000
2.531421,960.000000
4.285700,960.000000
2.281822,960.000000
2.650315,960.000000
0.778717,960.000000
1.076346,960.000000
1.075559,960.000000
1.951911,960.000000
1.212563,960.000000
1.548773,960.000000
2.345600,960.000000
1.540899,960.000000
1.983406,960.000000
1.373975,960.000000
2.482604,960.000000
3.243999,960.000000
3.991221,960.000000
1.189729,960.000000
2.121197,960.000000
1.795223,960.000000
2.236154,960.000000
2.726691,960.000000
3.298328,960.000000
2.531421,960.000000
2.216470,960.000000
0.675571,960.000000
1.069260,960.000000
0.955090,960.000000
2.625119,960.000000
1.601528,960.000000
1.700737,960.000000
2.932984,960.000000
1.940100,960.000000
2.863695,960.000000
1.490507,960.000000
2.724329,960.000000
4.495143,960.000000
4.495143,960.000000
1.214137,960.000000
2.603860,960.000000
2.233792,960.000000
2.236942,960.000000
4.209325,960.000000
4.474671,960.000000
2.965267,960.000000
2.521973,960.000000
0.892887,960.000000
1.276340,960.000000
1.296025,960.000000
3.955001,960.000000
3.029832,960.000000
2.907788,960.000000
3.912483,960.000000
4.698286,960.000000
4.195152,960.000000
2.738502,960.000000
4.091218,960.000000
4.496718,960.000000
9.471374,960.000000
1.561371,960.000000
2.961330,960.000000
4.257355,960.000000
3.714064,960.000000
4.669941,960.000000
9.146974,960.000000
4.787260,960.000000
4.785685,960.000000
1.803096,960.000000
2.424338,960.000000
2.551893,960.000000
2.814090,960.000000
1.660581,960.000000
1.828292,960.000000
2.883379,960.000000
2.640867,960.000000
2.613309,960.000000
1.618850,960.000000
2.403866,960.000000
3.032194,960.000000
5.290395,960.000000
1.088157,960.000000
1.926715,960.000000
2.237729,960.000000
2.347175,960.000000
2.565279,960.000000
4.824267,960.000000
2.821964,960.000000
3.420371,960.000000
0.985798,960.000000
1.553497,960.000000
1.453500,960.000000
2.290484,960.000000
1.962934,960.000000
1.719634,960.000000
2.387331,960.000000
2.958968,960.000000
2.183400,960.000000
1.604677,960.000000
2.755824,960.000000
3.066839,960.000000
6.205329,960.000000
1.138549,960.000000
1.932226,960.000000
2.518036,960.000000
2.276311,960.000000
2.237729,960.000000
4.589628,960.000000
2.748738,960.000000
2.705432,960.000000
0.870053,960.000000
1.747193,960.000000
1.500743,960.000000
0.596045,960.000000
0.496048,960.000000
0.529906,960.000000
0.804701,960.000000
0.704704,960.000000
0.662973,960.000000
0.472427,960.000000
1.114140,960.000000
1.577119,960.000000
1.751917,960.000000
0.500773,960.000000
0.849581,960.000000
0.766119,960.000000
0.690531,960.000000
1.258231,960.000000
1.233822,960.000000
0.988947,960.000000
0.750372,960.000000
0.342510,960.000000
0.459042,960.000000
0.451168,960.000000
0.988947,960.000000
1.055087,960.000000
0.820448,960.000000
1.139336,960.000000
1.915691,960.000000
1.139336,960.000000
0.843282,960.000000
2.189699,960.000000
1.617275,960.000000
3.537691,960.000000
0.697617,960.000000
1.046426,960.000000
1.162170,960.000000
1.152722,960.000000
1.551923,960.000000
2.615671,960.000000
1.457437,960.000000
1.477122,960.000000
0.532268,960.000000
1.070835,960.000000
0.913359,960.000000
0.983436,960.000000
0.955090,960.000000
0.648012,960.000000
1.192091,960.000000
1.129888,960.000000
1.142486,960.000000
0.814149,960.000000
1.681840,960.000000
2.340876,960.000000
2.421188,960.000000
0.688956,960.000000
1.509404,960.000000
0.980286,960.000000
1.036977,960.000000
1.980256,960.000000
2.313318,960.000000
1.577906,960.000000
1.339331,960.000000
0.489749,960.000000
0.829109,960.000000
1.576331,960.000000
2.766178,960.000000
1.507106,960.000000
1.518918,960.000000
2.282707,960.000000
1.946482,960.000000
2.401606,960.000000
1.181905,960.000000
2.231525,960.000000
2.503970,960.000000
4.558328,960.000000
0.961430,960.000000
1.527579,960.000000
2.281132,960.000000
1.929159,960.000000
2.580349,960.000000
3.681151,960.000000
2.366960,960.000000
2.415780,960.000000
0.738592,960.000000
1.181905,960.000000
1.001588,960.000000
1.385058,960.000000
1.411830,960.000000
0.955131,960.000000
1.275607,960.000000
1.729157,960.000000
1.416554,960.000000
1.148834,960.000000
1.622856,960.000000
1.881914,960.000000
3.496109,960.000000
0.592134,960.000000
1.158283,960.000000
1.450413,960.000000
1.325214,960.000000
1.735456,960.000000
2.898463,960.000000
1.597659,960.000000
1.865379,960.000000
0.663788,960.000000
1.033084,960.000000
1.175606,960.000000
1.515768,960.000000
0.884264,960.000000
1.566950,960.000000
2.255148,960.000000
1.563013,960.000000
1.570887,960.000000
0.892138,960.000000
1.750417,960.000000
1.976404,960.000000
3.237050,960.000000
0.615756,960.000000
1.332301,960.000000
1.272458,960.000000
1.339388,960.000000
1.641754,960.000000
2.707122,960.000000
1.632305,960.000000
1.835457,960.000000
0.538590,960.000000
0.955918,960.000000
0.646465,960.000000
2.386645,960.000000
1.353561,960.000000
1.865379,960.000000
3.526031,960.000000
1.986640,960.000000
2.324440,960.000000
1.394506,960.000000
2.753579,960.000000
3.463038,960.000000
5.207155,960.000000
1.129936,960.000000
2.011837,960.000000
2.000026,960.000000
2.196879,960.000000
2.501608,960.000000
3.998478,960.000000
2.471686,960.000000
2.603971,960.000000
0.631504,960.000000
1.301592,960.000000
1.026785,960.000000
1.926010,960.000000
1.751204,960.000000
1.429153,960.000000
2.103965,960.000000
3.615008,960.000000
2.019712,960.000000
1.393719,960.000000
2.833895,960.000000
3.333115,960.000000
5.074870,960.000000
1.080329,960.000000
2.149635,960.000000
2.055145,960.000000
1.943333,960.000000
2.188218,960.000000
4.545729,960.000000
2.557514,960.000000
2.535466,960.000000
0.848043,960.000000
1.518918,960.000000
1.434664,960.000000
2.222864,960.000000
1.437027,960.000000
1.516555,960.000000
2.233100,960.000000
2.092153,960.000000
2.899251,960.000000
1.360648,960.000000
2.318141,960.000000
2.670901,960.000000
4.552816,960.000000
0.883476,960.000000
1.681124,960.000000
2.080342,960.000000
1.996877,960.000000
2.813423,960.000000
4.163834,960.000000
2.418142,960.000000
2.333889,960.000000
0.814184,960.000000
1.303954,960.000000
1.216551,960.000000
1.282694,960.000000
1.062219,960.000000
0.935445,960.000000
1.264584,960.000000
1.382695,960.000000
1.460649,960.000000
1.356711,960.000000
1.585060,960.000000
1.729944,960.000000
3.176420,960.000000
0.605520,960.000000
1.207890,960.000000
1.351986,960.000000
1.394506,960.000000
1.523642,960.000000
2.523655,960.000000
1.491358,960.000000
1.502382,960.000000
0.563787,960.000000
0.948044,960.000000
0.852767,960.000000
2.292943,960.000000
1.589785,960.000000
1.859080,960.000000
2.655940,960.000000
2.807123,960.000000
2.266959,960.000000
1.490571,960.000000
3.352012,960.000000
3.882728,960.000000
5.523695,960.000000
1.222063,960.000000
2.446489,960.000000
2.114201,960.000000
2.224439,960.000000
2.570112,960.000000
4.422105,960.000000
2.927597,960.000000
2.871691,960.000000
0.848043,960.000000
1.674825,960.000000
1.574036,960.000000
2.603184,960.000000
1.760653,960.000000
2.091366,960.000000
3.473274,960.000000
3.123663,960.000000
2.653578,960.000000
1.777189,960.000000
3.826034,960.000000
6.008740,960.000000
6.955209,960.000000
1.511831,960.000000
3.015788,960.000000
2.470111,960.000000
2.908700,960.000000
3.501621,960.000000
5.202430,960.000000
3.440203,960.000000
3.265397,960.000000
1.021273,960.000000
1.921285,960.000000
1.769315,960.000000
4.412656,960.000000
3.310280,960.000000
3.477211,960.000000
5.152824,960.000000
5.330779,960.000000
4.458326,960.000000
3.108702,960.000000
5.888266,960.000000
7.032376,960.000000
11.752910,960.000000
2.455938,960.000000
4.371711,960.000000
4.554390,960.000000
4.495335,960.000000
5.317393,960.000000
9.249728,960.000000
5.385110,960.000000
5.398496,960.000000
1.733094,960.000000
3.133899,960.000000
2.784289,960.000000
0.960643,960.000000
0.700009,960.000000
0.640166,960.000000
0.956705,960.000000
1.025998,960.000000
0.856704,960.000000
0.586622,960.000000
1.259072,960.000000
1.572462,960.000000
2.452001,960.000000
0.745679,960.000000
0.812609,960.000000
0.953556,960.000000
0.940170,960.000000
1.096865,960.000000
1.929947,960.000000
1.371672,960.000000
1.043321,960.000000
0.355123,960.000000
0.660639,960.000000
0.634654,960.000000
1.577186,960.000000
1.162220,960.000000
1.356711,960.000000
1.874040,960.000000
2.085067,960.000000
1.660652,960.000000
1.042533,960.000000
2.446489,960.000000
2.925235,960.000000
4.144149,960.000000
0.870878,960.000000
1.800811,960.000000
1.601596,960.000000
1.674825,960.000000
2.022861,960.000000
3.490597,960.000000
2.294518,960.000000
2.123650,960.000000
0.642528,960.000000
1.338600,960.000000
1.176393,960.000000
2.129162,960.000000
1.376396,960.000000
1.420491,960.000000
2.051995,960.000000
1.980341,960.000000
2.275620,960.000000
1.318128,960.000000
2.011837,960.000000
2.383496,960.000000
4.663053,960.000000
0.944107,960.000000
1.506319,960.000000
2.766178,960.000000
1.866166,960.000000
2.484285,960.000000
4.251237,960.000000
2.535466,960.000000
2.375622,960.000000
0.741742,960.000000
1.116550,960.000000
0.992926,960.000000
1.997664,960.000000
1.303167,960.000000
1.311041,960.000000
2.199241,960.000000
1.982703,960.000000
1.743330,960.000000
1.335451,960.000000
2.208690,960.000000
2.852793,960.000000
4.926049,960.000000
1.001588,960.000000
1.733094,960.000000
1.909474,960.000000
2.318928,960.000000
2.389008,960.000000
3.720521,960.000000
2.215777,960.000000
2.257510,960.000000
0.768514,960.000000
1.150409,960.000000
1.174819,960.000000
2.564601,960.000000
1.777189,960.000000
1.683487,960.000000
2.496883,960.000000
2.319715,960.000000
2.703185,960.000000
1.618919,960.000000
2.603184,960.000000
3.467762,960.000000
5.355188,960.000000
1.077179,960.000000
1.830733,960.000000
2.559089,960.000000
2.529167,960.000000
3.998478,960.000000
4.667778,960.000000
2.719721,960.000000
2.592160,960.000000
1.088991,960.000000
1.497657,960.000000
1.644903,960.000000
3.829972,960.000000
3.095316,960.000000
2.775627,960.000000
3.922886,960.000000
4.248087,960.000000
4.078006,960.000000
2.667752,960.000000
4.363049,960.000000
5.150461,960.000000
9.296972,960.000000
1.775614,960.000000
3.457526,960.000000
4.144936,960.000000
3.665402,960.000000
4.903214,960.000000
8.820588,960.000000
4.583525,960.000000
4.670927,960.000000
1.692148,960.000000
2.584286,960.000000
2.439402,960.000000
2.434678,960.000000
1.694510,960.000000
1.522067,960.000000
2.644917,960.000000
2.411055,960.000000
2.400031,960.000000
1.536241,960.000000
2.689799,960.000000
3.439415,960.000000
5.448103,960.000000
1.148834,960.000000
2.198454,960.000000
2.352787,960.000000
2.286644,960.000000
2.874053,960.000000
4.752031,960.000000
3.436266,960.000000
2.700823,960.000000
1.000013,960.000000
1.511043,960.000000
1.528367,960.000000
2.315778,960.000000
1.649628,960.000000
1.756716,960.000000
2.719721,960.000000
2.714209,960.000000
2.494521,960.000000
1.648841,960.000000
2.800037,960.000000
3.250436,960.000000
5.462276,960.000000
1.285844,960.000000
1.992152,960.000000
2.175619,960.000000
2.240974,960.000000
2.521293,960.000000
4.768567,960.000000
2.675626,960.000000
3.208704,960.000000
0.853555,960.000000
1.516555,960.000000
1.347262,960.000000
0.663788,960.000000
0.705521,960.000000
0.503944,960.000000
0.765364,960.000000
0.810247,960.000000
0.769301,960.000000
0.523629,960.000000
0.937020,960.000000
1.012612,960.000000
1.773252,960.000000
0.370871,960.000000
0.728356,960.000000
0.835444,960.000000
0.778750,960.000000
1.059856,960.000000
1.544902,960.000000
0.949619,960.000000
0.817334,960.000000
0.413391,960.000000
0.500007,960.000000
0.538590,960.000000
1.218126,960.000000
1.125212,960.000000
1.019698,960.000000
1.378758,960.000000
1.649628,960.000000
1.233874,960.000000
0.983477,960.000000
1.700810,960.000000
1.980341,960.000000
2.948070,960.000000
0.641741,960.000000
1.195291,960.000000
1.120487,960.000000
1.182693,960.000000
1.425216,960.000000
2.358299,960.000000
1.426790,960.000000
1.585060,960.000000
0.518117,960.000000
1.285844,960.000000
0.946469,960.000000
0.925209,960.000000
1.131511,960.000000
0.657489,960.000000
0.937020,960.000000
1.549627,960.000000
1.195291,960.000000
0.855129,960.000000
1.488996,960.000000
1.796087,960.000000
2.936259,960.000000
0.626780,960.000000
1.159858,960.000000
1.129149,960.000000
1.216551,960.000000
1.564587,960.000000
2.429166,960.000000
1.495295,960.000000
1.423641,960.000000
0.551976,960.000000
0.849617,960.000000
1.710259,960.000000
2.649752,960.000000
1.400864,960.000000
1.481971,960.000000
2.275716,960.000000
1.924515,960.000000
2.315875,960.000000
1.253612,960.000000
2.172560,960.000000
2.596993,960.000000
4.386855,960.000000
0.876426,960.000000
1.679620,960.000000
2.215082,960.000000
2.019009,960.000000
2.385170,960.000000
3.893127,960.000000
2.516674,960.000000
2.448953,960.000000
0.803981,960.000000
1.295347,960.000000
0.981944,960.000000
1.241801,960.000000
1.493783,960.000000
0.936272,960.000000
1.315820,960.000000
1.629223,960.000000
1.536305,960.000000
1.117384,960.000000
1.669383,960.000000
1.787500,960.000000
3.613584,960.000000
0.614207,960.000000
1.274086,960.000000
1.459135,960.000000
1.248100,960.000000
1.757577,960.000000
2.859212,960.000000
1.654422,960.000000
1.814273,960.000000
0.637043,960.000000
1.153607,960.000000
1.013442,960.000000
1.491421,960.000000
0.825242,960.000000
1.484334,960.000000
1.876481,960.000000
1.490633,960.000000
1.553629,960.000000
0.887450,960.000000
1.756789,960.000000
2.173348,960.000000
3.157654,960.000000
0.675628,960.000000
1.430787,960.000000
1.444961,960.000000
1.439449,960.000000
1.709543,960.000000
2.917483,960.000000
1.624499,960.000000
1.821360,960.000000
0.477192,960.000000
0.913436,960.000000
0.581134,960.000000
2.352885,960.000000
1.321332,960.000000
1.922940,960.000000
3.304906,960.000000
1.946564,960.000000
2.402494,960.000000
1.294559,960.000000
2.404857,960.000000
3.904152,960.000000
4.650649,960.000000
0.981944,960.000000
1.989873,960.000000
2.097753,960.000000
2.304851,960.000000
3.037175,960.000000
4.039592,960.000000
2.525336,960.000000
2.652902,960.000000
0.734686,960.000000
1.221327,960.000000
1.041002,960.000000
1.974912,960.000000
1.821360,960.000000
1.333932,960.000000
2.056018,960.000000
3.268684,960.000000
2.108777,960.000000
1.387478,960.000000
2.871811,960.000000
3.044262,960.000000
5.743623,960.000000
1.073287,960.000000
2.011922,960.000000
2.029245,960.000000
1.910341,960.000000
2.326112,960.000000
4.192356,960.000000
2.419031,960.000000
2.727709,960.000000
0.833904,960.000000
1.688282,960.000000
1.505595,960.000000
2.201696,960.000000
1.534730,960.000000
1.585126,960.000000
2.295402,960.000000
2.185947,960.000000
2.873386,960.000000
1.385115,960.000000
2.216657,960.000000
2.735583,960.000000
4.411266,960.000000
0.861465,960.000000
1.732379,960.000000
2.135550,960.000000
1.820572,960.000000
2.757632,960.000000
4.221492,960.000000
2.310363,960.000000
2.456828,960.000000
0.830754,960.000000
1.261487,960.000000
1.188254,960.000000
1.145732,960.000000
0.978794,960.000000
0.885875,960.000000
1.396927,960.000000
1.457560,960.000000
1.379603,960.000000
1.140220,960.000000
1.588276,960.000000
1.858370,960.000000
3.196239,960.000000
0.604758,960.000000
1.149669,960.000000
1.429212,960.000000
1.320545,960.000000
1.530793,960.000000
2.621404,960.000000
1.722929,960.000000
1.518194,960.000000
0.541762,960.000000
0.824455,960.000000
0.906349,960.000000
2.007984,960.000000
1.697731,960.000000
1.737891,960.000000
2.426118,960.000000
2.793067,960.000000
2.233194,960.000000
1.589064,960.000000
3.368689,960.000000
3.607285,960.000000
5.883000,960.000000
1.318970,960.000000
2.554471,960.000000
2.074130,960.000000
2.263904,960.000000
2.556833,960.000000
4.495523,960.000000
2.837164,960.000000
2.808028,960.000000
0.826030,960.000000
1.951288,960.000000
1.595363,960.000000
2.802516,960.000000
1.767026,960.000000
2.313513,960.000000
3.775011,960.000000
3.180490,960.000000
2.763144,960.000000
1.946564,960.000000
3.584449,960.000000
5.671965,960.000000
6.555478,960.000000
1.498508,960.000000
2.930870,960.000000
2.488326,960.000000
3.023788,960.000000
3.695479,960.000000
5.242808,960.000000
3.390738,960.000000
3.141905,960.000000
1.054389,960.000000
1.748128,960.000000
1.719780,960.000000
4.495523,960.000000
3.583662,960.000000
3.171040,960.000000
4.775066,960.000000
5.427070,960.000000
4.393942,960.000000
3.277345,960.000000
5.865677,960.000000
6.589338,960.000000
12.533760,960.000000
2.470214,960.000000
4.182120,960.000000
4.278975,960.000000
4.480561,960.000000
5.292417,960.000000
8.985533,960.000000
5.403447,960.000000
5.566448,960.000000
1.830809,960.000000
3.109620,960.000000
3.085996,960.000000
0.947296,960.000000
0.696101,960.000000
0.707913,960.000000
1.061476,960.000000
1.110297,960.000000
0.842566,960.000000
0.646492,960.000000
1.288260,960.000000
1.495358,960.000000
2.524548,960.000000
0.659091,960.000000
0.790595,960.000000
0.829967,960.000000
0.883513,960.000000
1.044152,960.000000
1.947351,960.000000
1.196916,960.000000
1.171718,960.000000
0.417346,960.000000
0.685864,960.000000
0.610270,960.000000
1.670958,960.000000
1.086674,960.000000
1.397715,960.000000
1.889080,960.000000
1.997748,960.000000
1.687494,960.000000
1.152819,960.000000
2.413518,960.000000
2.881261,960.000000
4.316773,960.000000
0.901624,960.000000
1.744978,960.000000
1.571740,960.000000
1.754427,960.000000
2.071767,960.000000
3.522241,960.000000
2.126889,960.000000
2.122164,960.000000
0.639405,960.000000
1.307158,960.000000
1.057538,960.000000
2.170198,960.000000
1.393777,960.000000
1.360705,960.000000
2.006409,960.000000
2.019009,960.000000
2.046569,960.000000
1.277236,960.000000
2.144212,960.000000
2.464702,960.000000
4.536470,960.000000
0.897687,960.000000
1.627649,960.000000
2.841888,960.000000
1.900104,960.000000
2.477301,960.000000
4.008882,960.000000
2.544234,960.000000
2.404857,960.000000
0.808706,960.000000
1.178805,960.000000
1.089824,960.000000
1.881206,960.000000
1.274873,960.000000
1.422125,960.000000
2.283590,960.000000
1.899317,960.000000
2.011134,960.000000
1.341019,960.000000
2.119802,960.000000
3.065523,960.000000
4.761679,960.000000
0.984306,960.000000
1.703243,960.000000
1.974124,960.000000
2.142637,960.000000
2.386745,960.000000
3.658469,960.000000
2.411944,960.000000
2.171773,960.000000
0.740986,960.000000
1.117384,960.000000
1.144157,960.000000
2.626129,960.000000
1.711905,960.000000
1.655209,960.000000
2.926145,960.000000
2.306426,960.000000
2.753695,960.000000
1.436299,960.000000
2.619829,960.000000
3.814383,960.000000
5.119179,960.000000
1.082737,960.000000
1.943414,960.000000
2.403282,960.000000
2.515099,960.000000
3.781310,960.000000
4.675848,960.000000
2.700936,960.000000
2.564708,960.000000
1.084312,960.000000
1.455986,960.000000
1.626074,960.000000
3.796272,960.000000
3.014339,960.000000
2.910396,960.000000
4.323072,960.000000
4.332522,960.000000
4.024631,960.000000
2.471002,960.000000
4.520721,960.000000
5.435732,960.000000
8.718589,960.000000
1.862307,960.000000
3.422235,960.000000
4.122274,960.000000
3.790759,960.000000
4.694746,960.000000
8.840643,960.000000
4.801839,960.000000
4.397092,960.000000
1.607962,960.000000
2.465490,960.000000
2.615104,960.000000
2.322962,960.000000
1.652059,960.000000
1.611900,960.000000
2.530848,960.000000
2.626916,960.000000
2.297764,960.000000
1.821360,960.000000
2.790705,960.000000
3.494680,960.000000
5.444394,960.000000
1.183530,960.000000
2.100115,960.000000
2.554471,960.000000
2.372571,960.000000
2.731646,960.000000
4.968777,960.000000
2.946619,960.000000
2.647390,960.000000
0.893750,960.000000
1.589064,960.000000
1.429212,960.000000
2.515099,960.000000
1.723717,960.000000
1.736316,960.000000
2.525336,960.000000
2.773381,960.000000
2.410369,960.000000
1.511107,960.000000
2.979691,960.000000
3.110407,960.000000
5.642830,960.000000
1.272511,960.000000
2.023733,960.000000
2.222957,960.000000
2.193034,960.000000
2.568645,960.000000
4.504972,960.000000
2.838739,960.000000
3.036387,960.000000
0.830754,960.000000
1.596151,960.000000
1.381178,960.000000
0.828392,960.000000
0.689014,960.000000
0.452781,960.000000
0.750435,960.000000
0.842566,960.000000
0.838629,960.000000
0.554361,960.000000
0.924460,960.000000
1.007142,960.000000
1.840259,960.000000
0.424433,960.000000
0.585072,960.000000
0.756734,960.000000
0.685077,960.000000
0.936272,960.000000
1.512682,960.000000
0.867764,960.000000
0.962258,960.000000
0.446481,960.000000
0.528375,960.000000
0.565385,960.000000
1.242588,960.000000
1.011867,960.000000
1.053601,960.000000
1.413464,960.000000
1.613474,960.000000
1.205578,960.000000
0.907924,960.000000
1.940264,960.000000
1.848921,960.000000
3.054499,960.000000
0.670903,960.000000
1.370941,960.000000
1.108722,960.000000
1.163843,960.000000
1.355193,960.000000
2.329262,960.000000
1.594576,960.000000
1.590639,960.000000
0.457505,960.000000
1.111085,960.000000
0.876426,960.000000
1.035490,960.000000
1.126046,960.000000
0.623656,960.000000
0.966195,960.000000
1.499295,960.000000
1.218177,960.000000
0.830754,960.000000
1.511894,960.000000
1.844196,960.000000
2.871811,960.000000
0.637830,960.000000
1.107935,960.000000
1.105573,960.000000
1.173293,960.000000
1.603238,960.000000
2.549746,960.000000
1.519769,960.000000
1.360705,960.000000
0.513414,960.000000
0.846503,960.000000
1.678045,960.000000
2.710590,960.000000
1.473421,960.000000
1.446645,960.000000
2.334950,960.000000
1.954586,960.000000
2.335738,960.000000
1.304895,960.000000
2.175874,960.000000
2.692477,960.000000
4.506099,960.000000
0.882005,960.000000
1.595484,960.000000
2.216825,960.000000
1.986873,960.000000
2.507414,960.000000
3.769783,960.000000
2.429451,960.000000
2.423938,960.000000
0.685129,960.000000
1.132431,960.000000
1.011155,960.000000
1.322220,960.000000
1.456095,960.000000
0.937130,960.000000
1.400970,960.000000
1.719122,960.000000
1.636434,960.000000
1.049743,960.000000
1.693134,960.000000
1.734084,960.000000
3.414619,960.000000
0.657566,960.000000
1.245044,960.000000
1.443495,960.000000
1.255282,960.000000
1.701797,960.000000
3.046854,960.000000
1.594696,960.000000
1.699434,960.000000
0.687491,960.000000
1.034781,960.000000
1.093843,960.000000
1.493108,960.000000
0.885155,960.000000
1.537208,960.000000
2.000261,960.000000
1.439558,960.000000
1.608871,960.000000
0.925318,960.000000
1.669509,960.000000
2.140437,960.000000
3.103554,960.000000
0.648116,960.000000
1.337970,960.000000
1.426958,960.000000
1.408845,960.000000
1.719122,960.000000
2.826353,960.000000
1.634071,960.000000
1.832522,960.000000
0.443365,960.000000
1.067068,960.000000
0.581966,960.000000
2.485363,960.000000
1.330095,960.000000
1.913635,960.000000
3.339806,960.000000
2.085311,960.000000
2.305813,960.000000
1.407270,960.000000
2.429451,960.000000
3.820971,960.000000
4.690375,960.000000
1.067856,960.000000
2.004198,960.000000
2.006561,960.000000
2.222337,960.000000
2.747602,960.000000
4.209210,960.000000
2.550726,960.000000
2.463313,960.000000
0.745767,960.000000
1.285207,960.000000
1.023756,960.000000
1.915998,960.000000
1.779760,960.000000
1.489958,960.000000
2.088461,960.000000
3.461869,960.000000
2.039636,960.000000
1.393095,960.000000
2.932666,960.000000
3.136630,960.000000
5.641681,960.000000
1.091481,960.000000
1.979786,960.000000
1.949073,960.000000
1.876623,960.000000
2.301087,960.000000
4.076910,960.000000
2.475126,960.000000
2.662552,960.000000
0.850505,960.000000
1.621471,960.000000
1.571071,960.000000
2.293212,960.000000
1.643521,960.000000
1.565559,960.000000
2.164062,960.000000
2.031761,960.000000
2.689327,960.000000
1.378132,960.000000
2.038849,960.000000
2.724765,960.000000
4.586425,960.000000
0.902480,960.000000
1.708097,960.000000
2.211312,960.000000
1.849060,960.000000
2.649164,960.000000
4.148573,960.000000
2.474338,960.000000
2.537339,960.000000
0.863892,960.000000
1.286782,960.000000
1.259219,960.000000
1.247407,960.000000
1.067068,960.000000
0.956030,960.000000
1.315920,960.000000
1.332457,960.000000
1.425383,960.000000
1.321432,960.000000
1.609659,960.000000
1.814410,960.000000
3.172067,960.000000
0.655991,960.000000
1.154481,960.000000
1.244257,960.000000
1.332457,960.000000
1.469483,960.000000
2.601914,960.000000
1.541146,960.000000
1.651396,960.000000
0.492978,960.000000
0.967843,960.000000
0.826879,960.000000
2.051449,960.000000
1.600209,960.000000
1.749047,960.000000
2.467251,960.000000
2.889353,960.000000
2.197137,960.000000
1.558471,960.000000
3.724108,960.000000
3.614645,960.000000
5.921245,960.000000
1.293082,960.000000
2.322350,960.000000
2.043574,960.000000
2.159337,960.000000
2.572776,960.000000
4.365924,960.000000
2.885416,960.000000
2.861003,960.000000
0.928468,960.000000
1.821497,960.000000
1.607296,960.000000
2.521589,960.000000
1.904185,960.000000
2.318413,960.000000
3.831208,960.000000
3.220892,960.000000
2.664914,960.000000
1.671084,960.000000
3.736708,960.000000
5.751931,960.000000
6.388235,960.000000
1.486808,960.000000
2.883053,960.000000
2.547576,960.000000
3.064179,960.000000
3.556369,960.000000
5.466067,960.000000
3.421706,960.000000
3.218530,960.000000
0.974143,960.000000
1.861660,960.000000
1.792360,960.000000
4.217085,960.000000
3.279168,960.000000
3.212230,960.000000
4.685650,960.000000
5.440080,960.000000
4.552562,960.000000
3.214592,960.000000
5.897620,960.000000
6.664649,960.000000
12.597706,960.000000
2.566476,960.000000
4.071397,960.000000
4.508462,960.000000
4.369861,960.000000
5.266041,960.000000
9.020861,960.000000
5.352667,960.000000
5.763744,960.000000
1.925448,960.000000
3.234280,960.000000
2.965741,960.000000
0.893030,960.000000
0.656779,960.000000
0.677254,960.000000
0.993830,960.000000
1.130856,960.000000
0.908780,960.000000
0.578816,960.000000
1.234807,960.000000
1.412783,960.000000
2.475913,960.000000
0.719779,960.000000
0.893817,960.000000
0.965480,960.000000
1.001705,960.000000
1.153694,960.000000
1.782910,960.000000
1.215907,960.000000
1.193856,960.000000
0.387452,960.000000
0.657566,960.000000
0.617403,960.000000
1.785272,960.000000
1.247407,960.000000
1.352145,960.000000
2.071924,960.000000
1.974273,960.000000
1.601784,960.000000
1.193856,960.000000
2.254625,960.000000
2.888566,960.000000
4.247011,960.000000
0.831605,960.000000
1.986873,960.000000
1.578159,960.000000
1.622259,960.000000
1.888435,960.000000
3.513844,960.000000
2.175087,960.000000
2.151462,960.000000
0.648116,960.000000
1.218269,960.000000
1.075731,960.000000
2.293212,960.000000
1.368682,960.000000
1.497046,960.000000
2.046724,960.000000
1.971911,960.000000
2.224700,960.000000
1.428533,960.000000
2.128624,960.000000
2.590102,960.000000
4.288748,960.000000
0.816642,960.000000
1.603359,960.000000
2.594039,960.000000
1.975061,960.000000
2.655464,960.000000
4.043047,960.000000
2.359363,960.000000
2.273525,960.000000
0.810342,960.000000
1.156844,960.000000
1.071793,960.000000
1.925448,960.000000
1.389158,960.000000
1.558471,960.000000
2.410551,960.000000
1.853785,960.000000
1.945923,960.000000
1.344270,960.000000
2.140437,960.000000
2.875966,960.000000
4.558862,960.000000
0.994618,960.000000
1.837247,960.000000
1.910485,960.000000
2.286125,960.000000
2.403463,960.000000
3.705208,960.000000
2.310538,960.000000
2.052236,960.000000
0.713479,960.000000
1.107231,960.000000
1.179681,960.000000
2.581439,960.000000
1.649821,960.000000
1.618321,960.000000
2.750752,960.000000
2.325500,960.000000
2.861003,960.000000
1.556108,960.000000
2.570414,960.000000
3.622520,960.000000
5.279429,960.000000
1.132431,960.000000
1.966398,960.000000
2.570414,960.000000
2.535764,960.000000
3.777658,960.000000
4.685650,960.000000
2.797215,960.000000
2.514501,960.000000
0.987530,960.000000
1.348995,960.000000
1.661634,960.000000
3.993434,960.000000
2.949204,960.000000
2.681452,960.000000
4.106047,960.000000
4.384824,960.000000
4.025722,960.000000
2.548364,960.000000
4.416324,960.000000
5.544818,960.000000
8.706647,960.000000
1.852210,960.000000
3.556369,960.000000
4.273786,960.000000
3.627245,960.000000
4.905364,960.000000
8.905098,960.000000
4.754951,960.000000
4.369861,960.000000
1.512796,960.000000
2.552301,960.000000
2.502689,960.000000
2.373538,960.000000
1.632496,960.000000
1.565559,960.000000
2.515289,960.000000
2.530251,960.000000
2.355425,960.000000
1.516733,960.000000
2.984641,960.000000
3.390206,960.000000
5.453467,960.000000
1.234807,960.000000
2.184537,960.000000
2.423151,960.000000
2.237300,960.000000
2.764928,960.000000
4.706913,960.000000
3.303580,960.000000
2.864941,960.000000
1.006430,960.000000
1.442708,960.000000
1.515946,960.000000
2.479063,960.000000
1.723847,960.000000
1.774247,960.000000
2.600339,960.000000
2.657039,960.000000
2.223912,960.000000
1.440345,960.000000
2.794853,960.000000
3.331143,960.000000
5.870057,960.000000
1.122194,960.000000
2.086099,960.000000
2.171149,960.000000
2.415276,960.000000
2.455438,960.000000
4.426562,960.000000
2.802728,960.000000
3.115367,960.000000
0.905630,960.000000
1.608871,960.000000
1.389158,960.000000
0.733166,960.000000
0.679616,960.000000
0.428402,960.000000
0.715054,960.000000
0.806404,960.000000
0.816642,960.000000
0.557553,960.000000
0.918230,960.000000
1.024543,960.000000
1.953798,960.000000
0.415802,960.000000
0.676466,960.000000
0.789079,960.000000
0.732379,960.000000
1.001705,960.000000
1.600996,960.000000
0.937130,960.000000
0.836330,960.000000
0.384302,960.000000
0.479590,960.000000
0.516603,960.000000
1.175744,960.000000
1.026118,960.000000
0.902480,960.000000
1.252919,960.000000
1.604146,960.000000
1.279694,960.000000
0.948155,960.000000
1.968761,960.000000
1.846698,960.000000
3.039767,960.000000
0.596141,960.000000
1.236382,960.000000
1.103293,960.000000
1.185194,960.000000
1.431683,960.000000
2.612939,960.000000
1.474996,960.000000
1.553746,960.000000
0.500853,960.000000
1.273394,960.000000
0.911930,960.000000
0.900905,960.000000
1.044231,960.000000
0.593778,960.000000
1.069431,960.000000
1.587609,960.000000
1.231657,960.000000
0.911930,960.000000
1.575796,960.000000
1.817560,960.000000
2.959441,960.000000
0.637091,960.000000
1.032418,960.000000
1.143456,960.000000
1.193856,960.000000
1.686047,960.000000
2.474338,960.000000
1.433258,960.000000
1.297807,960.000000
0.568578,960.000000
0.939493,960.000000
1.526183,960.000000
43.567340,960.000000
31.820595,960.000000
31.726130,960.000000
48.135518,960.000000
48.352850,960.000000
45.071611,960.000000
29.221849,960.000000
52.637047,960.000000
64.337217,960.000000
102.869427,960.000000
21.566145,960.000000
39.327339,960.000000
43.272740,960.000000
42.527321,960.000000
52.865645,960.000000
86.232020,960.000000
52.051117,960.000000
51.430522,960.000000
17.018231,960.000000
28.934317,960.000000
27.641356,960.000000
