2,20,1,2,134709883,0.758000
3,19,2,3,3,0.736625
3,11,3,3,1,0.348239
3,1,20,2,2,0.364414
0,0,1,3,2,0.280899
2,12,1,2,2,0.252975
0,3,1,2,2,0.233400
2,18,0,0,2,0.199350
2,14,0,2,2,0.171989
0,0,0,2,2,0.170825
0,0,2,0,2,0.153663
0,2,3,3,2,0.144760
3,19,2,0,3,0.157034
3,8,2,3,0,0.188023
3,19,2,0,2,0.136845
0,3,0,0,2,0.130342
3,10,3,3,0,0.126866
3,19,2,3,3,0.119862
2,17,2,3,3,0.150626
0,0,1,3,3,0.113508
0,1,1,3,3,0.112124
2,20,2,2,3,0.114634
3,19,2,3,3,0.127310
0,0,2,2,3,0.110119
0,2,2,3,3,0.091933
3,19,2,2,3,0.093984
3,8,7,3,2,0.109848
2,12,3,3,2,0.097405
3,1,1,3,2,0.095399
0,2,1,2,2,0.095073
3,4,4,3,1,0.086359
0,0,0,2,1,0.078232
0,3,3,3,1,0.081151
2,3,0,2,1,0.080315
2,1,3,3,1,0.080776
2,20,3,3,1,0.091163
0,0,3,3,1,0.081121
2,6,1,3,1,0.065584
0,3,1,2,1,0.066330
0,0,1,1,1,0.066875
3,10,8,3,3,0.066316
0,3,2,3,3,0.070562
0,2,1,3,3,0.059046
0,0,0,3,3,0.057987
2,2,0,2,3,0.052208
3,19,2,3,3,0.052722
3,7,7,3,0,0.074142
2,14,3,0,0,0.055108
0,1,2,3,0,0.058170
2,1,3,0,0,0.051461
0,1,3,0,0,0.048200
0,2,3,3,0,0.049248
2,18,1,1,0,0.048788
2,18,0,2,0,0.047752
0,3,0,0,0,0.056637
2,1,1,3,0,0.054809
0,3,0,1,0,0.050761
0,3,1,3,0,0.046035
0,0,1,3,0,0.046849
2,10,0,2,0,0.048814
3,8,3,2,0,0.045230
2,12,1,2,0,0.047110
3,19,8,2,0,0.054913
0,1,3,3,0,0.040242
0,3,1,2,0,0.040986
0,3,0,0,0,0.040716
0,3,2,2,0,0.038913
2,17,0,0,0,0.039679
2,16,0,0,0,0.040011
3,3,8,0,3,0.040669
2,13,3,3,3,0.041917
0,0,0,0,3,0.040115
0,2,0,2,3,0.041764
0,3,1,2,3,0.038684
0,3,1,1,3,0.037266
0,2,2,1,3,0.036016
0,2,3,3,3,0.040478
0,0,3,2,3,0.036585
2,20,1,3,3,0.040347
0,1,1,1,3,0.043301
2,6,2,0,3,0.035292
3,10,3,0,0,0.043202
2,12,1,3,0,0.045957
0,0,2,0,0,0.037464
2,12,2,0,0,0.035286
2,14,2,0,0,0.031943
2,20,0,0,0,0.041394
0,3,2,0,0,0.040416
0,2,2,0,0,0.032505
0,1,3,1,0,0.031280
0,1,1,2,0,0.029802
2,5,3,1,0,0.030119
0,3,3,3,0,0.030912
2,14,3,1,0,0.035445
0,2,1,3,0,0.034765
0,2,3,1,0,0.033999
0,2,0,1,0,0.029448
0,3,0,0,0,0.032636
3,3,8,3,0,0.032328
3,11,4,3,1,0.030367
2,14,3,3,1,0.029833
0,3,3,3,1,0.029130
2,18,0,3,1,0.027619
2,14,1,3,1,0.031114
0,3,2,3,1,0.029649
2,18,1,3,1,0.034082
3,7,7,3,0,0.029498
0,1,1,3,0,0.027867
0,3,0,3,0,0.028921
0,3,1,2,0,0.026025
0,3,1,2,0,0.025565
0,2,1,2,0,0.025268
0,3,3,3,0,0.023982
2,9,0,2,0,0.029217
2,20,3,0,0,0.032725
0,1,0,2,0,0.031327
2,17,3,0,0,0.024511
2,7,3,1,0,0.029516
3,8,7,0,2,0.029077
3,8,7,0,2,0.028649
0,0,3,1,2,0.026355
2,20,2,3,2,0.025461
2,13,0,3,2,0.028734
0,0,2,3,2,0.024495
0,2,0,3,2,0.018934
2,20,0,0,2,0.023962
2,11,0,1,2,0.025152
3,8,10,0,2,0.024522
2,2,0,1,2,0.020363
0,0,0,0,2,0.022439
2,1,0,1,2,0.022009
2,8,0,3,2,0.020772
3,8,3,1,2,0.028425
2,20,3,0,2,0.025339
2,0,0,1,2,0.022085
0,0,0,3,2,0.021548
3,3,8,0,2,0.019521
3,7,11,1,0,0.020883
2,4,3,2,0,0.019263
3,4,8,1,0,0.020150
3,2,3,1,1,0.022045
0,0,3,0,1,0.020925
3,10,7,3,1,0.018866
3,19,2,3,3,0.048674
2,9,2,1,3,0.051410
3,4,19,0,1,0.029102
3,8,7,0,2,0.026165
2,1,1,2,2,0.020151
2,7,1,3,2,0.019821
2,16,2,0,2,0.023140
2,14,1,3,2,0.020252
2,14,2,0,2,0.022203
0,3,1,2,2,0.019166
0,0,2,0,2,0.020836
0,0,2,0,2,0.027402
2,14,2,1,2,0.021471
0,2,3,3,2,0.018676
0,2,3,3,2,0.018618
0,3,1,3,2,0.019805
2,4,0,0,2,0.018063
2,6,2,0,2,0.018330
2,6,2,0,2,0.019690
2,19,2,1,2,0.024461
0,2,2,3,2,0.019793
0,2,2,3,2,0.025748
0,0,2,0,2,0.018849
0,3,3,0,2,0.016860
0,0,2,1,2,0.018759
2,18,2,0,2,0.020464
2,18,2,2,2,0.022300
0,3,3,3,2,0.016306
3,11,4,1,1,0.016420
0,0,2,0,1,0.017439
2,9,1,3,1,0.017624
2,5,3,0,1,0.019230
2,7,1,3,1,0.017134
3,4,7,0,1,0.019758
2,4,1,3,1,0.017743
2,14,3,0,1,0.018788
0,0,3,2,1,0.017306
0,0,0,0,1,0.016631
3,2,3,3,1,0.016111
0,2,1,3,1,0.017992
0,2,0,0,1,0.016575
3,2,3,3,1,0.018382
2,17,3,0,1,0.018915
2,17,3,3,1,0.019323
0,2,3,0,1,0.019874
2,1,0,2,1,0.015014
2,18,3,0,1,0.018208
2,6,0,1,1,0.016095
2,11,3,0,1,0.016577
0,3,0,1,1,0.017461
0,1,3,0,1,0.016900
0,1,3,0,1,0.022113
0,1,0,1,1,0.014958
2,17,3,1,1,0.015804
2,14,0,2,1,0.015169
0,2,0,2,1,0.015211
0,3,3,1,1,0.014238
3,8,10,2,2,0.017046
3,10,8,1,3,0.017485
2,11,1,0,3,0.018116
2,14,0,0,3,0.019097
0,0,2,2,3,0.015039
0,0,2,2,3,0.015369
2,7,1,0,3,0.018769
2,17,0,0,3,0.018882
2,17,1,0,3,0.015261
2,20,0,0,3,0.018636
0,2,1,0,3,0.017963
2,6,0,0,3,0.018108
2,11,3,3,3,0.015661
3,4,7,0,1,0.017745
2,12,3,3,1,0.015058
2,6,3,0,1,0.015165
0,0,0,0,1,0.015178
2,9,3,0,1,0.013957
2,3,3,0,1,0.014480
0,3,3,1,1,0.013151
0,3,3,3,1,0.016284
2,16,0,0,1,0.018218
0,2,3,0,1,0.013969
0,2,0,0,1,0.015911
2,1,1,1,1,0.014545
2,18,0,0,1,0.017166
0,2,1,1,1,0.016150
0,2,1,2,1,0.016490
0,0,1,3,1,0.012809
3,10,7,0,1,0.013129
0,2,1,0,1,0.015630
3,4,7,0,1,0.016365
2,0,2,2,1,0.013371
0,1,3,0,1,0.013797
0,0,2,0,1,0.013418
0,0,2,0,1,0.013117
2,7,2,0,1,0.017201
2,2,2,3,1,0.015851
2,4,2,2,1,0.012164
3,4,7,3,1,0.016781
0,0,2,2,1,0.012161
0,0,2,2,1,0.014880
0,2,2,3,1,0.014542
0,2,3,2,1,0.011622
0,2,3,2,1,0.017862
0,3,0,0,1,0.014993
0,3,0,0,1,0.014242
2,20,1,2,1,0.015536
2,11,3,1,1,0.015338
0,3,1,2,1,0.014952
3,7,7,1,0,0.012612
0,3,1,2,0,0.013636
2,11,2,3,0,0.011414
3,11,4,3,1,0.011504
0,0,2,3,1,0.011148
2,1,2,1,1,0.010594
0,2,3,1,1,0.012781
0,2,3,1,1,0.015321
0,0,3,1,1,0.011498
0,1,2,1,1,0.011577
0,1,2,3,1,0.014603
0,1,2,1,1,0.011466
2,1,1,0,1,0.014142
2,6,2,2,1,0.015444
0,2,1,0,1,0.014174
0,0,2,2,1,0.014859
0,2,3,1,1,0.012541
0,2,3,3,1,0.014102
0,2,3,3,1,0.012034
0,2,2,3,1,0.013758
0,2,3,2,1,0.014356
0,2,3,2,1,0.010924
0,1,1,3,1,0.013953
0,2,1,1,1,0.010768
2,18,0,1,1,0.014399
2,1,2,1,1,0.014059
2,0,0,1,1,0.014517
2,0,2,0,1,0.012213
0,0,3,0,1,0.011212
0,0,3,0,1,0.012055
3,8,10,3,2,0.010534
0,1,0,1,2,0.013207
0,0,3,0,2,0.010387
2,1,2,0,2,0.012299
2,20,1,2,2,0.013853
2,11,2,1,2,0.013100
0,3,1,2,2,0.013419
0,3,2,1,2,0.012963
2,8,1,1,2,0.013279
3,10,8,0,3,0.015285
0,3,1,1,3,0.012821
0,3,2,0,3,0.011997
0,1,1,0,3,0.012100
0,0,0,0,3,0.011341
0,3,0,3,3,0.010756
3,7,8,1,2,0.010533
2,6,2,0,2,0.013146
0,1,1,3,2,0.010314
2,13,3,2,2,0.009617
3,1,1,1,2,0.009345
0,3,0,1,2,0.011362
0,1,2,1,2,0.011426
0,1,2,3,2,0.010924
0,3,0,0,2,0.011627
0,3,0,0,2,0.012196
0,2,3,1,2,0.010165
0,2,3,0,2,0.009863
0,3,0,0,2,0.011453
0,2,3,2,2,0.012501
0,2,3,3,2,0.011519
0,2,3,3,2,0.009923
2,18,2,2,2,0.009928
2,18,0,0,2,0.012539
0,3,0,0,2,0.012416
2,0,0,0,2,0.011074
2,18,3,3,2,0.013432
0,3,0,0,2,0.012698
3,4,7,2,1,0.011513
2,7,2,0,1,0.010230
2,16,2,3,1,0.012869
2,1,2,0,1,0.011790
3,10,8,0,2,0.012695
3,10,7,2,1,0.009974
3,4,7,0,1,0.012090
0,0,2,0,1,0.010917
0,0,0,0,1,0.012549
2,6,2,2,1,0.008916
0,3,2,2,1,0.009338
2,6,1,2,1,0.009773
0,0,2,1,1,0.010597
0,1,1,2,1,0.011304
0,1,3,0,1,0.009313
2,7,2,2,1,0.008955
3,10,7,2,1,0.011096
2,12,2,2,1,0.009021
2,12,2,2,1,0.012493
2,12,1,0,1,0.010729
0,3,3,3,1,0.008362
2,17,2,0,1,0.010664
2,17,1,2,1,0.012620
2,17,2,0,1,0.011319
0,3,1,2,1,0.012456
2,9,2,1,1,0.011709
2,5,3,3,1,0.010798
0,1,2,0,1,0.008918
2,20,2,2,1,0.011256
0,3,2,1,1,0.011807
0,2,3,3,1,0.011745
0,2,1,0,1,0.010497
2,18,2,2,1,0.011604
2,0,1,0,1,0.010298
0,2,2,2,1,0.011204
0,2,2,2,1,0.009935
3,2,3,1,1,0.008740
3,3,8,2,2,0.009648
2,6,1,3,2,0.009564
2,7,3,3,2,0.010782
2,18,1,2,2,0.010948
2,8,3,3,2,0.011097
2,8,1,2,2,0.011413
3,10,8,2,3,0.008774
2,0,1,2,3,0.011540
2,15,3,3,3,0.008933
0,0,2,2,3,0.009120
3,4,7,2,1,0.009483
0,0,2,2,1,0.008643
2,12,2,1,1,0.008747
2,12,0,0,1,0.010207
2,4,3,0,1,0.009736
0,0,2,3,1,0.010155
0,3,3,0,1,0.010496
0,0,1,3,1,0.010049
0,0,1,3,1,0.009276
0,0,1,0,1,0.010368
0,0,1,0,1,0.009491
2,20,1,2,1,0.010466
2,1,1,0,1,0.010679
2,16,1,2,1,0.011011
0,1,1,0,1,0.010530
2,11,2,1,1,0.010376
3,8,10,0,2,0.007896
3,8,10,1,2,0.009970
0,1,2,1,2,0.008757
0,1,2,3,2,0.009147
0,1,2,1,2,0.009790
0,1,2,3,2,0.008121
3,2,3,0,1,0.008298
2,6,0,0,1,0.008348
2,14,3,2,1,0.008917
0,3,0,3,1,0.009285
0,0,0,0,1,0.008971
0,0,0,0,1,0.008549
2,17,1,2,1,0.008496
2,11,1,1,1,0.009302
0,3,1,2,1,0.010841
2,17,1,2,1,0.010325
2,18,3,0,1,0.009280
0,2,1,1,1,0.010555
0,3,0,0,1,0.009734
0,3,0,0,1,0.008481
2,14,3,0,1,0.009850
2,19,3,3,1,0.009810
2,19,3,0,1,0.010244
2,19,1,2,1,0.009086
2,1,1,0,1,0.008166
2,1,1,0,1,0.011029
2,1,3,0,1,0.011141
2,1,1,2,1,0.009288
2,18,3,0,1,0.010254
2,8,2,1,1,0.010003
0,1,3,0,1,0.009958
0,0,1,0,1,0.008256
3,4,7,2,1,0.008439
0,3,1,2,1,0.010045
0,3,1,2,1,0.008337
2,3,1,3,1,0.007914
2,3,1,3,1,0.009688
0,3,2,1,1,0.010001
3,4,7,0,1,0.010582
2,7,1,3,1,0.008411
0,0,2,0,1,0.010113
0,0,2,0,1,0.011436
0,0,2,0,1,0.010256
0,0,2,0,1,0.008330
0,2,1,3,1,0.007275
0,2,1,3,1,0.009195
0,1,3,2,1,0.008861
0,2,3,2,1,0.008267
0,3,1,1,1,0.008534
0,3,1,3,1,0.007718
2,1,2,3,1,0.009191
2,1,1,3,1,0.008714
0,0,3,0,1,0.007380
0,0,3,3,1,0.009083
0,0,3,3,1,0.009644
0,3,2,1,1,0.010355
0,3,1,2,1,0.009956
2,1,2,0,1,0.009550
2,20,2,1,1,0.009605
3,10,7,0,1,0.009354
2,15,0,0,1,0.007931
0,3,2,3,1,0.008468
3,10,7,1,1,0.009376
2,9,3,0,1,0.007212
2,9,3,3,1,0.008830
2,17,2,1,1,0.007721
2,14,0,0,1,0.007889
0,2,3,2,1,0.007739
0,0,2,0,1,0.007932
2,17,0,0,1,0.009531
2,18,1,3,1,0.007670
0,1,2,1,1,0.007094
0,1,2,3,1,0.008000
0,0,1,0,1,0.006996
2,7,1,0,1,0.008905
0,1,2,1,1,0.008381
3,7,7,3,0,0.008216
0,0,0,0,0,0.007196
0,0,2,0,0,0.007313
0,2,1,0,0,0.008233
2,16,0,0,0,0.009582
2,7,2,0,0,0.009345
0,2,0,0,0,0.009583
2,18,2,3,0,0.007671
0,3,2,3,0,0.007702
0,3,3,2,0,0.007188
0,0,2,2,0,0.007574
0,3,3,3,0,0.009994
0,3,2,1,0,0.009026
2,17,1,3,0,0.007809
0,3,3,1,0,0.009078
0,2,3,1,0,0.007771
0,2,1,3,0,0.007463
3,8,10,2,2,0.007650
2,8,3,3,2,0.007174
2,8,1,2,2,0.007620
0,3,3,0,2,0.008697
0,0,0,0,2,0.008921
0,0,2,3,2,0.007631
0,2,3,0,2,0.007099
0,2,3,3,2,0.008552
0,2,3,1,2,0.007924
0,0,3,0,2,0.007354
0,2,1,2,2,0.007300
0,2,1,2,2,0.009281
0,2,1,2,2,0.007042
0,2,1,0,2,0.008397
2,18,3,3,2,0.009477
0,2,1,1,2,0.009576
0,2,3,3,2,0.009025
2,11,2,1,2,0.008444
0,2,3,0,2,0.008307
3,2,3,1,1,0.007072
0,2,3,2,1,0.007648
2,3,2,3,1,0.006789
2,9,2,3,1,0.007020
3,1,1,3,2,0.006459
3,1,1,1,2,0.007879
0,3,0,1,2,0.007044
2,19,2,1,2,0.007613
1,0.500000
1,0.900000
1,0.400000
1,0.300000
1,0.400000
1,0.400000
1,0.400000
0,0.400000
1,0.500000
1,0.500000
0,0.200000
1,0.400000
0,0.300000
1,0.500000
0,0.300000
0,0.300000
1,0.400000
0,0.400000
1,0.400000
0,0.400000
1,0.500000
0,0.200000
1,0.500000
0,0.400000
1,0.400000
1,0.300000
1,0.500000
1,0.300000
1,0.400000
1,0.300000
1,0.300000
0,0.600000
1,0.300000
1,0.500000
1,0.400000
1,0.300000
1,0.400000
1,0.300000
0,0.400000
1,0.500000
1,0.200000
1,0.100000
1,0.200000
1,0.500000
1,0.500000
1,0.700000
1,0.700000
0,0.200000
1,0.700000
0,0.100000
0,0.100000
0,0.400000
0,0.100000
1,0.500000
0,0.500000
1,0.300000
0,0.500000
1,0.300000
0,0.400000
1,0.500000
1,0.500000
1,0.200000
1,0.500000
1,0.300000
1,0.200000
1,0.300000
1,0.100000
1,0.400000
1,0.400000
1,0.400000
1,0.200000
1,0.400000
1,0.500000
0,0.400000
0,0.100000
1,0.200000
1,0.200000
1,0.300000
0,0.600000
1,0.900000
1,0.200000
1,0.200000
1,0.500000
1,0.200000
0,0.200000
0,0.200000
0,0.500000
1,0.100000
0,0.200000
0,0.100000
1,0.100000
1,0.100000
1,0.500000
1,0.100000
1,0.500000
1,0.100000
0,0.100000
0,0.500000
1,0.700000
0,0.300000
0,0.300000
0,0.300000
1,0.700000
0,0.600000
1,0.400000
0,0.600000
1,0.700000
0,0.600000
1,0.700000
1,0.300000
0,0.400000
1,0.500000
1,0.100000
0,0.100000
0,0.400000
0,0.100000
0,0.300000
1,0.500000
0,0.400000
0,0.200000
1,0.500000
1,0.100000
0,0.300000
1,0.100000
0,0.300000
0,0.700000
0,0.300000
0,0.700000
0,0.300000
0,0.700000
0,0.300000
0,0.900000
0,0.300000
0,0.400000
0,0.300000
0,0.900000
0,0.300000
0,0.400000
1,0.100000
0,0.400000
0,0.300000
0,0.400000
0,0.400000
1,0.400000
1,0.800000
0,0.400000
0,0.400000
1,0.300000
1,0.400000
0,0.400000
1,0.400000
0,0.400000
1,0.300000
1,0.200000
0,0.400000
1,0.400000
0,0.400000
1,0.500000
1,0.100000
1,0.400000
1,0.200000
1,0.200000
1,0.400000
0,0.400000
1,0.200000
1,0.200000
0,0.300000
1,0.400000
0,0.400000
1,0.400000
0,0.300000
0,0.400000
0,0.300000
1,0.400000
0,0.400000
1,0.400000
0,0.400000
1,0.400000
0,0.400000
1,0.100000
1,0.400000
1,0.400000
1,0.400000
0,0.600000
1,0.700000
0,0.400000
1,0.700000
0,0.400000
0,0.600000
0,0.200000
1,0.900000
0,0.200000
1,0.900000
0,0.200000
1,0.100000
0,0.400000
0,0.400000
0,0.600000
0,0.600000
0,0.400000
1,0.400000
1,0.200000
1,0.900000
0,0.500000
1,0.400000
0,0.500000
1,0.900000
0,0.600000
1,0.900000
0,0.600000
1,0.900000
0,0.600000
1,0.700000
0,0.600000
1,0.700000
0,0.200000
0,0.600000
1,0.500000
1,0.500000
1,0.200000
1,0.700000
0,0.800000
1,0.500000
0,0.800000
1,0.900000
0,0.500000
1,0.900000
1,0.200000
0,0.400000
1,0.200000
1,0.900000
0,0.200000
0,0.200000
0,0.200000
1,0.200000
0,0.400000
1,0.900000
0,0.400000
0,0.200000
0,0.400000
0,0.200000
1,0.400000
0,0.400000
0,0.100000
1,0.200000
0,0.500000
1,0.900000
1,0.100000
1,0.500000
1,0.100000
1,0.500000
0,0.400000
1,0.200000
1,0.500000
1,0.200000
1,0.200000
1,0.500000
0,0.400000
1,0.300000
1,0.200000
1,0.500000
1,0.200000
1,0.900000
0,0.600000
1,0.900000
0,0.600000
1,0.500000
1,0.100000
0,0.400000
1,0.500000
0,0.100000
1,0.200000
1,0.300000
1,0.900000
0,0.600000
1,0.800000
0,0.600000
1,0.300000
1,0.100000
0,0.200000
1,0.700000
0,0.600000
1,0.100000
1,0.300000
0,0.900000
1,0.800000
0,0.900000
1,0.800000
0,0.400000
1,0.400000
0,0.400000
1,0.300000
0,0.100000
1,0.400000
1,0.700000
1,0.400000
1,0.900000
0,0.600000
0,0.100000
0,0.200000
1,0.900000
0,0.600000
0,0.100000
0,0.500000
1,0.300000
0,0.200000
0,0.300000
1,0.900000
0,0.100000
0,0.400000
1,0.300000
1,0.300000
0,0.500000
0,0.500000
1,0.900000
0,0.900000
1,0.900000
0,0.200000
1,0.900000
0,0.600000
1,0.900000
0,0.600000
1,0.300000
0,0.600000
1,0.900000
0,0.600000
1,0.300000
1,0.300000
0,0.200000
1,0.400000
0,0.200000
1,0.100000
1,0.400000
0,0.900000
1,0.400000
1,0.400000
1,0.300000
1,0.100000
1,0.900000
0,0.900000
1,0.900000
0,0.900000
1,0.800000
0,0.900000
1,0.900000
1,0.100000
1,0.800000
0,0.900000
1,0.900000
1,0.100000
1,0.300000
1,0.100000
0,0.200000
1,0.100000
1,0.400000
1,0.200000
1,0.500000
0,0.900000
1,0.500000
0,0.900000
1,0.400000
0,0.900000
1,0.500000
1,0.400000
0,0.200000
0,0.200000
1,0.100000
1,0.400000
1,0.600000
0,0.600000
1,0.600000
1,0.200000
0,0.400000
0,0.300000
1,0.900000
0,0.900000
1,0.300000
0,0.900000
1,0.300000
0,0.500000
1,0.200000
1,0.900000
0,0.500000
0,0.100000
1,0.100000
1,0.600000
1,0.400000
1,0.400000
0,0.100000
1,0.700000
1,0.400000
0,0.300000
0,0.900000
1,0.900000
0,0.900000
1,0.500000
0,0.300000
1,0.900000
0,0.500000
1,0.900000
0,0.300000
1,0.500000
0,0.300000
1,0.500000
1,0.100000
1,0.100000
0,0.300000
1,0.500000
0,0.300000
1,0.800000
0,0.300000
1,0.100000
1,0.500000
1,0.500000
0,0.400000
1,0.400000
0,0.300000
1,0.800000
0,0.400000
1,0.400000
0,0.400000
1,0.200000
0,0.300000
1,0.200000
1,0.400000
0,0.200000
0,0.100000
1,0.200000
0,0.200000
0,0.300000
1,0.400000
1,0.200000
0,0.200000
0,0.400000
1,0.200000
1,0.800000
0,0.900000
1,0.600000
0,0.200000
1,0.900000
1,0.400000
1,0.400000
1,0.200000
1,0.400000
1,0.500000
1,0.200000
1,0.400000
0,0.100000
1,0.900000
0,0.800000
1,0.400000
1,0.200000
1,0.600000
0,0.300000
1,0.100000
1,0.200000
0,0.300000
1,0.400000
0,0.300000
1,0.900000
0,0.800000
1,0.600000
0,0.800000
0,0.100000
0,0.100000
1,0.100000
0,0.500000
1,0.700000
0,0.200000
1,0.400000
1,0.200000
0,0.400000
1,0.400000
1,0.200000
0,0.400000
1,0.200000
1,0.600000
0,0.700000
0,0.100000
0,0.300000
0,0.400000
0,0.200000
1,0.400000
1,0.200000
0,0.300000
1,0.200000
1,0.900000
0,0.900000
1,0.900000
0,0.900000
1,0.800000
0,0.400000
1,0.900000
0,0.100000
1,0.200000
0,0.400000
0,0.400000
1,0.900000
1,0.900000
0,0.600000
1,2.567207
0,0.989996
0,0.928414
1,1.150151
0,1.037839
0,0.922888
0,1.157066
1,1.007237
0,1.157066
0,1.179479
0,1.074352
0,1.137426
1,0.989996
0,1.129479
0,1.200850
0,1.238773
0,1.238773
1,0.989996
1,1.389996
1,1.486468
1,1.486468
1,1.486468
1,1.389996
1,0.989996
1,1.636468
1,0.989996
0,1.106090
1,1.486468
1,1.636468
0,1.792073
0,1.792073
0,1.321195
0,1.321195
0,1.321195
0,1.272510
0,1.223650
1,1.615002
0,1.321195
0,1.071666
0,1.271195
0,1.220762
1,1.465002
0,1.321195
0,1.271195
1,0.989996
1,0.989996
1,1.615002
1,1.486468
1,1.644577
1,1.486468
1,1.446219
0,0.866794
0,0.866794
0,1.321195
0,1.223650
1,1.644577
0,1.321195
0,1.321195
0,1.321195
0,1.321195
0,1.321195
1,1.238773
0,1.062452
1,1.544577
1,1.544577
1,1.544577
1,1.544577
1,1.544577
1,1.544577
1,1.348663
1,0.970762
1,0.970762
1,1.446219
1,1.644577
1,1.644577
1,1.644577
1,0.970762
1,1.644577
1,0.970762
1,1.644577
1,0.970762
1,1.238773
1,1.644577
1,1.106090
1,1.106090
0,1.269400
1,0.794908
1,1.644577
1,1.644577
1,1.644577
1,1.644577
1,1.106090
0,1.169400
0,1.173650
1,1.644577
1,1.106090
0,1.269400
0,1.269400
1,1.644577
0,1.269400
1,1.465002
1,1.446219
1,1.446219
1,1.106090
1,1.465002
1,1.106090
1,1.465002
1,1.106090
0,1.234270
1,1.106090
1,1.106090
1,1.592744
1,1.106090
1,1.592744
0,1.309602
1,1.567084
0,1.309602
1,1.592744
1,1.106090
0,1.256090
1,1.592744
1,0.794908
1,1.592744
1,0.794908
0,1.173650
0,1.273650
1,1.592744
0,1.273650
1,1.292744
1,1.242744
1,1.467084
1,1.242744
1,1.549637
0,1.422734
1,1.567084
1,1.242744
1,1.242744
0,1.234270
1,1.567084
0,0.944908
1,1.567084
1,1.106090
0,1.176141
1,0.989996
1,1.606104
0,1.167970
1,1.106090
1,1.336468
0,0.923650
0,1.367084
0,0.923650
0,1.367084
0,1.367084
0,1.367084
0,1.367084
0,0.923650
0,1.367084
0,1.367084
0,1.367084
0,1.367084
0,1.169400
0,1.169400
0,0.923650
0,1.372734
0,1.169400
0,1.169400
0,1.169400
0,0.923650
0,1.372734
0,0.923650
0,1.169400
0,1.169400
0,1.367084
0,1.023650
0,1.367084
0,1.367084
0,1.372734
0,1.367084
0,1.367084
0,1.367084
0,1.367084
0,1.367084
1,1.467084
1,1.172734
1,1.517084
1,1.072734
0,0.923650
1,1.072734
0,1.023650
1,1.072734
0,0.923650
1,1.072734
0,1.023650
1,1.072734
0,1.023650
0,1.023650
1,1.072734
1,1.172734
0,1.023650
0,1.023650
0,1.023650
1,0.970762
0,0.923650
1,1.072734
0,0.923650
1,1.172734
0,0.923650
1,1.072734
0,0.923650
1,1.072734
0,0.923650
1,1.072734
0,0.923650
1,1.072734
0,0.923650
0,1.422734
0,1.422734
0,0.923650
0,0.923650
0,0.923650
0,0.923650
0,1.422734
0,0.923650
0,1.422734
0,0.923650
0,1.422734
0,0.923650
0,1.422734
0,1.367084
0,1.226141
0,0.923650
0,1.422734
1,1.356104
0,1.367084
0,0.923650
0,1.367084
0,0.923650
0,1.367084
0,0.923650
1,1.172734
0,1.215002
0,1.215002
0,1.369400
0,1.215002
0,1.215002
0,1.369400
0,1.215002
0,1.369400
0,1.215002
0,1.272326
0,1.215002
1,1.356104
1,1.356104
0,1.169400
0,0.923650
0,0.923650
0,0.923650
1,1.072734
0,0.923650
0,1.309602
0,0.923650
0,0.923650
0,0.923650
1,1.072734
0,0.923650
1,1.072734
0,0.923650
1,1.072734
0,0.923650
0,0.923650
0,1.309602
1,1.222734
1,1.072734
0,0.923650
1,1.072734
0,0.923650
1,1.072734
1,1.326141
0,0.923650
0,0.923650
0,0.923650
1,1.026141
1,1.592744
1,1.592744
0,1.309602
1,1.592744
0,1.309602
1,1.592744
0,1.309602
1,1.220762
0,1.309602
1,1.592744
0,1.309602
1,1.592744
1,1.592744
0,1.309602
1,1.592744
0,1.586468
0,1.536468
0,1.536468
1,1.592744
0,1.272326
1,1.592744
0,1.272326
1,1.592744
1,1.592744
1,1.592744
1,1.592744
0,1.272326
1,1.026141
1,1.026141
1,1.326141
1,1.026141
1,1.072734
1,1.592744
1,1.072734
1,1.592744
1,1.072734
1,1.592744
0,1.272326
1,1.592744
0,1.272326
1,1.326141
0,1.422734
1,1.592744
1,1.167084
1,1.592744
1,1.592744
1,1.167084
1,1.592744
1,1.167084
1,1.592744
1,1.592744
1,1.026141
0,1.173650
1,1.222734
1,1.420762
1,1.167084
1,1.592744
1,1.167084
1,1.592744
1,1.167084
1,1.592744
1,1.167084
1,1.592744
1,1.167084
1,1.592744
1,1.167084
1,1.592744
1,1.167084
1,1.592744
1,1.167084
1,1.167084
1,1.167084
1,1.592744
0,1.367084
1,1.322326
0,1.367084
1,1.422326
0,1.367084
1,1.420762
0,1.367084
1,1.222734
1,1.222734
1,1.222734
0,1.367084
0,1.173650
0,1.367084
0,1.173650
0,1.422734
1,1.422326
0,1.367084
0,1.322734
0,1.415002
1,1.322326
0,1.422734
1,1.422326
0,1.422734
1,1.422326
0,1.422734
0,1.173650
1,1.223650
0,1.367084
0,1.415002
0,1.367084
0,1.367084
0,1.367084
1,1.467084
0,1.173650
0,1.076141
1,1.486468
0,1.173650
0,1.422734
1,1.322326
0,1.422734
1,1.422326
0,1.422734
1,1.322326
0,1.422734
0,0.923650
0,1.422734
1,1.422326
1,1.336468
0,0.923650
1,1.486468
1,1.467084
0,1.422734
1,1.322326
0,1.422734
1,1.422326
0,1.422734
1,1.467084
0,1.322734
1,1.467084
1,1.172734
0,1.076141
0,1.076141
1,1.467084
1,1.072734
1,1.467084
0,1.665002
0,1.173650
0,1.173650
1,1.467084
1,1.467084
0,1.173650
0,1.173650
1,1.467084
0,1.173650
1,1.467084
1,1.467084
1,1.336468
1,1.467084
0,1.415002
1,1.467084
1,1.322326
1,1.167084
1,1.422326
0,1.715002
0,1.076141
1,1.026141
1,1.506104
1,1.026141
1,1.467084
1,1.467084
0,1.415002
1,1.467084
0,1.415002
1,1.467084
0,1.715002
1,1.467084
0,1.415002
1,1.467084
1,1.467084
1,1.467084
0,1.415002
0,1.415002
0,1.586468
1,1.467084
1,1.467084
0,1.272326
1,1.322326
0,1.272326
0,0.923650
0,1.173650
1,1.467084
0,1.173650
1,1.322326
0,1.173650
1,1.467084
0,1.173650
0,1.173650
1,1.467084
0,1.173650
1,1.223650
0,1.586468
1,1.467084
1,1.167084
1,1.467084
0,1.586468
1,1.467084
1,1.467084
1,1.467084
0,1.586468
1,1.467084
0,1.586468
1,1.467084
0,1.586468
1,1.467084
0,1.586468
1,1.467084
0,1.586468
1,1.467084
0,1.586468
1,1.356104
0,1.586468
0,1.586468
1,1.486468
1,1.506104
0,1.417084
0,0
1,2
1,3
0,0
0,4
0,4
0,1
0,1
0,4
1,2
1,1
1,3
1,2
1,2
1,0
1,5
1,5
1,4
1,5
0,1
0,1
0,1
1,3
0,1
1,4
1,4
1,3
1,4
1,2
1,2
1,2
1,2
1,2
1,2
1,3
0,1
1,3
0,1
1,0
1,3
1,0
1,3
1,1
1,3
1,1
1,1
1,5
0,7
0,0
0,1
1,1
1,1
1,1
0,0
0,3
1,3
1,0
1,0
1,0
1,0
1,4
1,4
1,3
1,3
1,2
1,3
1,3
1,3
1,2
1,2
1,2
0,1
0,1
1,3
0,2
0,2
0,1
0,2
0,1
0,0
0,3
0,2
0,2
1,4
1,4
0,2
0,2
0,0
1,1
1,1
1,3
1,3
1,1
0,8
0,1
1,0
1,1
0,2
0,1
1,4
1,4
1,1
1,1
0,6
0,1
0,2
0,0
0,5
1,3
0,5
0,5
0,1
0,5
0,1
0,2
1,3
0,5
1,3
0,4
1,3
0,0
0,2
0,0
1,0
1,3
0,2
1,5
1,0
1,3
0,4
1,3
0,4
0,1
0,2
0,1
0,2
0,2
0,2
0,1
0,2
1,5
0,2
1,1
0,0
0,0
0,6
1,2
0,2
1,5
0,6
0,2
1,4
1,1
1,1
1,1
0,2
1,1
1,1
0,5
0,1
1,1
0,3
1,3
0,3
1,1
1,3
1,1
1,3
0,3
1,1
0,0
0,0
0,1
0,3
0,7
0,0
0,6
0,0
0,6
1,6
0,1
0,1
1,3
0,1
1,3
0,5
1,6
0,2
1,3
0,2
0,0
0,2
1,5
0,4
1,2
1,2
1,2
1,4
0,5
0,5
1,4
0,5
1,5
0,8
1,5
0,6
1,5
0,5
1,7
0,2
1,5
0,4
1,5
0,5
0,2
1,1
0,6
0,6
0,2
1,3
1,8
0,5
1,8
0,4
1,8
0,4
1,5
0,5
0,2
1,3
1,5
0,2
1,6
1,0
1,3
1,3
1,5
1,0
1,3
0,2
1,3
1,3
0,8
0,2
0,0
0,2
1,3
0,2
1,4
0,5
1,3
0,1
0,1
0,0
0,2
0,2
1,8
0,5
1,8
1,2
1,8
0,0
1,8
0,5
1,8
0,4
1,8
0,4
1,8
1,8
0,8
0,0
0,8
1,8
0,4
1,8
0,8
1,5
1,2
1,8
0,0
0,2
0,0
1,8
0,2
1,5
1,0
1,8
1,0
0,1
0,4
1,7
0,4
0,0
0,0
0,0
0,0
1,2
1,2
1,1
1,6
0,4
0,0
0,4
0,0
0,0
0,0
1,6
0,7
0,2
0,0
0,0
1,1
0,3
0,0
0,4
1,8
0,7
1,6
0,7
1,8
0,2
0,0
0,7
1,7
0,2
1,1
1,3
0,3
1,3
0,5
1,3
1,3
0,2
0,5
1,4
0,3
1,4
1,7
0,5
1,6
0,2
0,2
0,7
1,3
0,2
0,0
0,3
1,5
0,3
0,0
0,5
1,0
0,2
1,5
0,5
1,6
0,5
1,8
0,4
0,5
0,8
0,5
0,0
0,2
0,5
0,5
1,4
1,3
0,2
1,8
0,2
0,0
1,3
1,8
0,2
1,8
0,8
1,8
0,2
0,5
0,1
0,7
1,3
0,8
0,5
0,5
0,0
0,6
0,2
0,2
0,2
0,5
1,5
0,5
1,6
0,5
1,4
1,0
1,4
1,0
1,4
0,2
1,1
0,2
1,3
0,4
1,8
0,5
1,8
0,2
0,2
1,3
1,8
0,2
0,2
1,1
1,8
0,2
1,5
0,2
0,5
0,5
1,3
1,3
0,7
0,2
1,4
0,2
1,3
1,3
0,2
1,4
1,4
1,8
1,8
0,2
1,8
0,2
1,5
1,4
1,5
0,8
0,6
1,7
1,2
1,4
0,0
0,1
0,5
0,0
0,6
1,7
0,6
0,0
0,7
0,5
0,6
1,1
1,7
0,8
1,7
0,5
1,1
0,6
1,6
0,5
1,5
0,5
1,6
0,5
1,0
1,3
1,0
0,1
1,0
1,5
0,5
1,3
0,6
0,6
1,3
1,3
1,2
1,3
0,6
1,5
0,5
1,5
0,5
1,3
0,2
1,4
0,2
0,2
0,6
0,7
1,4
1,7
0,2
17.191732,1920.000000
4.139456,1920.000000
4.070163,1920.000000
6.950207,1920.000000
4.029633,1920.000000
14.659460,1920.000000
4.170087,1920.000000
3.318214,1920.000000
4.036170,1920.000000
14.024804,1920.000000
2.089993,1920.000000
2.429920,1920.000000
12.882125,1920.000000
6.429670,1920.000000
10.918765,1920.000000
13.799742,1920.000000
7.508472,1920.000000
8.129306,1920.000000
3.510964,1920.000000
1.760338,1920.000000
1.734190,1920.000000
3.872744,1920.000000
3.300844,1920.000000
1.442076,1920.000000
1.790222,1920.000000
2.336347,1920.000000
5.207425,1920.000000
2.400036,1920.000000
1.845880,1920.000000
1.685815,1920.000000
7.107843,1920.000000
0.827779,1920.000000
1.131286,1920.000000
6.393809,1920.000000
2.790393,1920.000000
4.712476,1920.000000
6.753161,1920.000000
3.271894,1920.000000
3.182430,1920.000000
2.142663,1920.000000
1.026319,1920.000000
1.297887,1920.000000
3.669721,1920.000000
1.747451,1920.000000
1.966536,1920.000000
2.668990,1920.000000
2.409375,1920.000000
4.356860,1920.000000
2.080841,1920.000000
2.276019,1920.000000
2.078226,1920.000000
6.243083,1920.000000
1.029307,1920.000000
1.485781,1920.000000
5.010753,1920.000000
2.529470,1920.000000
3.851451,1920.000000
5.336299,1920.000000
3.153667,1920.000000
3.196998,1920.000000
1.119892,1920.000000
1.296767,1920.000000
0.670329,1920.000000
7.896774,1920.000000
1.964294,1920.000000
4.387117,1920.000000
7.665361,1920.000000
2.209341,1920.000000
7.434883,1920.000000
2.206353,1920.000000
3.066257,1920.000000
4.941460,1920.000000
7.492409,1920.000000
1.696835,1920.000000
2.961290,1920.000000
5.917724,1920.000000
3.917756,1920.000000
6.526231,1920.000000
5.835731,1920.000000
4.743481,1920.000000
4.829396,1920.000000
1.290977,1920.000000
1.385671,1920.000000
0.960388,1920.000000
2.708212,1920.000000
2.409749,1920.000000
1.460380,1920.000000
1.913305,1920.000000
3.497890,1920.000000
3.367148,1920.000000
2.001649,1920.000000
2.375009,1920.000000
2.114273,1920.000000
8.274056,1920.000000
0.947688,1920.000000
1.342339,1920.000000
5.423896,1920.000000
2.864728,1920.000000
3.340066,1920.000000
6.424253,1920.000000
2.840448,1920.000000
2.872946,1920.000000
1.428629,1920.000000
1.572444,1920.000000
1.260346,1920.000000
13.334490,1920.000000
5.013928,1920.000000
5.183892,1920.000000
7.290881,1920.000000
4.390853,1920.000000
15.147125,1920.000000
5.414557,1920.000000
4.344159,1920.000000
5.568832,1920.000000
14.000337,1920.000000
2.150881,1920.000000
3.457920,1920.000000
13.347004,1920.000000
6.893241,1920.000000
13.872584,1920.000000
14.332980,1920.000000
8.208125,1920.000000
7.383521,1920.000000
3.570544,1920.000000
2.218866,1920.000000
2.262011,1920.000000
3.180749,1920.000000
2.559728,1920.000000
1.381562,1920.000000
1.823654,1920.000000
2.201683,1920.000000
4.646358,1920.000000
3.240329,1920.000000
1.746143,1920.000000
1.461874,1920.000000
7.485312,1920.000000
0.756618,1920.000000
1.058071,1920.000000
6.490931,1920.000000
3.375180,1920.000000
5.115533,1920.000000
5.566590,1920.000000
3.164126,1920.000000
2.850907,1920.000000
1.386978,1920.000000
1.060312,1920.000000
1.088701,1920.000000
2.919640,1920.000000
2.067580,1920.000000
1.545549,1920.000000
1.859328,1920.000000
2.886581,1920.000000
2.709706,1920.000000
1.856339,1920.000000
2.396675,1920.000000
2.360254,1920.000000
6.514651,1920.000000
1.044996,1920.000000
1.623433,1920.000000
4.517298,1920.000000
2.845117,1920.000000
3.328300,1920.000000
5.745146,1920.000000
3.317280,1920.000000
2.564770,1920.000000
1.284066,1920.000000
1.600834,1920.000000
1.042568,1920.000000
5.021773,1920.000000
1.765381,1920.000000
2.862674,1920.000000
4.698842,1920.000000
1.822720,1920.000000
4.997305,1920.000000
1.774720,1920.000000
2.844183,1920.000000
5.802672,1920.000000
5.755045,1920.000000
1.696835,1920.000000
2.493236,1920.000000
4.530185,1920.000000
2.995656,1920.000000
5.048481,1920.000000
5.174366,1920.000000
4.107144,1920.000000
3.786641,1920.000000
1.256424,1920.000000
1.545549,1920.000000
1.050600,1920.000000
11.958345,1920.000000
7.198055,1920.000000
5.342089,1920.000000
8.516861,1920.000000
6.460114,1920.000000
13.967465,1920.000000
6.790889,1920.000000
4.966861,1920.000000
6.894175,1920.000000
21.698944,1920.000000
2.739217,1920.000000
3.905055,1920.000000
18.643707,1920.000000
10.332857,1920.000000
13.787415,1920.000000
16.945004,1920.000000
8.944572,1920.000000
8.681782,1920.000000
4.628241,1920.000000
3.626016,1920.000000
3.575027,1920.000000
2.547027,1920.000000
0.896512,1920.000000
1.190306,1920.000000
1.971579,1920.000000
0.893150,1920.000000
2.292642,1920.000000
0.649037,1920.000000
0.999050,1920.000000
1.576740,1920.000000
2.657784,1920.000000
0.766144,1920.000000
0.933306,1920.000000
2.176469,1920.000000
1.177979,1920.000000
1.977929,1920.000000
2.488380,1920.000000
1.897803,1920.000000
1.680586,1920.000000
0.740556,1920.000000
0.558639,1920.000000
0.435182,1920.000000
2.387709,1920.000000
1.378760,1920.000000
1.260346,1920.000000
1.729520,1920.000000
1.803669,1920.000000
2.841568,1920.000000
1.413313,1920.000000
2.027797,1920.000000
2.034521,1920.000000
4.578373,1920.000000
0.838425,1920.000000
1.326650,1920.000000
3.462403,1920.000000
1.949539,1920.000000
2.760509,1920.000000
4.117977,1920.000000
2.403025,1920.000000
2.348674,1920.000000
0.904916,1920.000000
1.047985,1920.000000
0.678547,1920.000000
16.241803,1920.000000
5.509998,1920.000000
4.515430,1920.000000
7.531258,1920.000000
4.297840,1920.000000
17.694152,1920.000000
5.504395,1920.000000
3.214741,1920.000000
4.285326,1920.000000
14.608844,1920.000000
1.918348,1920.000000
2.757894,1920.000000
16.326038,1920.000000
7.630622,1920.000000
14.149382,1920.000000
17.240853,1920.000000
8.574947,1920.000000
8.034986,1920.000000
4.278975,1920.000000
2.087752,1920.000000
2.533019,1920.000000
6.899965,1920.000000
2.281622,1920.000000
3.433079,1920.000000
5.626731,1920.000000
1.806284,1920.000000
7.357933,1920.000000
3.030023,1920.000000
2.565891,1920.000000
3.711932,1920.000000
7.885007,1920.000000
1.521642,1920.000000
2.332424,1920.000000
7.894159,1920.000000
4.685581,1920.000000
7.407801,1920.000000
6.032963,1920.000000
4.312595,1920.000000
4.665970,1920.000000
1.672928,1920.000000
1.195909,1920.000000
1.320113,1920.000000
12.483738,1920.000000
4.657938,1920.000000
4.736570,1920.000000
7.427039,1920.000000
3.240890,1920.000000
13.958687,1920.000000
4.337809,1920.000000
3.751715,1920.000000
6.184249,1920.000000
12.191438,1920.000000
2.288906,1920.000000
3.537112,1920.000000
13.028369,1920.000000
5.957694,1920.000000
15.905985,1920.000000
12.723181,1920.000000
7.839994,1920.000000
6.892120,1920.000000
3.445406,1920.000000
1.832432,1920.000000
2.021073,1920.000000
12.834498,1920.000000
6.940121,1920.000000
4.374230,1920.000000
6.451896,1920.000000
5.888401,1920.000000
13.439457,1920.000000
5.380938,1920.000000
4.686141,1920.000000
5.078739,1920.000000
18.537433,1920.000000
2.668990,1920.000000
3.226508,1920.000000
16.823041,1920.000000
8.143875,1920.000000
13.225415,1920.000000
21.469773,1920.000000
10.007125,1920.000000
8.524145,1920.000000
5.461063,1920.000000
2.821957,1920.000000
3.158709,1920.000000
8.280406,1920.000000
3.619106,1920.000000
2.690656,1920.000000
4.381140,1920.000000
3.204656,1920.000000
7.929459,1920.000000
3.160764,1920.000000
2.879110,1920.000000
3.308502,1920.000000
9.709034,1920.000000
1.800121,1920.000000
2.063471,1920.000000
8.596426,1920.000000
4.448192,1920.000000
7.190584,1920.000000
10.859931,1920.000000
6.219736,1920.000000
5.597408,1920.000000
2.941866,1920.000000
1.724664,1920.000000
1.649768,1920.000000
6.686856,1920.000000
3.626390,1920.000000
2.933087,1920.000000
4.152530,1920.000000
3.654966,1920.000000
6.681627,1920.000000
2.934581,1920.000000
3.139285,1920.000000
3.325871,1920.000000
10.592098,1920.000000
1.525751,1920.000000
2.205792,1920.000000
8.539834,1920.000000
4.323241,1920.000000
5.845816,1920.000000
8.819247,1920.000000
5.502527,1920.000000
5.083595,1920.000000
2.197574,1920.000000
2.020326,1920.000000
1.537891,1920.000000
3.527026,1920.000000
1.492318,1920.000000
1.397064,1920.000000
2.135379,1920.000000
1.033790,1920.000000
3.806252,1920.000000
1.272673,1920.000000
1.256611,1920.000000
2.011361,1920.000000
4.095751,1920.000000
0.935921,1920.000000
1.220003,1920.000000
4.104342,1920.000000
1.748198,1920.000000
4.395709,1920.000000
3.973975,1920.000000
2.925430,1920.000000
1.954582,1920.000000
1.369795,1920.000000
0.515681,1920.000000
0.756805,1920.000000
1.558249,1920.000000
1.042382,1920.000000
1.093371,1920.000000
1.361577,1920.000000
1.668072,1920.000000
1.988388,1920.000000
1.132780,1920.000000
1.426574,1920.000000
1.321421,1920.000000
3.785707,1920.000000
0.649597,1920.000000
0.957213,1920.000000
2.328876,1920.000000
1.416488,1920.000000
2.181325,1920.000000
2.909741,1920.000000
1.630717,1920.000000
1.623620,1920.000000
0.627371,1920.000000
0.917057,1920.000000
0.465439,1920.000000
2.382106,1920.000000
0.896138,1920.000000
0.909025,1920.000000
1.418543,1920.000000
0.738875,1920.000000
2.771342,1920.000000
0.894457,1920.000000
0.968233,1920.000000
1.455524,1920.000000
2.466901,1920.000000
0.533051,1920.000000
0.941898,1920.000000
2.390324,1920.000000
1.177045,1920.000000
2.744820,1920.000000
2.568879,1920.000000
1.691792,1920.000000
1.454777,1920.000000
0.683777,1920.000000
0.331523,1920.000000
1.078429,1920.000000
15.717935,1920.000000
4.742912,1920.000000
4.274467,1920.000000
6.567008,1920.000000
3.786597,1920.000000
13.587146,1920.000000
4.273720,1920.000000
3.714126,1920.000000
4.289409,1920.000000
13.549229,1920.000000
2.082600,1920.000000
2.757998,1920.000000
13.752633,1920.000000
6.230991,1920.000000
11.907057,1920.000000
13.695852,1920.000000
7.781267,1920.000000
7.625866,1920.000000
3.532202,1920.000000
1.984167,1920.000000
1.934297,1920.000000
4.547166,1920.000000
3.074404,1920.000000
1.725476,1920.000000
2.608574,1920.000000
2.147600,1920.000000
5.149719,1920.000000
2.420486,1920.000000
1.754614,1920.000000
1.990891,1920.000000
6.528345,1920.000000
0.960985,1920.000000
1.294761,1920.000000
5.814284,1920.000000
2.827107,1920.000000
4.967795,1920.000000
6.245746,1920.000000
3.156961,1920.000000
3.130625,1920.000000
1.811022,1920.000000
1.022249,1920.000000
1.340709,1920.000000
4.279884,1920.000000
1.657862,1920.000000
2.658257,1920.000000
3.700304,1920.000000
1.935044,1920.000000
5.095553,1920.000000
1.817559,1920.000000
2.063362,1920.000000
2.375472,1920.000000
5.517116,1920.000000
0.921200,1920.000000
1.611914,1920.000000
4.056681,1920.000000
2.642754,1920.000000
4.029785,1920.000000
4.702754,1920.000000
2.747351,1920.000000
3.358310,1920.000000
1.096214,1920.000000
1.241155,1920.000000
0.669981,1920.000000
6.821403,1920.000000
2.345027,1920.000000
3.269589,1920.000000
6.585686,1920.000000
2.677869,1920.000000
7.385666,1920.000000
2.520787,1920.000000
2.984936,1920.000000
3.961984,1920.000000
9.000382,1920.000000
1.633954,1920.000000
2.177111,1920.000000
6.343432,1920.000000
4.550715,1920.000000
6.667683,1920.000000
6.881733,1920.000000
4.307340,1920.000000
4.874592,1920.000000
1.681209,1920.000000
1.576799,1920.000000
1.084073,1920.000000
3.615133,1920.000000
1.983420,1920.000000
2.131163,1920.000000
2.905181,1920.000000
3.506426,1920.000000
4.094037,1920.000000
1.774039,1920.000000
2.334193,1920.000000
2.721015,1920.000000
6.447843,1920.000000
1.021688,1920.000000
1.877702,1920.000000
4.328633,1920.000000
2.552166,1920.000000
3.703666,1920.000000
5.593509,1920.000000
3.152665,1920.000000
3.309186,1920.000000
1.126098,1920.000000
1.281313,1920.000000
0.980783,1920.000000
12.996546,1920.000000
5.502734,1920.000000
4.760469,1920.000000
7.270983,1920.000000
4.072184,1920.000000
18.104054,1920.000000
5.204633,1920.000000
3.905016,1920.000000
4.778774,1920.000000
13.676613,1920.000000
2.107629,1920.000000
2.941603,1920.000000
13.049218,1920.000000
7.297693,1920.000000
14.035792,1920.000000
13.744415,1920.000000
7.179834,1920.000000
7.863637,1920.000000
4.072184,1920.000000
2.293849,1920.000000
2.534048,1920.000000
4.497483,1920.000000
2.286004,1920.000000
1.998549,1920.000000
2.710182,1920.000000
1.799255,1920.000000
5.378525,1920.000000
3.205523,1920.000000
1.556440,1920.000000
1.842027,1920.000000
6.498460,1920.000000
0.697064,1920.000000
1.324086,1920.000000
5.932516,1920.000000
3.186845,1920.000000
4.523258,1920.000000
4.959390,1920.000000
2.655455,1920.000000
3.070294,1920.000000
1.347246,1920.000000
1.115265,1920.000000
1.058857,1920.000000
3.817416,1920.000000
1.578107,1920.000000
2.027313,1920.000000
2.954117,1920.000000
2.214654,1920.000000
3.948349,1920.000000
1.651325,1920.000000
2.365946,1920.000000
2.823184,1920.000000
5.297089,1920.000000
0.996846,1920.000000
1.856409,1920.000000
3.658839,1920.000000
2.515744,1920.000000
3.536125,1920.000000
5.040453,1920.000000
3.292937,1920.000000
3.144446,1920.000000
1.142161,1920.000000
1.272721,1920.000000
0.896919,1920.000000
4.262700,1920.000000
1.901423,1920.000000
2.202513,1920.000000
3.920145,1920.000000
2.723257,1920.000000
4.550342,1920.000000
2.006394,1920.000000
2.732596,1920.000000
5.815778,1920.000000
7.064217,1920.000000
1.410938,1920.000000
2.083347,1920.000000
4.598344,1920.000000
3.408927,1920.000000
5.118901,1920.000000
5.947271,1920.000000
3.794068,1920.000000
3.454875,1920.000000
1.460248,1920.000000
1.499285,1920.000000
1.045409,1920.000000
13.727791,1920.000000
6.068679,1920.000000
5.911036,1920.000000
8.728430,1920.000000
6.547957,1920.000000
14.214354,1920.000000
6.201293,1920.000000
5.673638,1920.000000
7.273411,1920.000000
21.109162,1920.000000
3.064504,1920.000000
4.576304,1920.000000
17.278485,1920.000000
8.683976,1920.000000
13.089376,1920.000000
17.912043,1920.000000
9.929240,1920.000000
9.519258,1920.000000
3.941064,1920.000000
3.276313,1920.000000
2.876790,1920.000000
1.978190,1920.000000
0.884218,1920.000000
0.947350,1920.000000
1.488826,1920.000000
1.031774,1920.000000
1.982860,1920.000000
0.739276,1920.000000
1.092104,1920.000000
1.404961,1920.000000
3.089720,1920.000000
0.775138,1920.000000
0.870770,1920.000000
2.296090,1920.000000
1.309517,1920.000000
2.101839,1920.000000
3.081501,1920.000000
1.968104,1920.000000
1.673365,1920.000000
0.754032,1920.000000
0.568746,1920.000000
0.469005,1920.000000
2.658070,1920.000000
1.384976,1920.000000
1.527489,1920.000000
2.172815,1920.000000
1.730893,1920.000000
2.877537,1920.000000
1.260207,1920.000000
1.787114,1920.000000
2.171134,1920.000000
4.154928,1920.000000
0.769722,1920.000000
1.537202,1920.000000
2.956732,1920.000000
1.922343,1920.000000
2.835698,1920.000000
3.938449,1920.000000
2.644062,1920.000000
2.341104,1920.000000
0.862551,1920.000000
1.110035,1920.000000
0.651490,1920.000000
14.369942,1920.000000
5.820448,1920.000000
4.343202,1920.000000
6.314295,1920.000000
4.460313,1920.000000
13.836497,1920.000000
5.647115,1920.000000
3.827689,1920.000000
4.365803,1920.000000
16.690874,1920.000000
2.186077,1920.000000
2.939175,1920.000000
21.124851,1920.000000
7.248570,1920.000000
12.949291,1920.000000
17.110943,1920.000000
9.527102,1920.000000
7.397620,1920.000000
4.085445,1920.000000
2.214094,1920.000000
2.477454,1920.000000
6.099310,1920.000000
2.790124,1920.000000
2.555341,1920.000000
4.256349,1920.000000
2.581117,1920.000000
6.649192,1920.000000
3.275566,1920.000000
2.491089,1920.000000
3.235782,1920.000000
10.003953,1920.000000
1.312879,1920.000000
1.883306,1920.000000
8.199842,1920.000000
5.276917,1920.000000
6.575227,1920.000000
7.271917,1920.000000
4.083391,1920.000000
4.242714,1920.000000
1.998736,1920.000000
1.451656,1920.000000
1.407390,1920.000000
11.792934,1920.000000
5.322865,1920.000000
3.642403,1920.000000
6.316349,1920.000000
3.708710,1920.000000
13.140554,1920.000000
5.044936,1920.000000
3.458050,1920.000000
4.938845,1920.000000
14.002545,1920.000000
2.101839,1920.000000
2.576634,1920.000000
13.846023,1920.000000
7.003514,1920.000000
15.559172,1920.000000
13.737877,1920.000000
7.157794,1920.000000
6.339136,1920.000000
4.157729,1920.000000
2.004900,1920.000000
2.595312,1920.000000
13.517477,1920.000000
6.598948,1920.000000
5.011315,1920.000000
7.285179,1920.000000
5.618164,1920.000000
13.538022,1920.000000
5.403180,1920.000000
4.831072,1920.000000
5.895907,1920.000000
17.439489,1920.000000
2.954117,1920.000000
3.759327,1920.000000
16.416307,1920.000000
7.483913,1920.000000
13.654947,1920.000000
20.181237,1920.000000
10.706807,1920.000000
8.155014,1920.000000
4.855914,1920.000000
2.840181,1920.000000
2.997824,1920.000000
8.186954,1920.000000
3.433395,1920.000000
2.812351,1920.000000
4.370099,1920.000000
2.997263,1920.000000
7.418726,1920.000000
2.791618,1920.000000
3.139964,1920.000000
3.837961,1920.000000
9.303713,1920.000000
1.858464,1920.000000
2.325601,1920.000000
8.902136,1920.000000
4.247944,1920.000000
7.793034,1920.000000
10.686074,1920.000000
7.253986,1920.000000
4.875900,1920.000000
2.683099,1920.000000
1.668135,1920.000000
1.670937,1920.000000
7.553022,1920.000000
2.866144,1920.000000
3.257075,1920.000000
4.718444,1920.000000
3.345982,1920.000000
8.095618,1920.000000
2.892666,1920.000000
3.310867,1920.000000
3.623164,1920.000000
9.495723,1920.000000
1.682330,1920.000000
2.337555,1920.000000
7.081962,1920.000000
4.081336,1920.000000
6.504997,1920.000000
8.281091,1920.000000
5.145610,1920.000000
5.971926,1920.000000
2.017414,1920.000000
1.753307,1920.000000
1.314186,1920.000000
2.977465,1920.000000
1.844829,1920.000000
1.106860,1920.000000
1.729586,1920.000000
1.305034,1920.000000
3.573481,1920.000000
1.413553,1920.000000
1.100509,1920.000000
1.507130,1920.000000
4.672122,1920.000000
0.802221,1920.000000
0.944548,1920.000000
4.335918,1920.000000
2.082974,1920.000000
4.056494,1920.000000
4.559307,1920.000000
2.601849,1920.000000
1.953162,1920.000000
1.755174,1920.000000
0.662510,1920.000000
0.945108,1920.000000
2.062988,1920.000000
1.192405,1920.000000
1.280192,1920.000000
1.716324,1920.000000
1.391700,1920.000000
2.147413,1920.000000
1.018139,1920.000000
1.209589,1920.000000
1.476872,1920.000000
3.207391,1920.000000
0.627395,1920.000000
1.079217,1920.000000
2.140315,1920.000000
1.551210,1920.000000
2.010690,1920.000000
2.627438,1920.000000
1.557187,1920.000000
1.811395,1920.000000
0.611892,1920.000000
0.898040,1920.000000
0.467885,1920.000000
1.965489,1920.000000
1.265623,1920.000000
0.681188,1920.000000
1.070438,1920.000000
0.950338,1920.000000
2.348015,1920.000000
1.116759,1920.000000
0.844807,1920.000000
1.140854,1920.000000
2.977651,1920.000000
0.461534,1920.000000
0.655412,1920.000000
2.613056,1920.000000
1.532719,1920.000000
2.495011,1920.000000
2.873241,1920.000000
1.644974,1920.000000
1.263755,1920.000000
0.906445,1920.000000
0.449020,1920.000000
1.240221,1920.000000
14.328545,1920.000000
4.697979,1920.000000
4.022916,1920.000000
6.658910,1920.000000
3.760662,1920.000000
13.456605,1920.000000
4.534723,1920.000000
3.676793,1920.000000
4.460754,1920.000000
13.778259,1920.000000
2.060117,1920.000000
2.704359,1920.000000
14.328919,1920.000000
6.564020,1920.000000
12.322597,1920.000000
13.740714,1920.000000
8.115879,1920.000000
7.225633,1920.000000
3.359808,1920.000000
1.974754,1920.000000
2.019210,1920.000000
4.621021,1920.000000
3.222704,1920.000000
1.751538,1920.000000
2.450323,1920.000000
2.058436,1920.000000
5.140673,1920.000000
2.216088,1920.000000
1.671218,1920.000000
1.987829,1920.000000
6.371999,1920.000000
0.961226,1920.000000
1.391966,1920.000000
5.932106,1920.000000
2.781130,1920.000000
4.705450,1920.000000
6.566635,1920.000000
3.458434,1920.000000
3.097554,1920.000000
1.874073,1920.000000
1.029965,1920.000000
1.230392,1920.000000
4.211015,1920.000000
1.630498,1920.000000
2.572298,1920.000000
3.304705,1920.000000
1.919090,1920.000000
4.662675,1920.000000
1.962799,1920.000000
2.012112,1920.000000
2.562771,1920.000000
5.699925,1920.000000
0.915276,1920.000000
1.524588,1920.000000
4.354470,1920.000000
2.687548,1920.000000
4.151428,1920.000000
4.894296,1920.000000
2.924772,1920.000000
3.250722,1920.000000
1.031459,1920.000000
1.204054,1920.000000
0.703641,1920.000000
7.166794,1920.000000
2.342171,1920.000000
3.413231,1920.000000
6.232840,1920.000000
2.704733,1920.000000
7.483778,1920.000000
2.521117,1920.000000
2.689229,1920.000000
4.439460,1920.000000
8.156039,1920.000000
1.479944,1920.000000
2.157062,1920.000000
6.484260,1920.000000
4.440020,1920.000000
7.230863,1920.000000
7.058269,1920.000000
4.232869,1920.000000
4.683596,1920.000000
1.666922,1920.000000
1.634794,1920.000000
1.115889,1920.000000
3.595352,1920.000000
2.052645,1920.000000
2.065534,1920.000000
2.759089,1920.000000
3.395299,1920.000000
4.045518,1920.000000
1.829430,1920.000000
2.293232,1920.000000
2.538115,1920.000000
6.796948,1920.000000
1.119998,1920.000000
1.749484,1920.000000
4.413870,1920.000000
2.516821,1920.000000
3.638500,1920.000000
5.552547,1920.000000
3.159382,1920.000000
3.210936,1920.000000
1.241039,1920.000000
1.434741,1920.000000
1.028658,1920.000000
13.431015,1920.000000
5.170746,1920.000000
4.877858,1920.000000
7.414105,1920.000000
4.337472,1920.000000
17.840028,1920.000000
5.150386,1920.000000
3.874417,1920.000000
4.604583,1920.000000
14.197791,1920.000000
2.123626,1920.000000
2.872284,1920.000000
13.362462,1920.000000
6.990464,1920.000000
13.554857,1920.000000
13.655911,1920.000000
7.451277,1920.000000
7.895092,1920.000000
3.913643,1920.000000
2.239436,1920.000000
2.440984,1920.000000
4.300301,1920.000000
2.249710,1920.000000
1.906949,1920.000000
2.705293,1920.000000
1.836155,1920.000000
5.211840,1920.000000
2.752551,1920.000000
1.747429,1920.000000
2.044240,1920.000000
6.512279,1920.000000
0.766403,1920.000000
1.360772,1920.000000
5.995055,1920.000000
3.162370,1920.000000
4.531921,1920.000000
5.169252,1920.000000
3.069722,1920.000000
2.986040,1920.000000
1.280825,1920.000000
1.061906,1920.000000
0.992607,1920.000000
3.608053,1920.000000
1.739957,1920.000000
1.930484,1920.000000
2.696514,1920.000000
2.386814,1920.000000
3.676419,1920.000000
1.730805,1920.000000
2.488429,1920.000000
2.612831,1920.000000
6.042500,1920.000000
1.139051,1920.000000
1.835034,1920.000000
3.800822,1920.000000
2.348149,1920.000000
3.423878,1920.000000
4.926611,1920.000000
3.110442,1920.000000
3.187587,1920.000000
1.104121,1920.000000
1.364881,1920.000000
0.876610,1920.000000
4.470841,1920.000000
1.941692,1920.000000
2.496274,1920.000000
4.296938,1920.000000
2.582945,1920.000000
4.715724,1920.000000
1.981105,1920.000000
2.605547,1920.000000
5.343341,1920.000000
6.869423,1920.000000
1.325468,1920.000000
2.177422,1920.000000
4.641754,1920.000000
3.252964,1920.000000
5.093041,1920.000000
5.979925,1920.000000
3.659047,1920.000000
3.633457,1920.000000
1.414941,1920.000000
1.405602,1920.000000
1.071620,1920.000000
14.219086,1920.000000
6.055201,1920.000000
5.653601,1920.000000
8.562309,1920.000000
6.462779,1920.000000
14.316964,1920.000000
6.499017,1920.000000
5.795188,1920.000000
7.079563,1920.000000
21.317514,1920.000000
3.201596,1920.000000
4.448052,1920.000000
16.352798,1920.000000
9.052449,1920.000000
13.210788,1920.000000
17.262283,1920.000000
9.596010,1920.000000
9.761694,1920.000000
4.388840,1920.000000
3.312550,1920.000000
3.058515,1920.000000
2.085707,1920.000000
0.968137,1920.000000
0.893234,1920.000000
1.400558,1920.000000
1.097023,1920.000000
2.094113,1920.000000
0.852514,1920.000000
1.155675,1920.000000
1.323974,1920.000000
3.177127,1920.000000
0.817210,1920.000000
0.875302,1920.000000
2.161918,1920.000000
1.194715,1920.000000
2.046855,1920.000000
3.008081,1920.000000
1.827562,1920.000000
1.687096,1920.000000
0.747537,1920.000000
0.602401,1920.000000
0.491447,1920.000000
2.780009,1920.000000
1.227403,1920.000000
1.573340,1920.000000
2.162292,1920.000000
1.739584,1920.000000
2.857528,1920.000000
1.385802,1920.000000
1.843440,1920.000000
2.179850,1920.000000
4.521088,1920.000000
0.798531,1920.000000
1.518797,1920.000000
2.927201,1920.000000
1.768163,1920.000000
2.797754,1920.000000
3.893096,1920.000000
2.379343,1920.000000
2.475167,1920.000000
0.825242,1920.000000
1.019878,1920.000000
0.619399,1920.000000
14.143996,1920.000000
5.993000,1920.000000
4.179073,1920.000000
6.318763,1920.000000
4.545557,1920.000000
13.623596,1920.000000
5.736910,1920.000000
3.840795,1920.000000
4.672201,1920.000000
16.626634,1920.000000
2.279223,1920.000000
2.816247,1920.000000
20.184627,1920.000000
7.643485,1920.000000
13.483316,1920.000000
16.887581,1920.000000
9.143976,1920.000000
7.579415,1920.000000
4.329627,1920.000000
2.276421,1920.000000
2.639543,1920.000000
6.526475,1920.000000
2.725840,1920.000000
2.802985,1920.000000
4.699286,1920.000000
2.513085,1920.000000
7.333038,1920.000000
3.118288,1920.000000
2.365707,1920.000000
3.450589,1920.000000
8.874624,1920.000000
1.236929,1920.000000
1.862679,1920.000000
7.805806,1920.000000
5.034202,1920.000000
6.866995,1920.000000
7.302404,1920.000000
4.124904,1920.000000
4.258646,1920.000000
1.949163,1920.000000
1.439037,1920.000000
1.354421,1920.000000
12.038862,1920.000000
5.082581,1920.000000
4.069614,1920.000000
6.946568,1920.000000
3.804371,1920.000000
13.491161,1920.000000
4.629987,1920.000000
3.323758,1920.000000
4.958925,1920.000000
13.439420,1920.000000
2.087575,1920.000000
2.790656,1920.000000
13.601181,1920.000000
6.985233,1920.000000
15.175455,1920.000000
13.596885,1920.000000
7.463231,1920.000000
6.635187,1920.000000
3.932883,1920.000000
1.942439,1920.000000
2.457421,1920.000000
12.986826,1920.000000
6.555614,1920.000000
4.866277,1920.000000
7.302404,1920.000000
5.559085,1920.000000
13.448760,1920.000000
5.366130,1920.000000
4.977418,1920.000000
6.053894,1920.000000
17.288808,1920.000000
2.884239,1920.000000
3.938487,1920.000000
16.965659,1920.000000
7.893037,1920.000000
13.489107,1920.000000
20.082079,1920.000000
10.822666,1920.000000
7.896586,1920.000000
4.830974,1920.000000
2.833618,1920.000000
3.107454,1920.000000
7.659362,1920.000000
3.613284,1920.000000
2.857528,1920.000000
4.178700,1920.000000
3.147240,1920.000000
7.313799,1920.000000
3.041330,1920.000000
3.323571,1920.000000
3.767573,1920.000000
9.606097,1920.000000
1.743133,1920.000000
2.351511,1920.000000
9.134263,1920.000000
4.406958,1920.000000
7.645913,1920.000000
10.854421,1920.000000
6.729517,1920.000000
4.831347,1920.000000
2.640290,1920.000000
1.720344,1920.000000
1.692699,1920.000000
7.851383,1920.000000
3.195806,1920.000000
3.140516,1920.000000
4.599166,1920.000000
3.210002,1920.000000
7.697841,1920.000000
2.862758,1920.000000
3.163491,1920.000000
3.563224,1920.000000
9.874142,1920.000000
1.645815,1920.000000
2.474606,1920.000000
7.219843,1920.000000
4.199060,1920.000000
6.362659,1920.000000
8.282123,1920.000000
5.009546,1920.000000
5.810132,1920.000000
2.068523,1920.000000
1.765174,1920.000000
1.336863,1920.000000
3.280049,1920.000000
1.878556,1920.000000
1.121866,1920.000000
1.841385,1920.000000
1.269805,1920.000000
3.840608,1920.000000
1.433807,1920.000000
1.124295,1920.000000
1.453607,1920.000000
4.351855,1920.000000
0.762667,1920.000000
0.918264,1920.000000
4.113136,1920.000000
1.920397,1920.000000
3.805865,1920.000000
4.709373,1920.000000
2.660463,1920.000000
2.123813,1920.000000
1.786842,1920.000000
0.620893,1920.000000
0.913968,1920.000000
1.891071,1920.000000
0.959358,1920.000000
1.216382,1920.000000
1.658703,1920.000000
1.407096,1920.000000
2.191431,1920.000000
1.002320,1920.000000
1.417743,1920.000000
1.433807,1920.000000
3.330295,1920.000000
0.628365,1920.000000
1.047710,1920.000000
2.269136,1920.000000
1.432873,1920.000000
1.955701,1920.000000
2.718182,1920.000000
1.720905,1920.000000
1.798049,1920.000000
0.620893,1920.000000
0.944788,1920.000000
0.441387,1920.000000
2.027615,1920.000000
1.221799,1920.000000
0.723068,1920.000000
1.202747,1920.000000
0.895289,1920.000000
2.497395,1920.000000
1.092727,1920.000000
0.876610,1920.000000
1.162774,1920.000000
2.853792,1920.000000
0.444189,1920.000000
0.660679,1920.000000
2.605920,1920.000000
1.364508,1920.000000
2.463025,1920.000000
2.897688,1920.000000
1.650111,1920.000000
1.391406,1920.000000
0.880906,1920.000000
0.420840,1920.000000
1.162960,1920.000000
15.058181,1920.000000
4.646780,1920.000000
4.227402,1920.000000
6.497085,1920.000000
3.784860,1920.000000
13.649857,1920.000000
4.531147,1920.000000
3.544816,1920.000000
4.369374,1920.000000
13.894011,1920.000000
2.011145,1920.000000
2.704566,1920.000000
14.283687,1920.000000
6.436187,1920.000000
12.382757,1920.000000
13.421207,1920.000000
7.678068,1920.000000
7.248042,1920.000000
3.451600,1920.000000
2.030573,1920.000000
1.946884,1920.000000
4.658548,1920.000000
2.987202,1920.000000
1.649864,1920.000000
2.448082,1920.000000
2.203181,1920.000000
5.470777,1920.000000
2.134250,1920.000000
1.798000,1920.000000
2.086988,1920.000000
6.101432,1920.000000
1.025374,1920.000000
1.338833,1920.000000
5.682988,1920.000000
2.613218,1920.000000
5.047103,1920.000000
6.502503,1920.000000
3.593198,1920.000000
2.967961,1920.000000
1.974157,1920.000000
1.067592,1920.000000
1.171829,1920.000000
4.209655,1920.000000
1.677511,1920.000000
2.364580,1920.000000
3.447303,1920.000000
1.942027,1920.000000
4.576728,1920.000000
1.983685,1920.000000
1.926896,1920.000000
2.648898,1920.000000
5.754348,1920.000000
0.903950,1920.000000
1.762134,1920.000000
4.536938,1920.000000
2.857559,1920.000000
3.941777,1920.000000
4.784642,1920.000000
2.643481,1920.000000
3.086396,1920.000000
1.150533,1920.000000
1.285033,1920.000000
0.698278,1920.000000
6.781216,1920.000000
2.436127,1920.000000
3.247048,1920.000000
6.273666,1920.000000
2.648337,1920.000000
7.274755,1920.000000
2.814034,1920.000000
2.650019,1920.000000
4.293718,1920.000000
8.599017,1920.000000
1.417852,1920.000000
2.223729,1920.000000
6.554808,1920.000000
4.830409,1920.000000
7.017524,1920.000000
7.056754,1920.000000
4.196392,1920.000000
4.598584,1920.000000
1.731124,1920.000000
1.560384,1920.000000
1.132787,1920.000000
3.667733,1920.000000
2.033188,1920.000000
1.968553,1920.000000
2.667578,1920.000000
3.328495,1920.000000
4.123725,1920.000000
1.800055,1920.000000
2.238487,1920.000000
2.607988,1920.000000
6.748712,1920.000000
1.164730,1920.000000
1.761013,1920.000000
4.433261,1920.000000
2.480400,1920.000000
3.630372,1920.000000
5.568476,1920.000000
3.055946,1920.000000
3.330550,1920.000000
1.339393,1920.000000
1.425697,1920.000000
1.062735,1920.000000
13.529928,1920.000000
5.341321,1920.000000
4.632022,1920.000000
7.479120,1920.000000
4.299695,1920.000000
16.445770,1920.000000
5.111177,1920.000000
3.753664,1920.000000
4.721875,1920.000000
14.386803,1920.000000
2.041781,1920.000000
2.911359,1920.000000
14.506358,1920.000000
7.002954,1920.000000
13.137450,1920.000000
13.990963,1920.000000
7.848247,1920.000000
7.744570,1920.000000
3.711072,1920.000000
2.318626,1920.000000
2.491981,1920.000000
4.417196,1920.000000
2.179456,1920.000000
1.926335,1920.000000
2.666458,1920.000000
1.808648,1920.000000
5.089882,1920.000000
3.232104,1920.000000
1.687972,1920.000000
2.022914,1920.000000
6.463087,1920.000000
0.805504,1920.000000
1.282231,1920.000000
5.806093,1920.000000
3.132723,1920.000000
4.471930,1920.000000
5.132286,1920.000000
2.877174,1920.000000
3.149349,1920.000000
1.378809,1920.000000
1.093744,1920.000000
1.022572,1920.000000
3.432172,1920.000000
1.793704,1920.000000
1.982937,1920.000000
2.712038,1920.000000
2.334318,1920.000000
3.718171,1920.000000
1.664061,1920.000000
2.573429,1920.000000
2.668512,1920.000000
5.939285,1920.000000
1.142127,1920.000000
1.785484,1920.000000
3.760202,1920.000000
2.301253,1920.000000
3.542761,1920.000000
4.878418,1920.000000
3.221082,1920.000000
3.157008,1920.000000
1.230299,1920.000000
1.328745,1920.000000
0.863974,1920.000000
4.412526,1920.000000
2.132568,1920.000000
2.519255,1920.000000
4.222732,1920.000000
2.555122,1920.000000
4.809113,1920.000000
1.873843,1920.000000
2.663655,1920.000000
5.134528,1920.000000
6.802138,1920.000000
1.328559,1920.000000
2.146205,1920.000000
4.724491,1920.000000
3.331671,1920.000000
4.913724,1920.000000
6.030259,1920.000000
3.698930,1920.000000
3.624021,1920.000000
1.429807,1920.000000
1.462498,1920.000000
1.084778,1920.000000
13.360869,1920.000000
6.104794,1920.000000
5.981876,1920.000000
8.467506,1920.000000
6.661661,1920.000000
14.690922,1920.000000
6.444593,1920.000000
6.022974,1920.000000
7.009492,1920.000000
21.380230,1920.000000
3.048474,1920.000000
4.470996,1920.000000
16.572050,1920.000000
9.027735,1920.000000
12.963534,1920.000000
17.049711,1920.000000
9.303833,1920.000000
10.068054,1920.000000
4.496215,1920.000000
3.459632,1920.000000
3.025310,1920.000000
2.000497,1920.000000
0.990254,1920.000000
0.942245,1920.000000
1.421027,1920.000000
1.081976,1920.000000
2.251750,1920.000000
0.904511,1920.000000
1.125875,1920.000000
1.322207,1920.000000
3.105450,1920.000000
0.785703,1920.000000
0.839689,1920.000000
2.203928,1920.000000
1.272517,1920.000000
2.150875,1920.000000
2.870822,1920.000000
1.818175,1920.000000
1.594196,1920.000000
0.741617,1920.000000
0.606557,1920.000000
0.479903,1920.000000
2.732773,1920.000000
1.316977,1920.000000
1.463432,1920.000000
2.105295,1920.000000
1.781561,1920.000000
2.931721,1920.000000
1.285967,1920.000000
1.763441,1920.000000
2.135931,1920.000000
4.391417,1920.000000
0.825305,1920.000000
1.442323,1920.000000
3.171766,1920.000000
1.898875,1920.000000
2.740432,1920.000000
3.993709,1920.000000
2.430709,1920.000000
2.376909,1920.000000
0.884709,1920.000000
1.000342,1920.000000
0.619633,1920.000000
14.368496,1920.000000
5.647869,1920.000000
4.364330,1920.000000
6.681275,1920.000000
4.411031,1920.000000
14.260149,1920.000000
5.626573,1920.000000
3.885735,1920.000000
4.869078,1920.000000
16.357598,1920.000000
2.210092,1920.000000
2.936391,1920.000000
19.575691,1920.000000
7.906717,1920.000000
13.889528,1920.000000
16.653871,1920.000000
8.992990,1920.000000
7.405892,1920.000000
4.057970,1920.000000
2.199071,1920.000000
2.650392,1920.000000
6.443098,1920.000000
2.764157,1920.000000
3.012047,1920.000000
4.717766,1920.000000
2.457983,1920.000000
7.149969,1920.000000
3.195490,1920.000000
2.490113,1920.000000
3.319529,1920.000000
9.011483,1920.000000
1.274572,1920.000000
1.891029,1920.000000
7.653970,1920.000000
4.979106,1920.000000
6.585444,1920.000000
7.411683,1920.000000
4.366945,1920.000000
4.151372,1920.000000
1.916435,1920.000000
1.459509,1920.000000
1.396369,1920.000000
12.370054,1920.000000
5.201217,1920.000000
4.096265,1920.000000
7.002206,1920.000000
3.718358,1920.000000
13.297542,1920.000000
4.436624,1920.000000
3.468973,1920.000000
4.993490,1920.000000
13.512742,1920.000000
2.161336,1920.000000
2.808990,1920.000000
13.472018,1920.000000
6.666331,1920.000000
14.917890,1920.000000
13.938097,1920.000000
7.717297,1920.000000
6.624673,1920.000000
3.696128,1920.000000
1.879074,1920.000000
2.481894,1920.000000
13.525818,1920.000000
6.581148,1920.000000
4.735886,1920.000000
7.291568,1920.000000
5.441262,1920.000000
13.498544,1920.000000
5.156384,1920.000000
4.943239,1920.000000
6.263579,1920.000000
16.890740,1920.000000
3.000092,1920.000000
3.808958,1920.000000
16.255976,1920.000000
7.573083,1920.000000
13.930064,1920.000000
20.431820,1920.000000
10.849086,1920.000000
8.273603,1920.000000
4.870759,1920.000000
2.684204,1920.000000
3.147107,1920.000000
7.703660,1920.000000
3.455149,1920.000000
2.704005,1920.000000
4.133999,1920.000000
3.139075,1920.000000
7.353027,1920.000000
3.026805,1920.000000
3.281981,1920.000000
3.797376,1920.000000
9.852854,1920.000000
1.848811,1920.000000
2.378778,1920.000000
9.035021,1920.000000
4.314453,1920.000000
7.784547,1920.000000
10.664149,1920.000000
7.073566,1920.000000
4.804256,1920.000000
2.610976,1920.000000
1.644633,1920.000000
1.653787,1920.000000
7.053017,1920.000000
3.169150,1920.000000
3.343253,1920.000000
4.672745,1920.000000
3.399294,1920.000000
7.715616,1920.000000
3.067155,1920.000000
3.152151,1920.000000
3.540519,1920.000000
10.072910,1920.000000
1.559823,1920.000000
2.451071,1920.000000
7.483977,1920.000000
4.188360,1920.000000
6.555929,1920.000000
8.156476,1920.000000
4.851705,1920.000000
5.752293,1920.000000
2.020859,1920.000000
1.772781,1920.000000
1.356579,1920.000000
3.387339,1920.000000
1.896820,1920.000000
1.110931,1920.000000
1.706839,1920.000000
1.300351,1920.000000
3.810453,1920.000000
1.423456,1920.000000
1.148478,1920.000000
1.438026,1920.000000
4.299695,1920.000000
0.766088,1920.000000
0.877237,1920.000000
4.015378,1920.000000
1.961828,1920.000000
3.864626,1920.000000
4.774181,1920.000000
2.681962,1920.000000
2.213829,1920.000000
1.680126,1920.000000
0.644478,1920.000000
0.932158,1920.000000
1.956411,1920.000000
1.020143,1920.000000
1.205828,1920.000000
1.559823,1920.000000
1.353030,1920.000000
2.225037,1920.000000
1.041439,1920.000000
1.340701,1920.000000
1.600734,1920.000000
3.233972,1920.000000
0.615523,1920.000000
1.053768,1920.000000
2.218312,1920.000000
1.442697,1920.000000
1.961268,1920.000000
2.659919,1920.000000
1.727761,1920.000000
1.875711,1920.000000
0.640742,1920.000000
0.920576,1920.000000
0.433201,1920.000000
1.983685,1920.000000
1.175378,1920.000000
0.671565,1920.000000
1.158753,1920.000000
1.053955,1920.000000
2.438555,1920.000000
0.958498,1920.000000
0.880787,1920.000000
1.104392,1920.000000
2.974686,1920.000000
0.476914,1920.000000
0.635138,1920.000000
2.574736,1920.000000
1.406083,1920.000000
2.376723,1920.000000
3.084901,1920.000000
1.708707,1920.000000
1.366480,1920.000000
0.858744,1920.000000
0.433014,1920.000000
1.171829,1920.000000
147.780707,1920.000000
64.518325,1920.000000
58.176611,1920.000000
89.329546,1920.000000
60.454625,1920.000000
157.408355,1920.000000
61.651985,1920.000000
56.044895,1920.000000
71.062933,1920.000000
189.637912,1920.000000
30.513290,1920.000000
43.305532,1920.000000
168.957057,1920.000000
87.655604,1920.000000
148.465749,1920.000000
179.174485,1920.000000
102.273124,1920.000000
95.346537,1920.000000
45.935193,1920.000000
32.093556,1920.000000
30.508848,1920.000000
