2,20,2,0,134709883,0.965560
3,19,7,3,1,0.695048
2,12,0,2,1,0.368479
3,18,20,2,3,0.314870
3,10,8,2,2,0.303574
0,2,0,2,2,0.238188
3,2,4,3,1,0.215658
0,3,0,2,1,0.204070
0,0,1,3,1,0.190400
2,20,3,3,1,0.205440
3,8,2,0,0,0.212401
0,2,3,3,0,0.158074
2,17,2,0,0,0.165619
0,0,2,0,0,0.138868
3,19,7,2,1,0.135348
3,3,11,2,0,0.176858
3,19,7,2,3,0.132639
2,12,0,2,3,0.151027
2,1,0,2,3,0.132890
0,1,1,3,3,0.124168
0,0,0,2,3,0.120252
0,1,3,3,3,0.129581
2,3,1,2,3,0.110443
0,0,3,3,3,0.111072
0,3,2,3,3,0.107469
2,14,2,3,3,0.103390
0,2,2,3,3,0.100894
3,8,8,1,0,0.108243
0,3,2,2,0,0.105623
2,20,1,1,0,0.095087
3,18,20,2,3,0.124243
2,18,1,2,3,0.108945
3,6,9,1,0,0.102735
3,10,2,2,2,0.106382
3,10,8,2,2,0.096701
0,3,1,2,2,0.095149
3,19,8,0,1,0.092484
0,2,0,0,1,0.089095
3,6,19,3,0,0.082715
0,1,2,0,0,0.101622
2,20,0,1,0,0.092010
0,3,3,3,0,0.090282
2,15,1,1,0,0.084732
3,6,10,3,2,0.078424
0,3,0,1,2,0.080487
2,10,1,1,2,0.073954
3,1,1,2,0,0.064635
0,3,1,1,0,0.067939
3,4,11,2,2,0.063267
0,0,1,1,2,0.066567
0,2,0,3,2,0.063833
0,2,3,1,2,0.065082
0,1,0,2,2,0.063657
3,3,3,3,0,0.066328
0,3,1,3,0,0.064422
0,1,2,3,0,0.059311
3,7,19,0,2,0.068724
2,6,2,0,2,0.060241
2,20,0,0,2,0.070458
2,9,2,1,2,0.062936
2,14,0,0,2,0.068080
3,3,8,1,0,0.057739
2,15,2,0,0,0.058692
3,10,8,0,2,0.052984
0,0,0,2,2,0.053994
0,2,2,0,2,0.048485
0,0,2,0,2,0.050806
0,0,3,3,2,0.051180
2,5,1,2,2,0.058278
3,8,3,3,0,0.047891
0,3,3,2,0,0.059033
0,2,2,1,0,0.051324
2,6,1,2,0,0.064127
3,10,2,3,0,0.055612
3,14,8,3,0,0.047483
0,0,0,3,0,0.053882
3,11,7,1,0,0.045460
0,2,1,2,0,0.043902
2,1,2,0,0,0.051394
2,20,3,2,0,0.052618
2,13,2,0,0,0.051537
0,1,3,2,0,0.049041
0,1,3,1,0,0.042266
3,8,8,2,0,0.047492
3,19,8,0,2,0.044327
0,0,3,0,2,0.041820
3,19,7,2,3,0.042465
0,1,1,1,3,0.041055
0,0,3,2,3,0.043633
3,4,4,3,3,0.041843
3,6,4,3,3,0.042377
3,11,7,3,3,0.041154
0,3,1,3,3,0.040562
0,1,1,2,3,0.040530
0,3,1,2,3,0.045872
0,3,1,1,3,0.044190
0,3,2,2,3,0.036685
2,20,2,0,3,0.037434
0,0,2,0,3,0.047058
0,2,2,0,3,0.042864
0,3,0,0,3,0.040899
0,3,3,3,3,0.037928
0,2,1,1,3,0.034730
0,2,1,2,3,0.033713
0,2,1,3,3,0.037426
0,2,3,0,3,0.033342
3,4,4,3,2,0.036780
0,1,2,1,2,0.035152
2,3,2,3,2,0.035582
3,6,4,0,3,0.040925
2,6,2,3,3,0.038245
0,3,2,3,3,0.030081
0,0,0,0,3,0.031152
2,11,2,0,3,0.040690
2,6,3,2,3,0.042981
2,14,2,0,3,0.040568
3,10,8,2,2,0.030285
3,10,1,2,3,0.030005
2,1,0,2,3,0.037237
3,1,1,3,0,0.039291
3,1,1,3,0,0.037524
2,20,2,2,0,0.036727
2,8,2,1,0,0.039598
2,18,2,2,0,0.036847
2,7,2,1,0,0.037314
2,16,2,2,0,0.035109
3,18,18,2,0,0.034779
3,13,3,2,0,0.031005
3,2,2,2,3,0.028888
2,2,2,3,3,0.036425
2,4,2,0,3,0.036525
0,2,3,2,3,0.035372
0,0,2,3,3,0.030275
3,19,7,2,3,0.031049
0,2,0,2,3,0.027438
2,12,2,0,3,0.032959
2,12,2,2,3,0.033223
2,12,2,2,3,0.030877
3,11,7,0,0,0.030266
0,0,2,2,0,0.036291
2,13,2,0,0,0.032723
3,2,2,2,3,0.033931
0,0,2,2,3,0.028196
0,0,2,0,3,0.027913
2,18,1,3,3,0.037189
2,9,2,1,3,0.030879
2,6,1,3,3,0.031166
0,3,1,3,3,0.026610
2,11,1,2,3,0.025225
0,3,1,3,3,0.036168
0,3,2,3,3,0.032769
2,20,2,2,3,0.033981
0,2,2,3,3,0.031939
2,14,1,3,3,0.027251
0,2,2,1,3,0.031560
0,2,2,1,3,0.030195
0,2,2,1,3,0.033747
0,0,1,3,3,0.023446
3,6,4,2,3,0.028226
0,3,0,0,3,0.028066
3,7,19,1,2,0.025105
0,1,0,0,2,0.025177
0,1,0,2,2,0.025975
0,2,0,1,2,0.024580
3,10,8,3,2,0.024557
2,20,1,3,2,0.029872
0,0,2,0,2,0.028069
3,7,19,2,2,0.028113
3,6,4,3,3,0.024714
2,13,2,1,3,0.023252
0,2,2,1,3,0.025472
0,2,2,1,3,0.024122
0,3,1,3,3,0.030808
2,11,1,2,3,0.028737
2,18,2,2,3,0.028480
0,3,1,2,3,0.028006
3,4,4,0,3,0.023790
3,7,4,1,2,0.024393
0,2,1,1,2,0.024131
2,17,3,1,2,0.022423
2,17,3,1,2,0.027714
0,2,2,3,2,0.025106
0,2,2,3,2,0.023281
0,1,3,1,2,0.023964
0,0,2,3,2,0.022988
2,0,1,0,2,0.027101
3,8,10,3,1,0.023899
3,18,18,0,3,0.024042
3,18,18,2,3,0.032628
2,9,1,0,3,0.029377
0,0,2,2,3,0.029751
0,2,3,3,3,0.026944
3,3,8,0,0,0.023225
3,3,8,3,0,0.028474
0,3,2,1,0,0.030009
0,0,1,0,0,0.026525
0,2,2,2,0,0.025356
2,2,3,1,0,0.026675
0,0,3,0,0,0.025271
0,0,3,3,0,0.028949
0,0,3,3,0,0.020483
0,0,0,0,0,0.020343
2,18,0,2,0,0.020128
0,0,0,0,0,0.023810
2,7,3,1,0,0.024871
3,8,7,3,0,0.034471
2,8,3,1,0,0.027017
0,0,3,3,0,0.026912
2,7,3,1,0,0.024440
0,0,2,0,0,0.023123
0,3,0,2,0,0.021766
3,4,11,0,2,0.021465
3,11,4,1,0,0.026375
0,3,0,2,0,0.022231
0,0,2,0,0,0.020713
3,1,1,1,0,0.019658
2,1,1,1,0,0.021201
2,1,0,3,0,0.020369
2,20,3,3,0,0.028061
0,3,3,1,0,0.023013
3,8,11,2,1,0.025562
2,12,0,3,1,0.020322
0,3,3,3,1,0.022990
2,9,2,3,1,0.025790
2,2,3,0,1,0.025381
0,3,0,3,1,0.021411
0,0,1,1,1,0.020464
3,4,4,3,2,0.019644
2,12,1,3,2,0.018491
0,2,1,2,2,0.019951
0,3,1,2,2,0.023066
2,1,1,2,2,0.020634
3,19,7,0,3,0.023008
3,19,7,1,3,0.023359
2,12,1,2,3,0.020334
0,3,1,2,3,0.018651
3,10,8,3,2,0.018827
0,3,1,2,2,0.018499
0,3,2,0,2,0.018173
2,1,2,3,2,0.023485
2,6,3,0,2,0.023697
0,3,2,3,2,0.023047
2,18,3,0,2,0.024426
2,11,3,1,2,0.024340
0,1,3,0,2,0.023750
2,13,3,1,2,0.021489
2,18,1,1,2,0.022521
0,1,3,1,2,0.022545
3,2,3,1,1,0.021318
3,2,2,3,3,0.020336
3,18,18,2,0,0.017787
3,3,3,1,0,0.020530
2,17,2,1,0,0.017235
2,17,3,3,0,0.019724
0,1,3,3,0,0.022033
0,2,2,1,0,0.021429
0,1,3,3,0,0.018227
0,1,3,3,0,0.019895
0,2,2,2,0,0.021114
2,8,2,1,0,0.020690
0,0,1,1,0,0.022356
0,2,2,1,0,0.018578
0,1,0,0,0,0.017706
2,9,2,2,0,0.017529
0,3,1,3,0,0.017139
0,1,1,2,0,0.018639
0,2,2,2,0,0.017282
0,2,2,3,0,0.016482
0,2,2,0,0,0.017414
0,2,2,0,0,0.020278
2,3,2,3,0,0.019779
0,3,1,3,0,0.020916
0,3,2,3,0,0.021740
2,19,3,3,0,0.021898
0,3,2,2,0,0.021429
2,20,3,3,0,0.021748
2,4,2,3,0,0.020670
3,3,8,1,0,0.021027
2,8,2,3,0,0.019618
0,2,3,1,0,0.018902
0,2,3,1,0,0.020340
2,6,2,3,0,0.017232
3,8,2,2,0,0.016576
3,8,3,3,0,0.028029
0,0,2,3,0,0.032522
2,6,3,3,0,0.021016
3,3,3,2,0,0.023324
3,8,10,2,1,0.017906
0,3,0,2,1,0.015784
0,1,3,2,1,0.015987
2,13,2,2,1,0.017058
0,3,3,3,1,0.020526
3,11,7,2,0,0.020628
2,18,0,3,0,0.020054
2,3,2,2,0,0.021223
0,3,3,3,0,0.019591
2,12,3,1,0,0.015856
2,18,3,3,0,0.019817
0,3,3,1,0,0.020568
0,3,3,3,0,0.018807
2,9,2,2,0,0.019156
2,14,2,1,0,0.019514
2,11,2,2,0,0.017478
3,11,7,2,3,0.020363
2,10,2,2,3,0.020939
0,0,2,2,3,0.020094
0,0,2,2,3,0.016833
0,0,2,0,3,0.016493
0,0,1,0,3,0.019764
0,0,1,0,3,0.018537
2,19,3,3,3,0.021801
0,3,2,2,3,0.019443
2,20,3,3,3,0.019917
0,3,2,3,3,0.019795
2,18,0,0,3,0.019670
2,11,2,0,3,0.019581
2,16,0,0,3,0.019114
2,13,2,0,3,0.018497
3,11,4,0,0,0.018345
0,1,1,1,0,0.016635
0,1,1,1,0,0.018062
0,0,0,1,0,0.015603
0,2,2,0,0,0.015654
0,0,3,3,0,0.018651
0,0,3,3,0,0.017587
0,0,0,1,0,0.016130
0,0,3,3,0,0.015629
2,3,1,1,0,0.014566
3,3,3,1,1,0.020676
0,1,1,1,1,0.014632
0,1,1,1,1,0.018173
0,0,1,0,1,0.018536
0,0,3,0,1,0.017542
0,0,3,0,1,0.017173
0,0,3,1,1,0.019536
0,3,2,2,1,0.017745
0,0,0,0,1,0.018539
3,4,11,3,2,0.015324
3,11,4,3,0,0.017269
0,3,1,0,0,0.017113
0,3,1,2,0,0.016731
0,0,1,1,0,0.014513
0,0,1,3,0,0.018009
0,0,1,0,0,0.016617
2,20,3,1,0,0.017275
0,3,2,3,0,0.017590
2,18,3,1,0,0.018082
2,4,3,2,0,0.017852
0,2,3,1,0,0.017406
0,2,3,3,0,0.014971
0,2,3,0,0,0.017211
0,2,0,2,0,0.014625
0,1,0,3,0,0.015094
2,1,3,3,0,0.013940
2,1,1,3,0,0.016405
2,6,2,1,0,0.017953
2,3,1,3,0,0.017046
2,15,2,0,0,0.015719
0,1,1,3,0,0.015348
0,1,3,3,0,0.014611
0,1,3,3,0,0.015011
2,19,3,1,0,0.013123
3,19,4,1,2,0.048056
3,7,4,1,2,0.027174
2,19,2,3,2,0.024717
3,11,7,3,3,0.019265
3,11,7,2,0,0.014876
0,0,2,2,0,0.014227
2,7,1,3,0,0.013557
0,3,1,3,0,0.013243
0,0,3,1,0,0.012685
3,4,4,0,3,0.012600
0,3,1,2,3,0.013525
2,20,2,0,3,0.016027
0,0,3,0,3,0.016991
0,3,1,3,3,0.015997
0,0,2,0,3,0.016615
0,2,2,0,3,0.016265
0,0,2,3,3,0.015138
2,18,1,2,3,0.015744
0,3,2,2,3,0.017319
2,19,3,3,3,0.017271
0,1,3,1,3,0.016725
3,3,8,3,0,0.016057
3,13,3,0,0,0.014264
0,0,3,3,0,0.013870
0,2,2,1,0,0.012578
0,2,2,1,0,0.016861
3,4,4,0,1,0.014962
0,2,3,0,1,0.013637
2,17,0,0,1,0.012859
2,13,2,1,1,0.016663
2,13,2,3,1,0.016056
2,13,0,0,1,0.013918
2,13,0,0,1,0.017654
2,20,2,1,1,0.016634
2,10,0,0,1,0.016858
2,18,2,1,1,0.016618
2,13,0,0,1,0.016423
0,2,1,2,1,0.015649
0,2,1,2,1,0.016479
0,3,0,0,1,0.013944
2,17,0,0,1,0.016997
0,2,3,3,1,0.014173
2,17,2,3,1,0.016661
0,3,0,0,1,0.014276
0,3,0,0,1,0.014771
2,16,2,1,1,0.015595
2,9,2,0,1,0.016224
0,3,2,1,1,0.015769
0,2,2,0,1,0.015047
0,3,3,3,1,0.015454
2,2,2,3,1,0.015423
3,2,3,1,1,0.014718
2,3,1,1,1,0.014817
0,1,1,1,1,0.013195
3,2,3,3,1,0.014502
3,2,3,3,1,0.015636
3,2,3,3,1,0.013355
2,19,3,3,1,0.016254
0,1,1,3,1,0.017009
0,3,3,2,1,0.013133
2,12,3,1,1,0.013161
3,8,2,1,0,0.014886
2,8,2,3,0,0.014937
3,8,11,3,1,0.015419
3,8,11,3,1,0.017386
3,8,11,0,1,0.014753
0,0,0,0,1,0.012616
0,0,0,0,1,0.012698
3,8,11,3,1,0.014775
2,8,3,3,1,0.014901
2,12,0,1,1,0.013278
2,12,3,3,1,0.014127
3,8,7,3,0,0.020590
3,8,7,3,0,0.021648
3,8,7,3,0,0.027439
3,8,7,0,0,0.023441
3,8,7,3,0,0.015255
3,8,7,3,0,0.021378
3,8,7,0,0,0.020609
3,8,7,3,0,0.018583
0,0,1,0,0,0.018536
2,8,3,3,0,0.014490
2,8,3,3,0,0.018385
0,0,0,0,0,0.015435
0,0,0,0,0,0.016387
2,7,2,3,0,0.017354
0,0,2,0,0,0.016312
0,2,3,3,0,0.012359
0,3,0,1,0,0.013320
0,0,2,0,0,0.014262
0,0,2,2,0,0.016225
2,1,1,1,0,0.015062
0,1,0,0,0,0.013113
0,1,1,1,0,0.014142
0,1,1,1,0,0.014897
0,1,1,1,0,0.011834
0,3,2,0,0,0.012567
2,11,2,3,0,0.015448
0,0,3,3,0,0.015707
0,2,2,3,0,0.014039
0,2,2,3,0,0.015768
0,2,2,3,0,0.014710
0,2,2,2,0,0.011848
0,3,0,3,0,0.012195
0,2,2,2,0,0.013831
0,2,0,2,0,0.012277
0,3,0,3,0,0.013169
0,0,1,3,0,0.011437
0,0,1,3,0,0.013493
3,4,4,0,2,0.011495
0,0,1,3,2,0.012678
2,13,2,1,2,0.011522
0,3,0,2,2,0.011729
0,3,0,2,2,0.014455
0,3,0,0,2,0.014569
0,3,2,3,2,0.014121
2,18,1,3,2,0.015917
2,10,3,2,2,0.015634
0,3,1,3,2,0.015576
2,8,3,2,2,0.014951
0,3,3,0,2,0.014969
2,1,3,2,2,0.013643
2,20,1,0,2,0.014578
0,2,3,2,2,0.014699
2,6,1,0,2,0.014982
0,0,2,3,2,0.014960
0,2,1,0,2,0.014580
0,2,1,0,2,0.017178
0,2,1,0,2,0.014770
2,12,0,0,2,0.013587
0,3,0,3,2,0.014453
0,3,3,1,2,0.011624
0,3,3,1,2,0.015941
0,3,2,2,2,0.014166
0,1,3,0,2,0.015320
0,3,0,0,2,0.013136
0,2,3,2,2,0.013378
0,3,0,3,2,0.011252
0,0.400000
1,0.900000
1,0.500000
1,0.500000
1,0.500000
1,0.500000
1,0.400000
1,0.500000
1,0.500000
1,0.200000
0,0.100000
1,0.200000
0,0.100000
0,0.100000
1,0.300000
1,0.600000
1,0.600000
1,0.600000
1,0.600000
1,0.500000
1,0.300000
1,0.300000
1,0.400000
1,0.200000
1,0.100000
1,0.300000
1,0.300000
0,0.200000
1,0.200000
0,0.200000
0,0.100000
1,0.400000
0,0.200000
1,0.400000
1,0.300000
1,0.300000
1,0.400000
1,0.400000
1,0.300000
0,0.100000
0,0.500000
1,0.500000
0,0.200000
1,0.800000
0,0.400000
0,0.200000
0,0.100000
0,0.200000
0,0.100000
1,0.200000
1,0.800000
1,0.100000
0,0.100000
1,0.100000
1,0.100000
1,0.800000
0,0.500000
0,0.200000
0,0.500000
1,0.400000
0,0.500000
1,0.400000
0,0.200000
0,0.500000
1,0.500000
0,0.200000
1,0.100000
1,0.500000
1,0.100000
1,0.500000
0,0.200000
1,0.400000
1,0.100000
1,0.500000
1,0.500000
1,0.500000
1,0.200000
1,0.100000
1,0.800000
0,0.100000
1,0.800000
0,0.100000
1,0.100000
1,0.300000
0,0.400000
0,0.400000
1,0.300000
0,0.500000
1,0.300000
1,0.200000
1,0.300000
1,0.300000
1,0.300000
1,0.100000
1,0.400000
1,0.100000
1,0.100000
0,0.500000
1,0.800000
0,0.500000
1,0.400000
1,0.300000
1,0.100000
1,0.300000
1,0.300000
1,0.100000
1,0.400000
0,0.500000
1,0.400000
0,0.800000
1,0.400000
1,0.100000
0,0.800000
1,0.800000
0,0.300000
1,0.800000
0,0.900000
1,0.200000
0,0.900000
1,0.400000
1,0.400000
0,0.700000
1,0.400000
0,0.700000
1,0.400000
0,0.700000
1,0.200000
0,0.900000
0,0.500000
1,0.400000
1,0.800000
0,0.300000
1,0.400000
0,0.900000
0,0.900000
1,0.800000
0,0.700000
1,0.200000
1,0.800000
0,0.700000
1,0.800000
1,0.200000
1,0.200000
1,0.800000
0,0.600000
1,0.400000
0,0.600000
1,0.200000
1,0.600000
0,0.600000
1,0.700000
0,0.600000
1,0.500000
1,0.300000
1,0.400000
0,0.200000
1,0.100000
1,0.300000
1,0.600000
0,0.500000
1,0.100000
1,0.200000
0,0.100000
0,0.700000
0,0.200000
0,0.600000
1,0.800000
0,0.700000
0,0.200000
0,0.200000
0,0.200000
1,0.300000
0,0.600000
1,0.600000
0,0.700000
1,0.600000
0,0.500000
1,0.200000
1,0.100000
1,0.200000
1,0.200000
1,0.100000
0,0.300000
1,0.200000
1,0.100000
1,0.900000
0,0.800000
1,0.400000
0,0.700000
1,0.900000
0,0.700000
1,0.500000
0,0.400000
0,0.200000
0,0.400000
1,0.900000
0,0.700000
1,0.700000
0,0.500000
0,0.200000
1,0.300000
1,0.400000
1,0.800000
0,0.800000
1,0.700000
0,0.800000
1,0.700000
0,0.800000
1,0.700000
0,0.400000
1,0.800000
1,0.200000
1,0.300000
0,0.500000
1,0.200000
1,0.300000
1,0.300000
1,0.600000
0,0.800000
1,0.700000
1,0.100000
1,0.600000
0,0.800000
1,0.700000
0,0.400000
1,0.600000
1,0.300000
1,0.400000
1,0.400000
1,0.900000
1,0.100000
0,0.200000
0,0.200000
0,0.200000
0,0.200000
0,0.200000
1,0.300000
1,0.400000
0,0.200000
1,0.700000
0,0.400000
1,0.700000
0,0.400000
1,0.500000
0,0.400000
1,0.500000
0,0.700000
1,0.500000
0,0.700000
1,0.500000
1,0.800000
0,0.200000
0,0.200000
1,0.500000
1,0.500000
0,0.200000
0,0.300000
1,0.400000
0,0.500000
1,0.300000
0,0.700000
1,0.300000
1,0.200000
1,0.300000
1,0.200000
1,0.100000
1,0.300000
1,0.200000
1,0.400000
0,0.600000
1,0.700000
0,0.600000
1,0.700000
0,0.800000
1,0.700000
0,0.800000
1,0.700000
0,0.500000
0,0.300000
0,0.500000
1,0.300000
1,0.700000
1,0.100000
0,0.300000
1,0.700000
0,0.800000
1,0.700000
0,0.100000
1,0.800000
0,0.100000
1,0.700000
0,0.800000
1,0.700000
1,0.300000
1,0.700000
1,0.100000
1,0.700000
0,0.800000
1,0.700000
0,0.800000
1,0.700000
0,0.400000
1,0.700000
1,0.100000
1,0.700000
1,0.100000
0,0.400000
1,0.800000
0,0.400000
1,0.900000
0,0.800000
1,0.700000
0,0.800000
1,0.700000
0,0.800000
1,0.900000
0,0.800000
1,0.900000
0,0.800000
1,0.400000
0,0.200000
0,0.700000
1,0.900000
0,0.800000
1,0.500000
1,0.300000
0,0.200000
1,0.400000
1,0.400000
1,0.400000
0,0.500000
1,0.900000
0,0.500000
1,0.900000
0,0.900000
1,0.700000
0,0.800000
0,0.100000
0,0.100000
1,0.300000
1,0.100000
1,0.400000
1,0.300000
1,0.900000
0,0.500000
1,0.700000
0,0.500000
1,0.500000
0,0.500000
0,0.200000
0,0.300000
0,0.500000
1,0.900000
0,0.300000
0,0.100000
0,0.400000
0,0.100000
0,0.500000
0,0.100000
0,0.300000
1,0.200000
1,0.100000
1,0.100000
0,0.500000
1,0.500000
1,0.500000
1,0.100000
1,0.100000
1,0.300000
1,0.300000
1,0.100000
0,0.300000
1,0.600000
0,0.600000
1,0.900000
0,0.600000
1,0.800000
0,0.600000
1,0.500000
0,0.600000
1,0.900000
0,0.800000
1,0.500000
0,0.800000
1,0.900000
1,0.300000
0,0.200000
1,0.100000
1,0.900000
1,0.100000
0,0.300000
0,0.400000
1,0.500000
0,0.300000
1,0.900000
0,0.400000
1,0.900000
0,0.400000
1,0.900000
0,0.600000
1,0.300000
1,0.900000
0,0.500000
1,0.100000
1,0.700000
0,0.500000
1,0.900000
0,0.400000
1,0.900000
0,0.400000
1,0.900000
0,0.800000
1,0.700000
0,0.700000
0,0.200000
0,0.500000
0,0.100000
0,0.800000
0,0.100000
0,0.800000
0,0.100000
0,0.200000
0,0.200000
0,0.700000
1,0.700000
0,0.800000
0,0.200000
1,0.400000
1,0.400000
0,0.200000
0,0.800000
0,0.200000
0,0.700000
0,0.200000
0,0.200000
1,0.400000
1,0.700000
0,0.400000
0,0.200000
1,0.700000
0,0.400000
1,0.700000
0,0.400000
0,0.200000
0,0.200000
1,0.400000
0,0.500000
1,0.700000
0,0.400000
0,0.200000
0,0.700000
1,0.700000
0,0.700000
0,0.200000
1,0.200000
0,0.200000
1,0.400000
0,0.200000
0,0.300000
1,0.700000
0,0.800000
1,0.500000
0,0.300000
1,0.200000
1,0.300000
0,0.900000
0,0.100000
1,0.300000
1,0.700000
0,0.500000
1,0.400000
1,0.300000
0,0.500000
0,0.100000
1,0.800000
0,0.500000
0,0.500000
1,0.700000
0,0.600000
1,0.500000
0,0.600000
1,0.500000
0,0.600000
1,0.500000
0,0.400000
1,0.500000
0,0.400000
1,0.700000
0,0.400000
1,0.300000
0,0.400000
1,0.900000
0,0.900000
0,0.200000
1,0.100000
1,0.900000
0,0.400000
1,0.900000
0,0.200000
1,0.700000
1,1.954598
0,0.875430
0,1.115132
1,1.280761
0,1.115132
0,0.959831
0,1.009831
0,1.379737
0,1.379737
0,1.379737
0,1.093265
0,1.379737
0,1.379737
1,1.567203
1,0.875430
0,1.379737
0,1.293396
1,1.567203
0,1.098830
0,1.081809
0,2.682960
0,1.673552
0,1.673552
0,2.682960
1,0.947054
0,2.682960
0,2.682960
0,2.682960
1,0.947054
0,1.532478
0,1.280761
1,1.757818
0,1.532478
0,1.098830
1,1.115132
0,1.127724
0,1.127724
1,1.002292
1,1.002292
1,1.717203
0,1.372663
1,1.717203
0,1.372663
1,0.947054
0,1.257176
0,1.257176
1,1.717203
0,1.372663
0,1.257176
0,1.923552
0,1.923552
0,1.923552
0,1.923552
0,1.923552
1,1.115132
0,1.339355
0,1.372663
1,1.405216
1,1.115132
1,1.405216
0,1.404274
1,1.405216
1,1.115132
1,1.115132
0,2.332960
0,1.420614
0,1.520614
0,1.420614
1,0.948308
0,1.420614
1,0.948308
0,1.189261
0,1.404274
0,1.189261
0,1.404274
1,1.643111
1,1.343111
0,2.332960
0,2.332960
0,1.406097
0,2.332960
0,1.406097
0,2.332960
0,2.332960
1,1.161794
0,1.406097
0,1.243396
1,1.337114
1,1.365132
1,1.337114
1,0.826162
0,1.406097
0,1.421101
0,1.571101
0,1.571101
0,1.571101
0,1.571101
0,1.571101
0,1.421101
1,0.676162
0,1.421101
0,1.571101
0,1.571101
0,1.571101
0,1.571101
0,1.571101
0,1.421101
1,0.676162
1,1.465132
1,0.676162
1,1.365132
0,1.467203
0,1.467203
1,1.465132
0,1.820614
1,1.365132
1,1.115132
0,0.857962
0,1.483340
0,1.467203
1,1.717203
1,1.134781
1,1.543111
1,1.134781
0,1.188978
1,1.134781
0,1.188978
0,1.483340
1,1.134781
1,1.543111
1,1.643111
1,1.293396
1,1.293396
1,1.293396
1,1.134781
1,1.365132
1,1.134781
0,1.398700
1,1.543111
1,1.134781
1,0.876162
1,1.134781
0,1.257176
1,1.365132
1,0.676162
1,1.465132
0,1.393396
1,1.365132
1,0.876162
0,1.456097
1,1.365132
0,1.456097
1,0.876162
0,1.393396
1,1.465132
0,1.456097
0,1.467203
0,1.345487
1,0.876162
0,1.393396
0,1.172663
1,1.122663
1,1.465132
1,1.122663
1,1.465132
1,1.122663
0,0.726162
1,1.122663
0,0.726162
1,1.337114
1,1.337114
0,1.393396
1,1.337114
1,1.465132
1,1.337114
0,0.988978
1,1.337114
0,1.345487
0,1.467203
0,1.467203
0,0.988978
0,1.282194
0,0.988978
0,0.988978
0,1.282194
0,0.988978
0,1.282194
0,1.264149
0,1.714149
1,1.365132
1,1.205216
0,1.155216
1,1.205216
0,1.155216
0,1.357176
0,1.673552
0,1.357176
0,1.673552
0,1.357176
0,1.673552
0,1.467203
0,1.467203
0,1.257176
0,1.357176
0,1.673552
1,1.091870
0,1.673552
0,1.357176
1,1.365132
0,1.357176
0,1.257176
0,1.257176
1,1.272157
0,1.467203
0,1.467203
0,1.467203
0,1.571101
0,1.571101
0,1.386913
0,1.673552
0,1.386913
0,1.673552
1,1.205216
0,1.673552
0,1.348316
0,1.571101
0,1.571101
0,1.571101
0,1.393396
0,1.673552
0,1.393396
0,1.673552
0,1.393396
1,1.293396
0,1.256097
1,1.115132
1,1.115132
0,1.256097
0,2.073552
1,1.643111
1,1.098316
1,1.543111
1,1.098316
1,1.643111
1,1.098316
1,1.643111
1,1.098316
1,1.543111
1,1.098316
0,1.234781
0,0.988978
0,2.073552
0,1.256097
1,1.393265
1,1.643111
0,1.456097
0,1.456097
0,1.256097
0,1.456097
1,1.643111
0,1.456097
1,1.393265
0,1.506097
1,1.393265
0,1.256097
0,1.256097
0,1.256097
0,1.456097
0,1.256097
0,1.456097
1,1.643111
1,1.205216
1,1.643111
1,1.205216
1,1.543111
1,1.205216
1,1.643111
1,1.205216
0,1.256097
0,1.456097
0,1.673552
0,1.256097
1,1.243265
0,1.820614
0,1.155216
0,1.456097
0,1.673552
0,1.282194
0,1.256097
0,1.456097
1,1.543111
0,1.506097
1,1.543111
0,1.506097
0,1.155216
0,1.506097
0,1.256097
0,1.655216
0,1.155216
0,1.655216
0,1.155216
0,1.655216
0,1.155216
0,1.456097
0,1.155216
0,1.655216
0,1.257176
0,1.256097
0,1.422157
0,1.257176
0,1.422157
0,1.256097
0,1.422157
0,1.256097
0,1.422157
0,1.256097
0,1.422157
0,1.155216
0,1.422157
1,1.272157
1,1.272157
1,1.272157
0,1.155216
0,1.655216
0,1.155216
1,1.272157
0,1.433340
1,1.272157
0,1.484481
1,1.272157
0,1.257176
0,1.155216
0,1.655216
0,1.155216
0,1.655216
0,1.155216
0,1.655216
0,1.257176
1,1.272157
0,1.155216
0,1.655216
0,1.155216
0,1.655216
0,1.155216
0,1.655216
1,1.543111
0,1.655216
1,1.543111
0,1.655216
0,1.155216
0,1.322157
0,1.155216
0,1.155216
0,1.398316
0,1.155216
0,1.398316
0,1.155216
0,1.398316
1,1.643111
0,1.398316
0,1.298270
0,1.298270
0,1.192099
1,1.245487
1,1.643111
0,1.256097
1,1.343111
0,1.655216
0,1.433340
0,1.433340
1,1.487114
1,1.487114
0,1.298270
0,1.655216
0,1.298270
0,1.655216
0,1.298270
0,1.655216
0,1.298270
0,1.655216
0,1.298270
0,1.655216
0,1.298270
0,1.655216
0,1.383340
0,1.648270
0,1.298270
0,1.298270
0,1.298270
0,1.398316
0,1.186913
0,1.398316
0,1.186913
0,1.186913
1,1.461794
0,1.398316
1,1.361794
0,1.398316
1,1.461794
0,1.398316
0,1.186913
1,1.643396
1,1.086913
0,1.398316
0,1.186913
1,1.086913
0,1.186913
1,1.143111
1,1.461794
0,1.398316
1,1.361794
0,1.398316
1,1.361794
0,1.398316
1,1.448316
1,1.093265
1,1.448316
0,1.398316
1,1.448316
1,1.093265
1,1.361794
1,1.093265
0,1.186913
1,1.093265
1,1.643396
1,1.086913
0,1.186913
1,1.236913
0,1.386913
0,1.386913
0,1.386913
0,1.178594
1,1.082194
0,1.322157
1,1.241870
0,1.341870
1,1.441870
1,1.091870
0,1.341870
1,1.441870
0,1.391870
1,1.491870
0,1.391870
1,1.378594
0,1.186913
1,1.232194
1,1.232194
1,1.543111
1,1.082194
0,1.322157
0,1.322157
1,1.643111
1,0.961794
1,1.643111
0,1.261794
1,1.643111
0,1.211794
0,1.322157
0,1.322157
0,1.421101
0,1.798270
0,1.421101
0,1.211794
0,1.322157
0,1.322157
0,1.322157
0,1.421101
0,1.322157
0,1.421101
0,1.322157
0,1.421101
0,1.421101
1,1.143111
1,1.232194
1,1.232194
0,1.211794
0,1.211794
1,1.543111
1,1.143111
1,1.543111
1,1.082194
1,1.643111
1,1.082194
1,1.543111
1,1.082194
1,1.643111
1,1.082194
1,1.543111
1,1.082194
1,1.643111
1,1.082194
1,1.643111
1,1.082194
0,1.322157
1,1.082194
1,1.543111
1,1.082194
1,1.543111
1,1.082194
1,1.232194
0,0
0,2
0,4
0,1
1,2
1,1
1,1
0,1
1,3
0,1
1,4
1,3
1,3
1,3
1,3
1,3
0,1
1,4
0,1
0,5
0,5
1,3
1,3
0,1
0,5
0,4
0,5
0,3
0,0
0,1
0,0
0,0
0,3
0,5
0,3
0,5
0,5
0,5
0,5
0,0
0,1
0,0
0,8
0,0
1,0
1,0
0,5
0,7
0,5
0,5
0,0
0,7
0,0
0,1
0,1
0,0
0,1
0,0
0,1
0,1
0,7
0,5
0,5
1,3
1,3
1,3
1,3
1,3
1,3
1,5
0,5
1,6
0,5
1,6
0,2
1,6
1,6
0,2
1,6
0,2
1,7
0,5
0,0
0,0
0,5
1,1
1,4
0,3
1,4
0,2
1,4
1,1
1,4
1,1
1,1
0,2
0,2
0,2
1,4
0,5
0,0
0,0
1,1
1,1
0,0
0,4
0,0
0,4
1,5
0,5
1,2
0,2
0,3
1,4
0,5
0,2
0,4
1,1
0,2
1,1
0,0
0,2
1,7
0,4
1,4
0,4
0,2
0,3
1,1
1,1
1,5
0,2
0,2
0,3
0,3
0,2
1,4
0,7
0,0
0,3
0,0
0,3
1,3
0,2
0,3
0,2
0,3
1,4
1,4
0,2
1,4
0,2
1,4
0,8
1,4
0,4
1,3
1,3
1,4
0,4
1,3
0,4
1,3
0,1
1,3
0,2
1,7
0,4
1,3
1,3
0,5
0,5
0,5
1,4
0,4
1,7
0,5
1,3
1,6
0,3
1,4
0,5
1,7
1,7
0,5
1,7
0,5
1,0
0,5
0,0
0,5
1,4
1,0
0,0
0,1
1,4
1,0
1,4
0,1
1,4
1,0
0,0
0,0
0,1
1,4
0,1
1,5
0,1
1,3
0,1
0,2
1,0
0,1
0,2
1,0
1,0
0,2
1,6
0,1
0,2
0,5
0,2
1,0
0,0
1,0
0,0
1,4
0,0
1,4
0,0
0,5
0,0
0,5
0,0
0,5
1,6
0,3
1,6
0,3
1,6
0,5
1,4
0,5
1,4
0,5
1,7
0,5
1,7
0,4
1,7
0,3
0,4
0,3
1,2
1,7
0,4
0,5
1,7
0,2
1,7
0,2
1,6
0,2
0,5
1,2
1,2
1,2
0,8
1,2
0,8
1,6
0,4
1,5
0,4
1,5
0,2
1,5
0,8
1,3
0,8
1,2
1,2
0,5
1,2
1,4
0,5
1,7
0,8
0,0
0,8
0,0
0,5
1,7
0,5
1,7
0,8
0,2
0,5
0,0
0,8
0,0
0,8
0,0
0,3
1,4
0,3
0,3
1,2
0,3
1,2
0,4
1,4
0,3
1,4
0,5
1,4
0,8
1,7
0,5
0,0
0,0
0,3
1,6
0,6
1,6
0,3
1,4
0,3
1,5
0,3
0,3
1,4
0,6
1,6
0,6
1,6
0,6
1,6
0,1
1,5
0,6
1,5
0,3
1,5
0,2
1,5
0,5
1,5
0,3
1,6
0,3
1,6
1,6
0,3
1,6
0,6
1,6
1,2
1,4
0,4
0,0
0,0
1,1
0,0
0,0
1,3
0,3
0,3
1,1
1,3
0,3
1,3
1,3
0,2
1,4
0,4
1,4
0,5
1,4
0,5
1,4
0,4
1,4
0,8
1,6
0,4
0,4
1,6
1,6
0,4
1,6
0,5
1,3
0,4
1,7
0,3
1,4
0,5
0,0
0,8
0,3
0,3
0,3
1,2
1,4
0,8
0,0
0,8
0,0
0,5
1,7
0,5
1,4
0,5
0,1
1,2
1,5
0,5
1,2
0,5
0,1
1,2
0,2
1,4
1,5
0,7
1,3
1,4
1,4
1,3
0,5
1,3
1,4
0,5
0,1
1,2
1,4
0,5
1,3
1,3
0,5
1,3
0,3
0,1
1,2
0,1
1,3
1,4
0,3
1,2
1,2
0,0
0,3
0,0
0,1
1,4
1,2
1,2
0,7
1,4
0,5
1,7
0,7
1,2
1,2
1,2
1,2
0,7
1,7
1,2
1,3
1,2
1,2
1,2
1,6
0,1
0,7
1,7
0,5
1,4
0,7
1,7
0,3
1,6
0,2
0,1
0,7
0,1
0,5
0,1
0,5
0,1
0,4
0,1
0,7
1,8
0,5
1,8
0,5
0,1
16.428318,1920.000000
4.108189,1920.000000
4.207270,1920.000000
6.369319,1920.000000
4.038684,1920.000000
13.346437,1920.000000
4.387688,1920.000000
3.816120,1920.000000
4.294521,1920.000000
13.166760,1920.000000
2.462991,1920.000000
2.331375,1920.000000
12.119009,1920.000000
6.215521,1920.000000
9.701862,1920.000000
14.065149,1920.000000
7.673647,1920.000000
8.685166,1920.000000
2.996848,1920.000000
1.718400,1920.000000
2.248560,1920.000000
4.284169,1920.000000
4.117062,1920.000000
1.467738,1920.000000
1.912866,1920.000000
2.408274,1920.000000
5.766696,1920.000000
2.967272,1920.000000
1.770898,1920.000000
1.634846,1920.000000
7.652943,1920.000000
0.799307,1920.000000
1.209683,1920.000000
6.645860,1920.000000
3.078184,1920.000000
5.380722,1920.000000
7.612276,1920.000000
3.439758,1920.000000
3.239376,1920.000000
2.461512,1920.000000
1.194155,1920.000000
1.978674,1920.000000
3.544755,1920.000000
1.695478,1920.000000
1.670338,1920.000000
2.318065,1920.000000
2.134691,1920.000000
4.394342,1920.000000
2.482216,1920.000000
1.909908,1920.000000
1.910648,1920.000000
5.534520,1920.000000
0.905044,1920.000000
1.143135,1920.000000
4.961473,1920.000000
2.558375,1920.000000
3.847915,1920.000000
5.347448,1920.000000
2.824565,1920.000000
2.716610,1920.000000
1.072151,1920.000000
1.046272,1920.000000
0.869552,1920.000000
7.278060,1920.000000
1.708048,1920.000000
4.062345,1920.000000
6.693922,1920.000000
1.894381,1920.000000
7.310594,1920.000000
2.102156,1920.000000
2.775024,1920.000000
4.355893,1920.000000
6.710929,1920.000000
1.738364,1920.000000
2.671506,1920.000000
5.365933,1920.000000
3.490038,1920.000000
5.472409,1920.000000
5.367412,1920.000000
4.597681,1920.000000
4.792147,1920.000000
1.294715,1920.000000
0.910959,1920.000000
1.152748,1920.000000
2.678160,1920.000000
2.609395,1920.000000
1.137959,1920.000000
1.479569,1920.000000
3.033819,1920.000000
3.052304,1920.000000
2.145042,1920.000000
2.219723,1920.000000
1.793081,1920.000000
8.084762,1920.000000
0.887298,1920.000000
1.130565,1920.000000
5.250585,1920.000000
2.699603,1920.000000
3.312578,1920.000000
5.893136,1920.000000
2.593867,1920.000000
2.494786,1920.000000
1.688823,1920.000000
1.510624,1920.000000
1.289539,1920.000000
11.674621,1920.000000
5.950071,1920.000000
4.756656,1920.000000
6.632551,1920.000000
4.137765,1920.000000
13.404851,1920.000000
5.566315,1920.000000
4.091182,1920.000000
5.563357,1920.000000
13.470659,1920.000000
1.901035,1920.000000
3.709644,1920.000000
12.606283,1920.000000
7.099122,1920.000000
12.604804,1920.000000
14.817133,1920.000000
8.021172,1920.000000
6.475056,1920.000000
3.589859,1920.000000
2.072580,1920.000000
3.022728,1920.000000
3.325148,1920.000000
2.823086,1920.000000
1.479569,1920.000000
2.023039,1920.000000
2.088847,1920.000000
4.593984,1920.000000
3.651970,1920.000000
1.733928,1920.000000
1.586045,1920.000000
8.432287,1920.000000
0.807441,1920.000000
0.961239,1920.000000
7.195985,1920.000000
3.888583,1920.000000
5.270549,1920.000000
5.553005,1920.000000
3.098887,1920.000000
3.144731,1920.000000
1.439641,1920.000000
1.207464,1920.000000
1.395276,1920.000000
2.885197,1920.000000
2.224160,1920.000000
1.274012,1920.000000
1.584566,1920.000000
2.333593,1920.000000
2.468167,1920.000000
1.780511,1920.000000
2.261870,1920.000000
2.301059,1920.000000
6.779694,1920.000000
1.146832,1920.000000
1.491400,1920.000000
4.688629,1920.000000
2.931780,1920.000000
3.247510,1920.000000
5.782963,1920.000000
3.135858,1920.000000
2.491089,1920.000000
1.274751,1920.000000
1.478090,1920.000000
1.254048,1920.000000
5.517513,1920.000000
1.915084,1920.000000
2.795727,1920.000000
5.023584,1920.000000
1.785687,1920.000000
4.804717,1920.000000
1.662205,1920.000000
2.688512,1920.000000
6.855854,1920.000000
5.676488,1920.000000
1.845579,1920.000000
2.113248,1920.000000
4.696023,1920.000000
2.846008,1920.000000
5.527865,1920.000000
4.820985,1920.000000
4.367723,1920.000000
3.864182,1920.000000
1.217816,1920.000000
1.447774,1920.000000
1.233344,1920.000000
11.618425,1920.000000
8.371655,1920.000000
4.855737,1920.000000
7.200421,1920.000000
5.777048,1920.000000
12.819974,1920.000000
7.763856,1920.000000
5.084956,1920.000000
6.500935,1920.000000
23.969610,1920.000000
3.011637,1920.000000
3.450849,1920.000000
19.397808,1920.000000
11.314525,1920.000000
12.966378,1920.000000
17.517476,1920.000000
8.698476,1920.000000
8.053706,1920.000000
5.534520,1920.000000
3.204624,1920.000000
4.735212,1920.000000
2.917731,1920.000000
0.860679,1920.000000
1.276230,1920.000000
1.645937,1920.000000
0.929444,1920.000000
2.383873,1920.000000
0.706141,1920.000000
0.950887,1920.000000
1.595657,1920.000000
3.019031,1920.000000
0.786737,1920.000000
0.901347,1920.000000
2.142085,1920.000000
1.210422,1920.000000
2.185710,1920.000000
2.619007,1920.000000
1.901775,1920.000000
1.710266,1920.000000
0.967155,1920.000000
0.788956,1920.000000
0.607799,1920.000000
2.267046,1920.000000
1.174930,1920.000000
1.002646,1920.000000
1.413761,1920.000000
1.733188,1920.000000
2.587212,1920.000000
1.613403,1920.000000
1.633367,1920.000000
2.168704,1920.000000
4.324837,1920.000000
0.774907,1920.000000
1.035920,1920.000000
3.390956,1920.000000
1.915084,1920.000000
2.646366,1920.000000
3.967700,1920.000000
2.359473,1920.000000
2.227857,1920.000000
0.976028,1920.000000
0.900607,1920.000000
0.864376,1920.000000
15.734008,1920.000000
5.833243,1920.000000
4.445362,1920.000000
7.207076,1920.000000
4.309310,1920.000000
16.867531,1920.000000
6.021055,1920.000000
3.291875,1920.000000
4.879398,1920.000000
14.451863,1920.000000
2.409753,1920.000000
2.666330,1920.000000
15.729571,1920.000000
7.635937,1920.000000
13.430731,1920.000000
17.470893,1920.000000
9.032691,1920.000000
7.968673,1920.000000
4.517825,1920.000000
1.932830,1920.000000
3.330324,1920.000000
7.050320,1920.000000
2.324720,1920.000000
3.197230,1920.000000
5.811800,1920.000000
1.655550,1920.000000
8.024869,1920.000000
2.760975,1920.000000
2.420105,1920.000000
3.933687,1920.000000
8.507707,1920.000000
1.520976,1920.000000
2.273701,1920.000000
8.044833,1920.000000
4.480854,1920.000000
6.998561,1920.000000
5.980387,1920.000000
4.620603,1920.000000
4.674580,1920.000000
2.014905,1920.000000
0.911698,1920.000000
1.765723,1920.000000
11.040203,1920.000000
4.810633,1920.000000
4.447580,1920.000000
6.140840,1920.000000
2.921428,1920.000000
12.117530,1920.000000
4.257551,1920.000000
3.792459,1920.000000
7.116868,1920.000000
12.331221,1920.000000
2.224899,1920.000000
3.890061,1920.000000
12.306820,1920.000000
6.035104,1920.000000
14.877026,1920.000000
12.800010,1920.000000
7.735758,1920.000000
6.415902,1920.000000
3.544755,1920.000000
2.108072,1920.000000
2.897767,1920.000000
12.856205,1920.000000
8.262221,1920.000000
4.059387,1920.000000
5.671312,1920.000000
5.863559,1920.000000
13.608930,1920.000000
6.101651,1920.000000
4.418743,1920.000000
4.815809,1920.000000
18.177034,1920.000000
2.572424,1920.000000
3.101106,1920.000000
16.875664,1920.000000
7.809699,1920.000000
13.564565,1920.000000
22.983231,1920.000000
10.477508,1920.000000
8.277009,1920.000000
6.361925,1920.000000
3.110718,1920.000000
4.467544,1920.000000
8.301410,1920.000000
4.117801,1920.000000
2.604219,1920.000000
3.950693,1920.000000
3.020510,1920.000000
7.624106,1920.000000
2.837874,1920.000000
2.962835,1920.000000
3.391696,1920.000000
9.101457,1920.000000
1.850755,1920.000000
2.054094,1920.000000
8.913646,1920.000000
4.403955,1920.000000
7.314291,1920.000000
11.987393,1920.000000
6.472837,1920.000000
5.444311,1920.000000
2.755060,1920.000000
1.677732,1920.000000
2.275919,1920.000000
6.831453,1920.000000
4.089703,1920.000000
2.667069,1920.000000
3.393914,1920.000000
3.554367,1920.000000
6.223654,1920.000000
3.046389,1920.000000
3.067832,1920.000000
3.569895,1920.000000
10.745176,1920.000000
1.776074,1920.000000
1.868501,1920.000000
8.501792,1920.000000
4.224277,1920.000000
5.252063,1920.000000
8.456687,1920.000000
5.249106,1920.000000
5.016930,1920.000000
2.114726,1920.000000
1.557208,1920.000000
1.986808,1920.000000
3.455285,1920.000000
1.571256,1920.000000
1.333904,1920.000000
2.250779,1920.000000
0.998949,1920.000000
3.731827,1920.000000
1.347953,1920.000000
1.584566,1920.000000
2.113248,1920.000000
5.261676,1920.000000
1.044793,1920.000000
1.064018,1920.000000
4.703418,1920.000000
1.996420,1920.000000
4.160687,1920.000000
4.025374,1920.000000
3.191314,1920.000000
2.103635,1920.000000
1.560905,1920.000000
0.591532,1920.000000
1.062539,1920.000000
1.386403,1920.000000
1.134262,1920.000000
0.976028,1920.000000
1.066236,1920.000000
1.518019,1920.000000
2.064446,1920.000000
1.282145,1920.000000
1.320595,1920.000000
1.083243,1920.000000
3.438279,1920.000000
0.606320,1920.000000
0.818532,1920.000000
2.318805,1920.000000
1.556468,1920.000000
1.943182,1920.000000
2.737314,1920.000000
1.571996,1920.000000
1.691781,1920.000000
0.632200,1920.000000
0.814835,1920.000000
0.605581,1920.000000
3.047128,1920.000000
1.256266,1920.000000
1.167536,1920.000000
1.929133,1920.000000
0.943493,1920.000000
3.612781,1920.000000
1.218556,1920.000000
1.174930,1920.000000
1.698436,1920.000000
3.096669,1920.000000
0.707620,1920.000000
1.222992,1920.000000
3.223849,1920.000000
1.580869,1920.000000
3.949954,1920.000000
3.684504,1920.000000
2.135430,1920.000000
1.713964,1920.000000
1.040357,1920.000000
0.461395,1920.000000
1.423374,1920.000000
14.216788,1920.000000
5.369012,1920.000000
4.295949,1920.000000
5.973950,1920.000000
3.274653,1920.000000
12.680038,1920.000000
4.471958,1920.000000
3.802680,1920.000000
4.906064,1920.000000
13.637733,1920.000000
2.149823,1920.000000
2.555827,1920.000000
13.458027,1920.000000
6.104847,1920.000000
10.717316,1920.000000
13.860333,1920.000000
7.416040,1920.000000
7.481858,1920.000000
3.466193,1920.000000
1.859926,1920.000000
2.694120,1920.000000
4.647227,1920.000000
3.375230,1920.000000
1.936838,1920.000000
2.626822,1920.000000
1.953107,1920.000000
5.618234,1920.000000
2.914501,1920.000000
1.757131,1920.000000
2.073651,1920.000000
7.089906,1920.000000
1.063449,1920.000000
1.323025,1920.000000
6.907241,1920.000000
3.143016,1920.000000
5.115352,1920.000000
7.766579,1920.000000
3.623713,1920.000000
3.244333,1920.000000
1.975293,1920.000000
1.105602,1920.000000
1.760089,1920.000000
3.997177,1920.000000
1.868801,1920.000000
2.303646,1920.000000
3.150412,1920.000000
1.809638,1920.000000
4.768511,1920.000000
1.981949,1920.000000
1.747517,1920.000000
2.156479,1920.000000
5.220366,1920.000000
0.919979,1920.000000
1.428039,1920.000000
4.102931,1920.000000
2.515153,1920.000000
3.727987,1920.000000
4.321833,1920.000000
2.851640,1920.000000
2.660841,1920.000000
1.137402,1920.000000
1.301579,1920.000000
0.919979,1920.000000
6.092275,1920.000000
2.416795,1920.000000
2.922636,1920.000000
5.513960,1920.000000
2.641613,1920.000000
6.568535,1920.000000
2.370944,1920.000000
2.516632,1920.000000
4.017884,1920.000000
7.875290,1920.000000
1.428039,1920.000000
1.993782,1920.000000
6.284554,1920.000000
4.341800,1920.000000
5.891862,1920.000000
6.302303,1920.000000
3.929880,1920.000000
4.063735,1920.000000
1.777099,1920.000000
1.295662,1920.000000
1.501992,1920.000000
3.435872,1920.000000
2.047028,1920.000000
1.961242,1920.000000
2.532162,1920.000000
2.623864,1920.000000
4.484530,1920.000000
1.805940,1920.000000
1.987865,1920.000000
2.370204,1920.000000
6.087099,1920.000000
0.962872,1920.000000
1.681699,1920.000000
4.271544,1920.000000
2.209725,1920.000000
3.608922,1920.000000
5.580518,1920.000000
3.182212,1920.000000
2.756980,1920.000000
1.186951,1920.000000
1.188430,1920.000000
1.020556,1920.000000
11.466464,1920.000000
6.000573,1920.000000
4.616906,1920.000000
6.900585,1920.000000
4.063735,1920.000000
15.297986,1920.000000
5.683313,1920.000000
3.857406,1920.000000
5.094645,1920.000000
13.490566,1920.000000
2.030019,1920.000000
2.808747,1920.000000
12.096546,1920.000000
7.413821,1920.000000
12.754731,1920.000000
13.301985,1920.000000
7.147589,1920.000000
7.430091,1920.000000
4.176884,1920.000000
2.086963,1920.000000
3.455100,1920.000000
4.760376,1920.000000
2.553608,1920.000000
1.977512,1920.000000
2.661580,1920.000000
1.762308,1920.000000
5.841573,1920.000000
3.586736,1920.000000
1.688355,1920.000000
1.944973,1920.000000
7.310287,1920.000000
0.780947,1920.000000
1.325244,1920.000000
6.550046,1920.000000
3.566769,1920.000000
4.458646,1920.000000
5.420040,1920.000000
2.479655,1920.000000
3.082375,1920.000000
1.541187,1920.000000
1.099686,1920.000000
1.314151,1920.000000
4.020103,1920.000000
1.580383,1920.000000
1.961242,1920.000000
2.409399,1920.000000
2.047028,1920.000000
3.908433,1920.000000
1.773401,1920.000000
2.031498,1920.000000
2.898231,1920.000000
5.391937,1920.000000
1.200263,1920.000000
1.503471,1920.000000
3.454360,1920.000000
2.541776,1920.000000
3.617797,1920.000000
4.974101,1920.000000
3.149672,1920.000000
3.114914,1920.000000
1.103384,1920.000000
1.171421,1920.000000
0.961393,1920.000000
4.755199,1920.000000
1.791150,1920.000000
2.033717,1920.000000
3.550499,1920.000000
2.286637,1920.000000
4.544432,1920.000000
2.066256,1920.000000
2.657883,1920.000000
6.526381,1920.000000
7.179389,1920.000000
1.562634,1920.000000
2.001917,1920.000000
4.911980,1920.000000
3.433653,1920.000000
5.292100,1920.000000
6.186936,1920.000000
3.872196,1920.000000
3.818210,1920.000000
1.578904,1920.000000
1.265341,1920.000000
1.323025,1920.000000
14.459355,1920.000000
6.779302,1920.000000
5.437788,1920.000000
7.860499,1920.000000
6.260149,1920.000000
14.286304,1920.000000
6.838464,1920.000000
5.754309,1920.000000
6.726795,1920.000000
21.664628,1920.000000
3.199221,1920.000000
4.500800,1920.000000
17.450028,1920.000000
8.983850,1920.000000
13.230251,1920.000000
17.609767,1920.000000
9.737435,1920.000000
9.426831,1920.000000
4.447553,1920.000000
3.436611,1920.000000
3.765704,1920.000000
2.195674,1920.000000
0.997630,1920.000000
0.758761,1920.000000
1.343732,1920.000000
1.232062,1920.000000
2.214902,1920.000000
0.739533,1920.000000
1.172160,1920.000000
1.417685,1920.000000
3.245072,1920.000000
0.823840,1920.000000
0.716608,1920.000000
2.578013,1920.000000
1.334118,1920.000000
2.229693,1920.000000
3.229542,1920.000000
2.001177,1920.000000
1.840698,1920.000000
0.806091,1920.000000
0.638217,1920.000000
0.590148,1920.000000
2.458209,1920.000000
1.465755,1920.000000
1.463536,1920.000000
1.958284,1920.000000
1.516783,1920.000000
2.810227,1920.000000
1.209137,1920.000000
1.758610,1920.000000
2.080307,1920.000000
4.044508,1920.000000
0.680371,1920.000000
1.197304,1920.000000
2.706692,1920.000000
1.941275,1920.000000
2.834631,1920.000000
3.538667,1920.000000
2.477437,1920.000000
2.231172,1920.000000
0.828277,1920.000000
1.019077,1920.000000
0.758022,1920.000000
14.633145,1920.000000
6.918334,1920.000000
4.261930,1920.000000
5.973210,1920.000000
4.159135,1920.000000
12.546182,1920.000000
5.748392,1920.000000
3.684355,1920.000000
5.105738,1920.000000
16.981903,1920.000000
2.132814,1920.000000
2.807268,1920.000000
19.624995,1920.000000
7.257040,1920.000000
12.514382,1920.000000
17.605330,1920.000000
9.819523,1920.000000
7.295496,1920.000000
4.371381,1920.000000
2.223037,1920.000000
3.511304,1920.000000
5.917745,1920.000000
2.956654,1920.000000
2.455251,1920.000000
3.970554,1920.000000
2.674892,1920.000000
6.460563,1920.000000
3.986084,1920.000000
2.465604,1920.000000
3.304235,1920.000000
9.531845,1920.000000
1.271258,1920.000000
1.888768,1920.000000
8.642186,1920.000000
5.817908,1920.000000
6.279377,1920.000000
7.489993,1920.000000
3.826345,1920.000000
4.244921,1920.000000
2.272586,1920.000000
1.437653,1920.000000
2.075870,1920.000000
10.743940,1920.000000
5.220366,1920.000000
3.323463,1920.000000
5.743216,1920.000000
3.495774,1920.000000
11.198013,1920.000000
5.138277,1920.000000
3.483202,1920.000000
5.119049,1920.000000
13.803389,1920.000000
2.223037,1920.000000
2.904147,1920.000000
12.971414,1920.000000
7.015213,1920.000000
13.937984,1920.000000
13.727217,1920.000000
7.503305,1920.000000
6.268284,1920.000000
4.310000,1920.000000
1.897642,1920.000000
3.790108,1920.000000
13.434362,1920.000000
7.659346,1920.000000
4.598418,1920.000000
6.720879,1920.000000
5.696625,1920.000000
13.619245,1920.000000
5.564248,1920.000000
5.213710,1920.000000
6.386610,1920.000000
18.028343,1920.000000
2.953696,1920.000000
3.694708,1920.000000
16.496769,1920.000000
7.450058,1920.000000
13.839626,1920.000000
20.955415,1920.000000
10.736544,1920.000000
8.385568,1920.000000
5.321682,1920.000000
2.801352,1920.000000
3.891424,1920.000000
7.953681,1920.000000
4.070391,1920.000000
2.322874,1920.000000
3.955024,1920.000000
2.827975,1920.000000
7.268873,1920.000000
2.873826,1920.000000
3.073500,1920.000000
3.906215,1920.000000
9.415738,1920.000000
2.414576,1920.000000
2.081047,1920.000000
9.079990,1920.000000
4.182061,1920.000000
7.489254,1920.000000
11.586268,1920.000000
7.532886,1920.000000
4.905324,1920.000000
2.624604,1920.000000
1.397718,1920.000000
2.103972,1920.000000
6.838464,1920.000000
3.107519,1920.000000
3.000287,1920.000000
4.240484,1920.000000
3.029128,1920.000000
7.782109,1920.000000
2.847203,1920.000000
3.267258,1920.000000
3.563811,1920.000000
9.484514,1920.000000
1.805201,1920.000000
2.172009,1920.000000
7.181608,1920.000000
3.878113,1920.000000
6.370340,1920.000000
8.527558,1920.000000
5.224803,1920.000000
5.512481,1920.000000
2.194935,1920.000000
1.451704,1920.000000
1.717936,1920.000000
3.161505,1920.000000
1.974554,1920.000000
1.188430,1920.000000
1.680220,1920.000000
1.345951,1920.000000
3.333077,1920.000000
1.559676,1920.000000
1.093030,1920.000000
1.389583,1920.000000
5.360877,1920.000000
0.957696,1920.000000
0.933291,1920.000000
4.591762,1920.000000
2.419013,1920.000000
4.147303,1920.000000
5.210752,1920.000000
2.600199,1920.000000
2.303646,1920.000000
2.025582,1920.000000
0.579794,1920.000000
1.303058,1920.000000
1.978991,1920.000000
1.300100,1920.000000
1.075281,1920.000000
1.402155,1920.000000
1.317848,1920.000000
2.211205,1920.000000
1.119653,1920.000000
0.984319,1920.000000
1.366658,1920.000000
3.129705,1920.000000
0.592366,1920.000000
0.860817,1920.000000
1.959024,1920.000000
1.367397,1920.000000
1.957545,1920.000000
2.408660,1920.000000
1.825168,1920.000000
1.718675,1920.000000
0.643394,1920.000000
0.858598,1920.000000
0.488832,1920.000000
2.681548,1920.000000
1.580383,1920.000000
0.966570,1920.000000
1.526397,1920.000000
1.130746,1920.000000
3.179993,1920.000000
1.520480,1920.000000
1.087114,1920.000000
1.286788,1920.000000
3.921006,1920.000000
0.658924,1920.000000
0.809789,1920.000000
3.607443,1920.000000
2.044810,1920.000000
3.337514,1920.000000
3.817471,1920.000000
2.234130,1920.000000
1.496815,1920.000000
1.215793,1920.000000
0.543557,1920.000000
1.641764,1920.000000
13.589993,1920.000000
4.973825,1920.000000
4.010720,1920.000000
5.603320,1920.000000
3.847983,1920.000000
11.711864,1920.000000
4.512984,1920.000000
3.735547,1920.000000
5.112891,1920.000000
13.979082,1920.000000
2.213219,1920.000000
2.520939,1920.000000
13.449448,1920.000000
6.365224,1920.000000
11.881997,1920.000000
13.648430,1920.000000
8.291434,1920.000000
6.783161,1920.000000
3.449278,1920.000000
2.123714,1920.000000
2.604527,1920.000000
4.765966,1920.000000
3.417470,1920.000000
1.921033,1920.000000
2.682197,1920.000000
2.100783,1920.000000
5.585567,1920.000000
2.993615,1920.000000
1.577066,1920.000000
2.105221,1920.000000
6.991020,1920.000000
1.104390,1920.000000
1.402494,1920.000000
6.709190,1920.000000
3.289500,1920.000000
4.808869,1920.000000
7.512517,1920.000000
4.122416,1920.000000
3.105312,1920.000000
2.095605,1920.000000
1.134719,1920.000000
1.598518,1920.000000
4.137950,1920.000000
1.682845,1920.000000
2.060838,1920.000000
2.836796,1920.000000
1.813035,1920.000000
4.490053,1920.000000
2.114837,1920.000000
1.793062,1920.000000
2.303464,1920.000000
5.986491,1920.000000
0.860285,1920.000000
1.427645,1920.000000
4.257784,1920.000000
2.455845,1920.000000
3.691164,1920.000000
4.079513,1920.000000
2.614883,1920.000000
3.278405,1920.000000
1.094774,1920.000000
1.004529,1920.000000
0.912805,1920.000000
6.441414,1920.000000
2.330833,1920.000000
2.981040,1920.000000
5.032262,1920.000000
2.108180,1920.000000
7.030225,1920.000000
2.574199,1920.000000
2.566062,1920.000000
4.199346,1920.000000
7.759581,1920.000000
1.210909,1920.000000
1.872212,1920.000000
6.027915,1920.000000
3.967077,1920.000000
6.604890,1920.000000
6.486536,1920.000000
3.861298,1920.000000
4.207483,1920.000000
1.764953,1920.000000
1.219046,1920.000000
1.499397,1920.000000
3.657137,1920.000000
2.401106,1920.000000
1.815254,1920.000000
2.276095,1920.000000
2.747291,1920.000000
3.935269,1920.000000
1.867773,1920.000000
2.094125,1920.000000
2.223575,1920.000000
6.232075,1920.000000
1.023762,1920.000000
1.653997,1920.000000
4.080992,1920.000000
2.357463,1920.000000
3.356074,1920.000000
5.732770,1920.000000
2.966986,1920.000000
2.803509,1920.000000
1.256031,1920.000000
1.230881,1920.000000
1.267867,1920.000000
11.964845,1920.000000
5.814138,1920.000000
4.418301,1920.000000
7.091621,1920.000000
4.030692,1920.000000
15.103444,1920.000000
5.277107,1920.000000
4.072116,1920.000000
5.248258,1920.000000
13.885878,1920.000000
1.932868,1920.000000
2.782797,1920.000000
12.674229,1920.000000
7.412656,1920.000000
12.221525,1920.000000
13.166138,1920.000000
7.050197,1920.000000
7.707801,1920.000000
4.009240,1920.000000
2.149604,1920.000000
3.177064,1920.000000
4.681639,1920.000000
2.531295,1920.000000
2.026072,1920.000000
2.535733,1920.000000
1.804898,1920.000000
5.478309,1920.000000
3.194077,1920.000000
1.550437,1920.000000
2.239849,1920.000000
7.258056,1920.000000
1.042255,1920.000000
1.425425,1920.000000
6.314923,1920.000000
3.533605,1920.000000
4.514464,1920.000000
5.139521,1920.000000
3.111969,1920.000000
3.444840,1920.000000
1.319647,1920.000000
1.019323,1920.000000
1.545999,1920.000000
4.032911,1920.000000
1.855938,1920.000000
1.582984,1920.000000
2.517980,1920.000000
2.356723,1920.000000
3.439662,1920.000000
1.665092,1920.000000
2.230972,1920.000000
2.455845,1920.000000
5.602580,1920.000000
1.138417,1920.000000
1.557834,1920.000000
3.987049,1920.000000
2.277574,1920.000000
3.484045,1920.000000
4.892457,1920.000000
3.117147,1920.000000
3.001752,1920.000000
1.213128,1920.000000
1.200553,1920.000000
1.205731,1920.000000
4.647612,1920.000000
2.129631,1920.000000
2.511323,1920.000000
3.768834,1920.000000
2.282752,1920.000000
5.159493,1920.000000
1.921033,1920.000000
2.280533,1920.000000
6.245390,1920.000000
6.431798,1920.000000
1.411371,1920.000000
2.069715,1920.000000
4.799993,1920.000000
3.287281,1920.000000
5.371790,1920.000000
6.207665,1920.000000
3.933050,1920.000000
3.637905,1920.000000
1.755337,1920.000000
1.233840,1920.000000
1.457233,1920.000000
13.827441,1920.000000
6.692916,1920.000000
5.336284,1920.000000
7.442984,1920.000000
5.818576,1920.000000
13.845194,1920.000000
7.281727,1920.000000
5.592964,1920.000000
6.871927,1920.000000
23.009488,1920.000000
3.461113,1920.000000
4.070636,1920.000000
17.361046,1920.000000
9.132487,1920.000000
12.893184,1920.000000
17.913611,1920.000000
9.616259,1920.000000
10.001649,1920.000000
4.785198,1920.000000
3.140078,1920.000000
3.764395,1920.000000
2.301984,1920.000000
1.099952,1920.000000
1.193156,1920.000000
1.364029,1920.000000
1.277483,1920.000000
1.920293,1920.000000
0.797410,1920.000000
0.975680,1920.000000
1.480904,1920.000000
2.986958,1920.000000
0.994173,1920.000000
0.876559,1920.000000
2.431434,1920.000000
1.438001,1920.000000
2.286450,1920.000000
3.211091,1920.000000
1.872212,1920.000000
1.571888,1920.000000
0.815163,1920.000000
0.628016,1920.000000
0.587332,1920.000000
2.645211,1920.000000
1.347756,1920.000000
1.255292,1920.000000
2.085249,1920.000000
1.689503,1920.000000
2.695511,1920.000000
1.217566,1920.000000
1.994264,1920.000000
2.066756,1920.000000
4.273318,1920.000000
0.747849,1920.000000
1.153211,1920.000000
2.895234,1920.000000
1.825610,1920.000000
2.858248,1920.000000
3.519551,1920.000000
2.145905,1920.000000
2.297546,1920.000000
0.717521,1920.000000
0.770040,1920.000000
0.779657,1920.000000
13.441311,1920.000000
6.592315,1920.000000
4.307344,1920.000000
6.119639,1920.000000
4.472300,1920.000000
13.570760,1920.000000
6.433277,1920.000000
3.784368,1920.000000
4.889498,1920.000000
16.513336,1920.000000
2.498748,1920.000000
2.936658,1920.000000
18.922578,1920.000000
7.745527,1920.000000
12.647600,1920.000000
16.940150,1920.000000
9.727216,1920.000000
7.096799,1920.000000
4.503368,1920.000000
2.509844,1920.000000
3.539523,1920.000000
6.203966,1920.000000
3.039478,1920.000000
2.780578,1920.000000
4.327316,1920.000000
2.652608,1920.000000
7.528051,1920.000000
3.421169,1920.000000
2.611924,1920.000000
3.627549,1920.000000
9.287827,1920.000000
1.248634,1920.000000
1.785665,1920.000000
7.616817,1920.000000
5.115110,1920.000000
6.675163,1920.000000
7.189263,1920.000000
3.896064,1920.000000
4.711967,1920.000000
2.123714,1920.000000
1.227922,1920.000000
1.906978,1920.000000
11.205161,1920.000000
5.407296,1920.000000
3.771793,1920.000000
6.257226,1920.000000
3.181502,1920.000000
12.304373,1920.000000
4.713446,1920.000000
3.563194,1920.000000
5.200917,1920.000000
12.585464,1920.000000
2.095605,1920.000000
2.955890,1920.000000
12.961238,1920.000000
6.744696,1920.000000
13.839276,1920.000000
13.930261,1920.000000
7.501422,1920.000000
6.232075,1920.000000
4.058061,1920.000000
1.997223,1920.000000
3.325006,1920.000000
13.047784,1920.000000
7.494025,1920.000000
4.844375,1920.000000
6.956993,1920.000000
5.507157,1920.000000
13.261561,1920.000000
5.945067,1920.000000
4.913908,1920.000000
5.776413,1920.000000
17.412826,1920.000000
3.049094,1920.000000
3.668973,1920.000000
17.753093,1920.000000
8.001467,1920.000000
13.312601,1920.000000
21.041114,1920.000000
10.764292,1920.000000
8.096890,1920.000000
5.373270,1920.000000
2.899672,1920.000000
4.333974,1920.000000
6.973267,1920.000000
3.973734,1920.000000
2.476557,1920.000000
4.118718,1920.000000
2.915206,1920.000000
7.118251,1920.000000
3.037998,1920.000000
3.005451,1920.000000
3.981131,1920.000000
9.831515,1920.000000
1.821171,1920.000000
2.459543,1920.000000
9.078488,1920.000000
4.312522,1920.000000
7.584269,1920.000000
12.159389,1920.000000
6.814229,1920.000000
4.458246,1920.000000
2.806468,1920.000000
1.735365,1920.000000
2.411462,1920.000000
7.925277,1920.000000
3.118627,1920.000000
2.759127,1920.000000
3.964858,1920.000000
3.060189,1920.000000
7.440026,1920.000000
2.857508,1920.000000
3.353115,1920.000000
3.721492,1920.000000
9.815241,1920.000000
1.911416,1920.000000
2.148124,1920.000000
7.316494,1920.000000
4.105403,1920.000000
5.832631,1920.000000
8.516307,1920.000000
5.083302,1920.000000
5.294860,1920.000000
2.025332,1920.000000
1.384741,1920.000000
1.562272,1920.000000
3.498099,1920.000000
2.261300,1920.000000
1.140636,1920.000000
1.840404,1920.000000
1.236059,1920.000000
3.836887,1920.000000
1.523067,1920.000000
1.042994,1920.000000
1.395837,1920.000000
5.006372,1920.000000
0.902449,1920.000000
0.888394,1920.000000
4.339892,1920.000000
2.377435,1920.000000
3.922694,1920.000000
5.245299,1920.000000
2.820523,1920.000000
2.171055,1920.000000
1.853719,1920.000000
0.550346,1920.000000
1.309291,1920.000000
1.756077,1920.000000
1.045953,1920.000000
0.863984,1920.000000
1.280442,1920.000000
1.174663,1920.000000
1.929909,1920.000000
1.108829,1920.000000
1.498657,1920.000000
1.406193,1920.000000
3.396759,1920.000000
0.600646,1920.000000
0.820341,1920.000000
2.245766,1920.000000
1.250114,1920.000000
2.013497,1920.000000
2.685155,1920.000000
1.619970,1920.000000
1.688763,1920.000000
0.664262,1920.000000
1.014145,1920.000000
0.497826,1920.000000
2.796852,1920.000000
1.861856,1920.000000
0.894312,1920.000000
1.586683,1920.000000
1.109568,1920.000000
3.066107,1920.000000
1.383262,1920.000000
0.981598,1920.000000
1.426165,1920.000000
3.735547,1920.000000
0.612482,1920.000000
0.741931,1920.000000
3.503277,1920.000000
1.907718,1920.000000
3.254734,1920.000000
4.062500,1920.000000
2.238369,1920.000000
1.741283,1920.000000
1.310030,1920.000000
0.537771,1920.000000
1.530465,1920.000000
13.640112,1920.000000
5.311312,1920.000000
3.939457,1920.000000
5.633927,1920.000000
3.725614,1920.000000
12.567934,1920.000000
4.464817,1920.000000
3.713035,1920.000000
5.125586,1920.000000
13.310837,1920.000000
2.110318,1920.000000
2.586841,1920.000000
13.943488,1920.000000
6.236981,1920.000000
11.082868,1920.000000
13.661570,1920.000000
7.968448,1920.000000
7.095315,1920.000000
3.496231,1920.000000
2.197631,1920.000000
2.615699,1920.000000
5.181082,1920.000000
3.592424,1920.000000
1.621215,1920.000000
2.570562,1920.000000
2.144355,1920.000000
5.793015,1920.000000
2.771087,1920.000000
1.774384,1920.000000
1.960109,1920.000000
7.003562,1920.000000
1.066258,1920.000000
1.391833,1920.000000
6.102311,1920.000000
2.918336,1920.000000
5.053072,1920.000000
7.879654,1920.000000
3.875822,1920.000000
3.166217,1920.000000
2.312322,1920.000000
1.101035,1920.000000
1.752185,1920.000000
4.317568,1920.000000
1.936431,1920.000000
2.094039,1920.000000
2.861360,1920.000000
1.677451,1920.000000
4.443359,1920.000000
1.859477,1920.000000
1.793622,1920.000000
2.336000,1920.000000
5.274315,1920.000000
0.753262,1920.000000
1.323018,1920.000000
4.526232,1920.000000
2.810304,1920.000000
3.950556,1920.000000
4.536591,1920.000000
2.705232,1920.000000
2.667495,1920.000000
1.043320,1920.000000
1.134333,1920.000000
0.855374,1920.000000
5.872929,1920.000000
2.712632,1920.000000
2.943494,1920.000000
5.270615,1920.000000
2.391496,1920.000000
6.545537,1920.000000
2.720031,1920.000000
2.421834,1920.000000
4.221376,1920.000000
7.895193,1920.000000
1.257903,1920.000000
1.877976,1920.000000
6.290997,1920.000000
4.293150,1920.000000
6.171126,1920.000000
6.296176,1920.000000
3.959436,1920.000000
4.387123,1920.000000
1.627135,1920.000000
1.171330,1920.000000
1.426610,1920.000000
3.459974,1920.000000
2.209470,1920.000000
1.658953,1920.000000
2.085160,1920.000000
2.689693,1920.000000
4.285011,1920.000000
1.887595,1920.000000
2.094779,1920.000000
2.222789,1920.000000
6.714984,1920.000000
1.092896,1920.000000
1.544261,1920.000000
4.159220,1920.000000
2.258306,1920.000000
3.512510,1920.000000
5.118927,1920.000000
3.098142,1920.000000
3.192115,1920.000000
1.362235,1920.000000
1.074397,1920.000000
1.244584,1920.000000
12.121008,1920.000000
5.724200,1920.000000
4.800011,1920.000000
6.636550,1920.000000
4.221376,1920.000000
14.677512,1920.000000
5.360888,1920.000000
3.886181,1920.000000
4.976118,1920.000000
13.986405,1920.000000
2.032624,1920.000000
2.847301,1920.000000
12.843193,1920.000000
7.327657,1920.000000
11.854629,1920.000000
14.028582,1920.000000
7.227765,1920.000000
7.467506,1920.000000
3.628681,1920.000000
2.283465,1920.000000
3.277948,1920.000000
4.706038,1920.000000
2.530606,1920.000000
2.017085,1920.000000
3.285348,1920.000000
1.613816,1920.000000
5.468920,1920.000000
3.209873,1920.000000
1.682631,1920.000000
2.036324,1920.000000
6.646169,1920.000000
0.791739,1920.000000
1.212767,1920.000000
6.256219,1920.000000
3.482912,1920.000000
4.737856,1920.000000
5.580651,1920.000000
2.882079,1920.000000
3.494751,1920.000000
1.532422,1920.000000
1.255683,1920.000000
1.297120,1920.000000
3.562086,1920.000000
1.688550,1920.000000
1.573859,1920.000000
2.538745,1920.000000
2.244987,1920.000000
3.500671,1920.000000
1.572379,1920.000000
2.263486,1920.000000
2.666755,1920.000000
5.818173,1920.000000
1.354096,1920.000000
1.380734,1920.000000
4.002352,1920.000000
2.344140,1920.000000
3.707115,1920.000000
4.663862,1920.000000
3.075944,1920.000000
3.308286,1920.000000
1.271222,1920.000000
1.280842,1920.000000
0.994484,1920.000000
5.114487,1920.000000
2.055562,1920.000000
2.317502,1920.000000
3.832905,1920.000000
2.220569,1920.000000
5.100428,1920.000000
2.185792,1920.000000
2.360419,1920.000000
6.077153,1920.000000
6.502620,1920.000000
1.262343,1920.000000
2.124377,1920.000000
5.343129,1920.000000
3.323825,1920.000000
5.181822,1920.000000
6.100091,1920.000000
3.908380,1920.000000
3.386720,1920.000000
1.455468,1920.000000
1.308219,1920.000000
1.274922,1920.000000
13.507662,1920.000000
6.642469,1920.000000
5.953582,1920.000000
7.491924,1920.000000
6.103791,1920.000000
14.400773,1920.000000
7.252183,1920.000000
5.476319,1920.000000
6.915509,1920.000000
22.667418,1920.000000
3.670858,1920.000000
4.114824,1920.000000
16.778211,1920.000000
8.840841,1920.000000
12.877970,1920.000000
18.025755,1920.000000
9.181214,1920.000000
9.976653,1920.000000
4.896944,1920.000000
3.105541,1920.000000
3.983854,1920.000000
2.218350,1920.000000
1.138772,1920.000000
0.945647,1920.000000
1.509484,1920.000000
1.015942,1920.000000
2.034104,1920.000000
0.818377,1920.000000
1.233485,1920.000000
1.378514,1920.000000
3.508070,1920.000000
0.754002,1920.000000
0.905690,1920.000000
2.353759,1920.000000
1.228306,1920.000000
2.325641,1920.000000
3.038946,1920.000000
1.801762,1920.000000
1.671532,1920.000000
0.990784,1920.000000
0.634871,1920.000000
0.600834,1920.000000
2.437373,1920.000000
1.389613,1920.000000
1.187609,1920.000000
1.732207,1920.000000
1.365195,1920.000000
2.577962,1920.000000
1.455468,1920.000000
1.648593,1920.000000
2.049642,1920.000000
4.526972,1920.000000
0.823557,1920.000000
1.485066,1920.000000
2.964212,1920.000000
1.953450,1920.000000
2.668235,1920.000000
3.770750,1920.000000
2.393716,1920.000000
2.039283,1920.000000
0.856854,1920.000000
0.960446,1920.000000
0.685187,1920.000000
13.452166,1920.000000
5.979480,1920.000000
4.521792,1920.000000
6.447125,1920.000000
4.380463,1920.000000
13.003021,1920.000000
6.606952,1920.000000
4.009752,1920.000000
5.238797,1920.000000
16.670179,1920.000000
2.213910,1920.000000
3.037467,1920.000000
18.504498,1920.000000
8.501947,1920.000000
13.271620,1920.000000
17.154102,1920.000000
9.315884,1920.000000
7.132312,1920.000000
4.256153,1920.000000
1.953450,1920.000000
3.559866,1920.000000
6.410127,1920.000000
3.096662,1920.000000
2.832502,1920.000000
4.212496,1920.000000
2.559463,1920.000000
6.868152,1920.000000
3.369701,1920.000000
2.402595,1920.000000
3.636820,1920.000000
9.020647,1920.000000
1.266043,1920.000000
1.809901,1920.000000
7.911472,1920.000000
5.497038,1920.000000
6.389409,1920.000000
7.907032,1920.000000
4.241354,1920.000000
3.994953,1920.000000
2.077020,1920.000000
1.405892,1920.000000
2.071101,1920.000000
10.863845,1920.000000
5.158884,1920.000000
3.565786,1920.000000
6.168166,1920.000000
3.747812,1920.000000
12.327453,1920.000000
4.509213,1920.000000
3.605743,1920.000000
5.642066,1920.000000
13.345614,1920.000000
2.111798,1920.000000
2.831022,1920.000000
12.962324,1920.000000
6.757901,1920.000000
13.284939,1920.000000
13.551319,1920.000000
7.673210,1920.000000
6.527038,1920.000000
3.812187,1920.000000
2.060742,1920.000000
3.337883,1920.000000
13.660090,1920.000000
7.927751,1920.000000
4.717137,1920.000000
6.737182,1920.000000
5.212899,1920.000000
13.355974,1920.000000
5.685723,1920.000000
5.238797,1920.000000
6.234021,1920.000000
17.879246,1920.000000
3.280908,1920.000000
3.667158,1920.000000
16.905481,1920.000000
7.315078,1920.000000
13.183567,1920.000000
20.691770,1920.000000
11.204959,1920.000000
8.126055,1920.000000
5.556973,1920.000000
2.540225,1920.000000
4.340506,1920.000000
7.734626,1920.000000
3.658279,1920.000000
2.483249,1920.000000
3.781849,1920.000000
3.126260,1920.000000
7.184848,1920.000000
3.214313,1920.000000
3.161777,1920.000000
3.838825,1920.000000
9.313664,1920.000000
1.949010,1920.000000
2.460311,1920.000000
9.245589,1920.000000
4.489975,1920.000000
8.468649,1920.000000
10.735095,1920.000000
6.828195,1920.000000
4.822949,1920.000000
2.707452,1920.000000
1.464347,1920.000000
2.411475,1920.000000
7.025020,1920.000000
3.317165,1920.000000
2.857660,1920.000000
4.193998,1920.000000
3.212833,1920.000000
7.228504,1920.000000
3.008609,1920.000000
3.035987,1920.000000
3.293487,1920.000000
10.030669,1920.000000
1.781043,1920.000000
2.173953,1920.000000
7.287700,1920.000000
4.061548,1920.000000
6.163726,1920.000000
8.475309,1920.000000
4.846628,1920.000000
5.403805,1920.000000
2.290124,1920.000000
1.801022,1920.000000
1.721848,1920.000000
3.341583,1920.000000
2.061482,1920.000000
1.153571,1920.000000
1.692250,1920.000000
1.349656,1920.000000
3.679737,1920.000000
1.586438,1920.000000
1.229785,1920.000000
1.579039,1920.000000
4.902863,1920.000000
0.862774,1920.000000
0.826516,1920.000000
4.314608,1920.000000
2.128076,1920.000000
3.857324,1920.000000
5.406764,1920.000000
2.922035,1920.000000
2.294564,1920.000000
1.907573,1920.000000
0.698506,1920.000000
1.375554,1920.000000
1.912013,1920.000000
1.229046,1920.000000
0.911610,1920.000000
1.359276,1920.000000
1.104735,1920.000000
2.039283,1920.000000
1.047759,1920.000000
1.218686,1920.000000
1.380734,1920.000000
3.345283,1920.000000
0.768061,1920.000000
0.874613,1920.000000
2.168033,1920.000000
1.328198,1920.000000
1.852078,1920.000000
2.744449,1920.000000
1.646373,1920.000000
1.669312,1920.000000
0.614153,1920.000000
0.823557,1920.000000
0.531279,1920.000000
2.720771,1920.000000
1.721108,1920.000000
0.927889,1920.000000
1.616776,1920.000000
1.196488,1920.000000
3.170656,1920.000000
1.244584,1920.000000
1.067738,1920.000000
1.564980,1920.000000
3.641260,1920.000000
0.689627,1920.000000
0.802838,1920.000000
3.660499,1920.000000
1.743306,1920.000000
3.147718,1920.000000
3.953516,1920.000000
2.355239,1920.000000
1.578299,1920.000000
1.333378,1920.000000
0.500942,1920.000000
1.633054,1920.000000
144.374483,1920.000000
71.020171,1920.000000
54.883020,1920.000000
81.740810,1920.000000
57.042420,1920.000000
151.241228,1920.000000
65.749467,1920.000000
54.877940,1920.000000
72.810918,1920.000000
192.001347,1920.000000
32.137213,1920.000000
41.020564,1920.000000
169.254960,1920.000000
89.029619,1920.000000
143.888072,1920.000000
183.571067,1920.000000
103.135779,1920.000000
93.266756,1920.000000
49.182091,1920.000000
30.599956,1920.000000
40.352647,1920.000000
