2,20,0,2,134709819,1.279708
3,3,2,0,1,0.676970
3,3,2,0,1,0.370837
2,20,0,2,1,0.315841
3,1,20,0,3,0.226178
0,3,2,0,3,0.206577
3,8,10,1,2,0.177985
3,0,5,1,0,0.153116
2,14,0,1,0,0.151369
2,3,0,1,0,0.144280
2,11,1,1,0,0.129476
2,9,1,1,0,0.119737
3,3,2,1,0,0.122598
0,0,1,1,0,0.118775
2,19,2,1,0,0.109444
0,3,2,1,0,0.107648
2,4,2,2,0,0.106912
0,2,0,3,0,0.093912
0,3,0,2,0,0.089249
0,2,2,2,0,0.090294
2,18,0,1,0,0.085597
3,3,2,1,0,0.089897
3,0,0,3,1,0.098545
0,0,0,1,1,0.079803
2,20,3,1,1,0.078590
2,2,1,3,1,0.088748
2,16,2,3,1,0.077126
0,2,3,1,1,0.072883
3,1,20,0,0,0.063367
0,2,0,0,0,0.064871
0,3,3,1,0,0.060500
0,3,2,2,0,0.061226
0,1,2,3,0,0.069190
0,3,2,3,0,0.071523
2,14,3,0,0,0.065318
0,0,1,3,0,0.069099
2,20,3,0,0,0.065577
2,6,1,1,0,0.067182
0,3,0,1,0,0.058139
3,3,2,0,0,0.069916
2,8,1,1,0,0.056380
3,3,2,1,0,0.053256
0,1,1,1,0,0.048201
0,0,2,2,0,0.053785
0,0,1,0,0,0.046885
0,3,3,0,0,0.049116
0,2,3,3,0,0.045913
2,1,3,1,0,0.050454
0,0,3,1,0,0.044001
0,3,1,2,0,0.042113
3,19,19,2,3,0.053693
2,14,3,1,3,0.042419
2,17,3,1,3,0.044348
2,18,3,1,3,0.041466
0,3,3,3,3,0.045973
2,20,3,2,3,0.049977
0,1,0,0,3,0.047170
0,1,3,2,3,0.048199
2,0,1,1,3,0.042745
2,13,3,1,3,0.043735
3,16,18,1,2,0.040832
3,5,5,1,2,0.038209
0,1,3,1,2,0.037088
0,0,2,1,2,0.034958
0,0,1,1,2,0.035973
2,3,1,1,2,0.034057
2,12,1,1,2,0.037617
3,6,6,1,3,0.034289
2,3,1,1,3,0.043812
2,4,0,0,3,0.045979
0,2,1,1,3,0.040935
2,14,0,0,3,0.035779
2,13,1,1,3,0.041725
2,20,0,0,3,0.039959
2,15,1,1,3,0.039100
0,3,0,0,3,0.034441
0,3,1,1,3,0.034097
2,7,1,2,3,0.032558
3,14,11,3,0,0.031924
0,0,2,0,0,0.034787
0,0,3,3,0,0.029057
0,1,1,1,0,0.033229
2,19,0,2,0,0.034474
2,10,0,3,0,0.032339
0,2,0,3,0,0.027236
2,8,2,0,0,0.031315
3,1,18,2,0,0.030122
3,2,2,2,3,0.026705
3,18,1,1,3,0.036219
0,3,2,3,3,0.031888
2,4,3,1,3,0.031844
0,1,2,0,3,0.033222
2,14,3,1,3,0.031424
2,13,2,2,3,0.030143
0,3,3,1,3,0.027650
0,1,1,2,3,0.024896
2,0,1,3,3,0.026793
0,3,3,2,3,0.025301
3,6,6,3,3,0.026016
0,0,1,0,3,0.025579
0,2,1,3,3,0.023931
2,9,0,1,3,0.023473
2,9,1,0,3,0.026120
0,0,1,0,3,0.034317
2,20,1,1,3,0.027850
2,2,2,0,3,0.028882
0,1,1,1,3,0.027891
0,1,1,3,3,0.027955
0,1,0,1,3,0.020868
2,7,2,0,3,0.023928
2,9,2,0,3,0.026163
2,4,2,2,3,0.026969
0,1,2,0,3,0.027701
2,20,1,1,3,0.025022
0,3,0,3,3,0.025138
0,0,1,1,3,0.021762
0,1,0,2,3,0.021112
2,18,2,2,3,0.024914
0,3,3,3,3,0.024900
2,14,2,2,3,0.026372
0,1,1,0,3,0.024093
3,14,11,2,0,0.025093
2,11,2,3,0,0.023246
2,3,2,3,0,0.020808
2,11,2,3,0,0.022617
0,0,2,2,0,0.021463
2,3,2,3,0,0.023556
2,14,3,2,0,0.024891
0,0,0,3,0,0.023819
0,0,2,3,0,0.021337
2,14,1,1,0,0.019482
0,2,1,1,0,0.021037
0,0,1,1,0,0.019165
2,9,2,0,0,0.019538
0,2,2,0,0,0.019803
0,3,0,0,0,0.019095
0,3,0,2,0,0.020309
0,2,2,1,0,0.018427
0,3,1,2,0,0.018479
0,2,3,2,0,0.021535
0,3,1,1,0,0.019945
2,18,1,1,0,0.023068
0,3,2,2,0,0.024706
2,3,1,1,0,0.020258
3,18,1,2,3,0.017660
2,15,2,2,3,0.018915
0,1,1,1,3,0.018648
2,17,2,0,3,0.016818
2,18,1,1,3,0.020541
0,2,3,1,3,0.016651
2,16,3,0,3,0.016781
0,3,3,0,3,0.017120
3,2,2,2,3,0.016307
2,16,2,2,3,0.016781
0,1,1,1,3,0.017801
2,13,2,2,3,0.019497
2,20,2,0,3,0.022437
0,2,2,2,3,0.020623
2,4,2,0,3,0.021189
2,2,1,2,3,0.020824
2,14,2,0,3,0.020415
0,2,1,2,3,0.019465
2,14,2,0,3,0.019272
2,14,2,0,3,0.018954
3,19,19,2,3,0.016469
0,3,2,0,3,0.015072
0,3,2,0,3,0.021656
0,0,3,0,3,0.018434
0,0,2,0,3,0.016857
0,3,2,0,3,0.017685
2,14,2,1,3,0.017510
0,3,3,3,3,0.022221
2,14,2,0,3,0.018894
0,3,0,0,3,0.017500
0,1,3,1,3,0.014818
0,2,2,2,3,0.016163
0,3,0,1,3,0.013389
0,3,2,0,3,0.014556
2,15,1,0,3,0.017703
2,3,3,1,3,0.017329
3,2,2,0,3,0.014100
2,3,1,0,3,0.018499
2,14,3,1,3,0.018531
0,3,2,0,3,0.019427
0,3,2,0,3,0.013621
0,1,1,0,3,0.020509
2,14,3,1,3,0.019097
2,13,1,0,3,0.017544
2,1,3,1,3,0.019013
0,0,1,0,3,0.013982
0,0,1,1,3,0.017930
0,0,1,3,3,0.013669
2,18,2,2,3,0.015321
0,0,1,0,3,0.019184
2,4,2,2,3,0.016808
2,2,2,3,3,0.017343
2,20,2,2,3,0.017233
0,1,0,2,3,0.016804
0,2,2,2,3,0.015204
0,3,2,3,3,0.012182
2,7,3,1,3,0.014279
3,6,6,2,3,0.013322
0,2,3,1,3,0.013672
0,2,3,3,3,0.014032
2,14,2,0,3,0.017298
2,11,2,2,3,0.015592
2,18,2,0,3,0.016165
0,3,2,2,3,0.016566
0,2,2,0,3,0.015505
0,3,1,2,3,0.013943
2,0,3,1,3,0.015524
2,2,1,0,3,0.015654
2,7,0,1,3,0.016324
0,1,1,0,3,0.014024
0,2,0,1,3,0.014464
0,2,0,1,3,0.014877
0,2,2,2,3,0.013265
2,20,3,1,3,0.014823
2,0,2,0,3,0.013601
0,3,3,1,3,0.013271
0,3,0,2,3,0.012667
0,0,0,1,3,0.012532
0,3,3,3,3,0.014633
2,9,0,2,3,0.015541
0,1,1,0,3,0.012201
0,2,0,0,3,0.012979
0,2,2,0,3,0.012386
2,8,0,0,3,0.012048
0,0,2,3,3,0.011686
0,2,0,0,3,0.013664
0,1,3,3,3,0.014361
0,2,3,0,3,0.012746
0,2,3,3,3,0.013076
0,3,1,1,3,0.012463
2,14,3,0,3,0.010992
2,4,0,0,3,0.012046
3,18,1,0,3,0.015462
2,6,2,0,3,0.011157
2,9,2,3,3,0.012824
2,8,0,2,3,0.014275
0,3,2,3,3,0.014374
2,18,0,2,3,0.015549
2,13,1,2,3,0.014886
2,4,0,2,3,0.014742
0,3,1,2,3,0.014214
2,14,0,2,3,0.013849
0,1,0,2,3,0.014213
0,3,0,2,3,0.013671
0,3,2,0,3,0.012101
0,3,2,0,3,0.014255
0,1,3,0,3,0.014351
2,14,1,3,3,0.014945
2,2,1,0,3,0.014900
2,4,1,3,3,0.014342
2,1,2,0,3,0.012692
0,1,1,2,3,0.010853
0,1,2,1,3,0.011301
0,1,1,1,3,0.011411
0,1,1,1,3,0.012473
0,3,2,0,3,0.011753
0,3,2,0,3,0.011495
0,2,2,3,3,0.013432
2,14,1,3,3,0.014286
0,3,2,3,3,0.014096
2,20,1,3,3,0.013964
0,1,1,0,3,0.013187
2,4,1,3,3,0.013257
0,3,1,1,3,0.012333
2,1,1,2,3,0.010968
0,2,2,2,3,0.011242
2,1,1,2,3,0.010595
0,2,1,2,3,0.010028
0,2,0,3,3,0.009458
2,14,1,1,3,0.010822
2,11,2,1,3,0.011456
2,11,2,2,3,0.010730
0,2,2,1,3,0.014062
2,18,1,1,3,0.011815
2,2,1,0,3,0.013078
2,7,1,1,3,0.012793
2,19,1,3,3,0.011835
2,14,1,1,3,0.012030
0,3,2,0,3,0.012703
0,3,2,0,3,0.011630
2,2,1,0,3,0.013702
2,14,1,1,3,0.011953
0,3,2,3,3,0.011885
0,2,2,0,3,0.009680
2,11,1,2,3,0.009081
0,3,1,2,3,0.009268
0,2,3,1,3,0.009509
0,2,3,0,3,0.010048
2,17,1,1,3,0.012166
0,0,2,0,3,0.012314
0,0,2,0,3,0.011651
0,2,1,0,3,0.009150
0,2,1,0,3,0.010187
0,1,1,1,3,0.009141
0,2,0,0,3,0.009736
0,1,1,1,3,0.010702
2,8,2,0,3,0.011910
0,2,0,2,3,0.011393
2,4,1,1,3,0.010155
0,0,1,1,3,0.009720
2,4,1,0,3,0.011846
2,0,3,2,3,0.011203
0,0,1,0,3,0.012918
2,4,1,3,3,0.012126
0,1,2,0,3,0.011851
0,0,1,3,3,0.011408
0,0,2,1,3,0.008742
0,1,3,0,3,0.009478
2,20,2,3,3,0.009311
0,2,2,2,3,0.011014
2,18,3,2,3,0.011620
0,0,1,0,3,0.011733
2,14,1,3,3,0.010684
0,2,1,0,3,0.010756
0,1,3,2,3,0.011050
0,3,3,2,3,0.011219
2,14,2,2,3,0.010824
2,12,2,3,3,0.010505
0,2,2,2,3,0.009611
2,14,2,2,3,0.009067
2,14,1,1,3,0.009975
0,2,2,0,3,0.011476
2,19,0,3,3,0.009210
0,0,1,1,3,0.009500
0,0,1,1,3,0.009429
0,1,0,3,3,0.008798
2,9,2,3,3,0.009222
2,9,2,3,3,0.009292
2,5,1,3,3,0.010969
0,3,3,3,3,0.010743
0,0,2,2,3,0.010940
0,3,0,3,3,0.009968
0,3,0,3,3,0.012492
0,3,0,3,3,0.010552
0,1,2,3,3,0.009854
2,16,1,3,3,0.008376
2,16,3,2,3,0.009002
0,2,1,3,3,0.009383
0,2,1,3,3,0.011225
0,1,2,1,3,0.008044
2,1,3,2,3,0.010154
0,0,0,3,3,0.008770
0,0,0,1,3,0.010608
0,0,0,3,3,0.008526
0,2,3,2,3,0.008932
0,3,3,2,3,0.009338
0,2,3,0,3,0.008958
0,2,3,1,3,0.009302
0,2,0,0,3,0.007905
2,8,1,3,3,0.010366
2,11,1,0,3,0.010595
0,2,1,3,3,0.010759
2,15,2,1,3,0.010203
2,4,1,0,3,0.010357
2,13,1,0,3,0.010818
2,18,1,0,3,0.010692
0,1,1,0,3,0.010499
2,14,1,0,3,0.010502
0,3,0,0,3,0.009598
0,1,3,1,3,0.008806
0,1,3,1,3,0.010498
2,19,3,3,3,0.008056
3,18,1,1,3,0.008234
0,3,0,3,3,0.008223
2,1,2,1,3,0.008985
0,0,3,3,3,0.007679
2,4,1,0,3,0.008246
2,2,3,0,3,0.010174
2,14,1,0,3,0.010729
0,0,3,0,3,0.009929
0,0,1,0,3,0.009466
0,0,1,0,3,0.009112
2,17,2,3,3,0.010248
2,2,1,2,3,0.010049
2,7,2,3,3,0.010313
0,3,2,1,3,0.009532
0,3,2,1,3,0.009401
0,3,2,0,3,0.009215
0,3,2,0,3,0.012157
2,13,1,2,3,0.011271
2,20,3,2,3,0.009685
0,1,0,2,3,0.009273
2,0,3,2,3,0.009371
0,2,1,2,3,0.009391
2,3,3,1,3,0.009281
2,3,1,0,3,0.008289
0,2,1,0,3,0.008786
0,2,1,1,3,0.008866
0,2,1,3,3,0.008658
2,11,0,2,3,0.008210
0,0,3,1,3,0.008147
2,16,0,2,3,0.008637
0,2,0,1,3,0.008015
0,2,0,3,3,0.008077
2,14,3,2,3,0.008168
0,2,1,2,3,0.009070
2,4,3,2,3,0.010155
0,3,0,3,3,0.009129
0,1,3,2,3,0.007711
0,3,0,2,3,0.008905
0,3,0,2,3,0.009669
0,3,0,0,3,0.008921
0,2,1,0,3,0.008642
3,18,1,3,3,0.009831
2,9,0,2,3,0.008890
2,13,2,3,3,0.008832
2,13,1,1,3,0.008736
0,0,0,2,3,0.007856
0,1,1,1,3,0.008667
2,15,2,1,3,0.008148
0,0,2,3,3,0.008483
2,1,1,1,3,0.009661
2,5,3,1,3,0.009557
0,3,2,2,3,0.009009
2,2,3,1,3,0.008183
0,3,2,0,3,0.008578
0,3,2,0,3,0.008572
2,2,2,1,3,0.010553
2,17,3,1,3,0.009208
0,3,2,1,3,0.009736
0,3,2,1,3,0.008551
2,4,3,1,3,0.007819
2,8,3,1,3,0.007773
2,0,3,1,3,0.008571
2,8,3,1,3,0.007899
0,2,3,1,3,0.009222
0,2,3,0,3,0.007651
2,6,3,1,3,0.008607
3,6,6,3,3,0.007836
3,6,6,1,3,0.008239
0,1,1,1,3,0.008153
0,1,1,1,3,0.009165
0,1,1,3,3,0.008484
2,4,3,1,3,0.008738
0,3,1,1,3,0.009254
0,0,3,1,3,0.008581
0,2,2,3,3,0.008103
0,2,3,2,3,0.008298
2,14,2,1,3,0.007027
0,0,0,1,3,0.007418
0,0,0,1,3,0.008019
0,3,2,1,3,0.008956
2,11,2,3,3,0.008615
0,3,1,2,3,0.009377
0,2,2,3,3,0.008417
0,3,3,3,3,0.008755
0,3,3,3,3,0.008510
0,3,3,3,3,0.008156
0,3,3,1,3,0.007695
0,3,3,0,3,0.007569
0,3,3,1,3,0.007702
0,2,0,1,3,0.007429
0,2,0,1,3,0.008113
0,1,1,0,3,0.008171
2,18,2,3,3,0.008921
0,2,2,2,3,0.008668
2,20,2,3,3,0.008640
0,1,2,0,3,0.008493
2,7,2,3,3,0.008310
0,3,3,2,3,0.008637
0,0,2,3,3,0.008035
2,2,2,3,3,0.008351
0,1,3,2,3,0.008581
2,19,2,3,3,0.008229
2,17,1,2,3,0.008533
2,1,2,3,3,0.008219
0,1,1,2,3,0.008400
0,3,2,3,3,0.007915
2,4,1,1,3,0.008171
2,19,1,0,3,0.008082
0,1,1,1,3,0.008189
0,0,2,3,3,0.007406
2,15,3,3,3,0.007354
2,15,3,1,3,0.008930
0,1,3,1,3,0.007432
2,8,3,1,3,0.007612
2,15,3,1,3,0.007066
2,9,3,3,3,0.006938
0,0,2,1,3,0.007297
0,1,3,3,3,0.007856
2,1,0,0,3,0.007578
2,5,3,1,3,0.007248
2,7,0,0,3,0.008221
0,2,1,2,3,0.007698
2,7,1,1,3,0.007994
0,3,3,1,3,0.007447
3,2,2,1,3,0.007252
3,2,2,1,3,0.010934
3,2,2,1,3,0.009942
3,2,2,1,3,0.009042
3,2,2,1,3,0.008223
3,2,2,1,3,0.007479
2,11,2,2,3,0.007095
0,0,1,1,3,0.006993
0,0,1,0,3,0.007396
2,11,0,0,3,0.008443
1,0.300000
1,0.600000
1,0.200000
1,0.300000
1,0.200000
1,0.200000
1,0.400000
1,0.500000
1,0.500000
1,0.500000
1,0.400000
1,0.400000
1,0.400000
1,0.400000
1,0.100000
1,0.100000
0,0.200000
0,0.300000
1,0.500000
0,0.200000
1,0.700000
1,0.300000
0,0.200000
1,0.700000
1,0.300000
1,0.500000
0,0.500000
1,0.300000
1,0.600000
1,0.600000
1,0.300000
1,0.100000
0,0.500000
1,0.200000
1,0.200000
1,0.500000
1,0.200000
1,0.900000
1,0.800000
1,0.200000
1,0.900000
1,0.900000
1,0.900000
0,0.300000
0,0.200000
1,0.200000
1,0.400000
1,0.300000
1,0.300000
1,0.400000
0,0.100000
1,0.200000
1,0.200000
1,0.200000
1,0.900000
0,0.100000
1,0.900000
0,0.100000
1,0.500000
1,0.100000
1,0.200000
1,0.200000
1,0.200000
1,0.200000
0,0.400000
1,0.200000
1,0.200000
1,0.200000
1,0.500000
0,0.600000
1,0.500000
0,0.500000
1,0.400000
0,0.500000
1,0.400000
0,0.500000
1,0.200000
1,0.100000
1,0.300000
0,0.500000
1,0.300000
1,0.100000
0,0.300000
1,0.200000
1,0.200000
1,0.900000
1,0.100000
0,0.100000
1,0.200000
1,0.300000
1,0.200000
1,0.900000
1,0.200000
1,0.300000
1,0.200000
1,0.100000
1,0.200000
0,0.100000
1,0.200000
0,0.400000
1,0.200000
1,0.500000
1,0.900000
1,0.900000
0,0.800000
0,0.300000
0,0.800000
0,0.400000
1,0.500000
1,0.200000
0,0.300000
0,0.500000
0,0.300000
1,0.200000
1,0.900000
1,0.200000
0,0.300000
0,0.500000
1,0.900000
0,0.500000
1,0.600000
0,0.500000
0,0.100000
0,0.100000
0,0.100000
0,0.500000
0,0.100000
0,0.100000
1,0.500000
0,0.100000
1,0.200000
1,0.200000
0,0.400000
1,0.300000
1,0.300000
0,0.300000
0,0.500000
1,0.100000
1,0.300000
0,0.100000
1,0.400000
0,0.800000
1,0.300000
0,0.800000
1,0.200000
1,0.900000
0,0.800000
1,0.900000
1,0.100000
0,0.300000
1,0.300000
1,0.300000
1,0.200000
1,0.200000
1,0.100000
1,0.900000
0,0.800000
1,0.900000
0,0.800000
1,0.900000
0,0.800000
1,0.900000
0,0.800000
1,0.100000
1,0.200000
1,0.100000
0,0.200000
0,0.100000
1,0.200000
1,0.100000
0,0.100000
1,0.900000
0,0.200000
0,0.300000
1,0.100000
1,0.200000
1,0.500000
0,0.200000
1,0.500000
1,0.100000
1,0.100000
1,0.500000
1,0.100000
1,0.100000
0,0.200000
1,0.500000
1,0.100000
1,0.900000
1,0.100000
1,0.900000
1,0.200000
1,0.400000
0,0.300000
1,0.900000
0,0.300000
1,0.600000
0,0.300000
0,0.300000
0,0.300000
1,0.100000
1,0.200000
1,0.400000
1,0.100000
1,0.600000
0,0.800000
1,0.400000
0,0.800000
1,0.400000
0,0.800000
1,0.500000
1,0.200000
1,0.600000
1,0.400000
1,0.400000
1,0.400000
0,0.700000
1,0.900000
1,0.200000
1,0.400000
1,0.200000
0,0.500000
0,0.700000
1,0.900000
1,0.300000
1,0.100000
0,0.600000
1,0.400000
1,0.400000
1,0.200000
1,0.400000
1,0.300000
1,0.200000
1,0.300000
1,0.100000
1,0.300000
0,0.600000
0,0.600000
1,0.100000
1,0.600000
1,0.300000
1,0.600000
1,0.300000
1,0.500000
1,0.300000
1,0.500000
1,0.300000
1,0.400000
1,0.300000
1,0.100000
0,0.200000
1,0.500000
0,0.600000
1,0.600000
0,0.600000
1,0.100000
1,0.100000
1,0.600000
0,0.800000
1,0.500000
1,0.100000
0,0.200000
1,0.500000
0,0.600000
1,0.600000
0,0.600000
1,0.600000
0,0.600000
1,0.400000
1,0.200000
1,0.200000
1,0.200000
1,0.200000
0,0.100000
1,0.100000
1,0.600000
0,0.300000
1,0.600000
1,0.100000
1,0.800000
1,0.100000
1,0.300000
1,0.100000
1,0.100000
0,0.200000
1,0.800000
1,0.100000
1,0.100000
1,0.300000
1,0.200000
1,0.200000
1,0.100000
1,0.800000
1,0.100000
1,0.900000
0,0.500000
1,0.300000
0,0.200000
0,0.800000
1,0.900000
1,0.100000
1,0.400000
1,0.300000
1,0.300000
1,0.200000
1,0.900000
0,0.300000
1,0.900000
1,0.100000
1,0.400000
1,0.100000
1,0.100000
1,0.300000
1,0.200000
1,0.900000
0,0.300000
1,0.900000
0,0.600000
1,0.800000
0,0.300000
1,0.400000
0,0.300000
1,0.500000
0,0.300000
1,0.200000
1,0.300000
0,0.600000
0,0.100000
1,0.300000
0,0.400000
0,0.100000
1,0.200000
1,0.200000
0,0.600000
1,0.900000
0,0.500000
1,0.900000
0,0.500000
1,0.900000
1,0.200000
1,0.100000
0,0.200000
0,0.600000
1,0.300000
1,0.600000
0,0.200000
0,0.100000
0,0.700000
0,0.100000
0,0.200000
1,0.200000
0,0.400000
0,0.300000
1,0.900000
0,0.600000
1,0.600000
0,0.600000
1,0.200000
0,0.500000
1,0.600000
0,0.500000
1,0.600000
0,0.500000
1,0.900000
1,0.100000
0,0.200000
1,0.200000
1,0.500000
0,0.500000
1,0.200000
1,0.200000
0,0.500000
1,0.900000
0,0.500000
1,0.900000
0,0.500000
1,0.900000
0,0.600000
1,0.900000
0,0.600000
1,0.200000
0,0.100000
1,0.100000
0,0.200000
1,0.900000
0,0.300000
1,0.400000
0,0.300000
1,0.900000
1,0.100000
1,0.300000
1,0.300000
1,0.200000
1,0.100000
1,0.800000
1,0.100000
1,0.800000
0,0.700000
0,0.100000
0,0.100000
1,0.900000
0,0.300000
1,0.900000
0,0.100000
1,0.800000
0,0.500000
0,0.500000
1,0.800000
0,0.600000
1,0.700000
0,0.600000
1,0.100000
1,0.700000
1,0.100000
1,0.200000
0,0.600000
1,0.500000
0,0.800000
1,0.300000
0,0.800000
1,0.100000
0,0.200000
1,0.200000
0,0.800000
1,0.200000
0,0.100000
1,0.400000
1,0.400000
1,0.400000
1,0.100000
1,0.100000
1,0.800000
0,0.800000
1,0.500000
1,0.400000
0,0.800000
1,0.500000
1,0.500000
0,0.800000
1,0.500000
0,0.800000
1,0.500000
0,0.200000
1,0.200000
0,0.700000
1,0.400000
1,0.200000
0,0.900000
1,0.500000
0,0.900000
1,0.900000
0,0.300000
1,0.100000
1,0.400000
1,0.200000
0,0.100000
0,0.700000
1,0.400000
1,0.600000
0,0.600000
1,0.900000
0,0.600000
1,0.400000
0,0.600000
1,0.400000
0,0.600000
1,0.600000
0,0.300000
1,0.600000
0,0.500000
1,0.600000
0,0.500000
1,0.600000
1,0.100000
1,0.700000
1,0.100000
1,0.200000
1,0.100000
1,0.100000
1,0.400000
1,0.200000
1,0.200000
1,0.100000
1,0.400000
1,0.100000
1,0.400000
1,0.500000
1,0.400000
1,0.900000
1,0.100000
1,0.500000
0,0.300000
1,0.100000
0,0.300000
0,0.300000
0,0.300000
0,0.300000
1,0.200000
1,0.100000
1,0.900000
1,0.400000
1,2.894412
0,1.047716
1,1.347716
1,1.209190
1,1.309190
1,1.436942
0,1.050175
0,1.145587
1,1.184910
0,1.242111
0,1.347742
0,1.297742
0,1.405588
0,1.347742
0,1.347742
0,1.331007
1,1.255588
0,1.331007
1,1.255588
1,1.255588
1,1.255588
1,1.255588
0,1.281007
0,1.137324
0,1.497742
0,1.137324
1,1.068864
0,1.300865
0,1.300865
1,1.960442
1,1.960442
1,1.960442
1,1.560442
1,1.960442
1,1.560442
1,1.960442
1,1.560442
1,1.960442
1,1.255588
1,1.255588
0,1.355588
0,1.355588
0,1.364635
0,1.497742
0,1.497742
0,1.497742
0,1.364635
0,1.497742
0,1.497742
0,1.497742
0,1.497742
0,1.364635
0,1.364635
0,1.364635
0,1.264635
1,1.560442
0,1.264635
1,1.560442
0,1.314635
0,1.294370
0,0.924834
0,1.364635
1,1.960442
1,1.960442
1,1.560442
1,1.560442
1,1.960442
1,1.560442
0,1.137324
1,0.979450
0,1.137324
1,0.979450
0,1.073849
1,0.979450
0,1.073849
0,1.294370
0,1.073849
0,1.294370
0,1.073849
1,0.979450
0,1.294370
1,0.979450
0,1.137324
1,0.979450
0,1.294370
0,1.137324
0,1.294370
0,1.137324
1,0.979450
1,1.960442
0,1.473849
1,1.960442
0,1.473849
1,1.960442
0,1.473849
1,1.960442
1,1.960442
0,1.473849
1,1.960442
0,1.473849
0,1.123849
0,1.173849
0,1.123849
0,1.073849
0,1.473849
0,1.073849
0,1.473849
0,1.473849
0,1.473849
0,1.473849
0,1.073849
1,0.912998
0,1.073849
1,0.912998
0,1.073849
0,1.473849
0,1.073849
1,0.912998
0,1.073849
0,1.473849
0,1.073849
0,1.473849
0,1.129450
0,1.129450
1,1.347742
0,1.387324
0,1.387324
1,0.912998
1,1.547742
0,1.387324
0,1.387324
0,1.387324
0,1.387324
0,1.387324
0,1.387324
0,1.387324
0,1.387324
0,1.387324
0,1.387324
1,0.912998
0,1.129450
1,0.912998
1,1.547742
1,0.912998
0,1.129450
1,1.347742
0,1.387324
0,1.387324
1,0.912998
0,1.387324
0,1.387324
0,1.387324
0,1.387324
1,1.347742
1,1.187324
1,1.347742
1,1.187324
1,1.637324
1,1.187324
1,1.547742
1,1.297742
1,1.347742
1,1.347742
1,1.347742
1,1.347742
0,1.397742
0,1.397742
1,1.637324
1,1.187324
1,1.187324
0,1.397742
1,1.547742
0,1.397742
1,1.547742
1,1.695841
1,1.960442
0,1.397742
1,1.960442
1,1.960442
1,1.560442
1,1.187324
1,1.960442
1,1.560442
1,1.960442
1,1.960442
1,1.637324
1,0.994370
1,1.960442
1,0.994370
1,1.960442
0,1.397742
1,1.960442
1,1.560442
1,1.960442
1,1.560442
1,1.960442
1,1.560442
1,1.960442
0,1.397742
1,1.960442
0,1.397742
1,1.960442
0,1.194370
0,1.144370
0,1.397742
0,1.144370
0,1.397742
0,1.144370
0,1.397742
0,1.144370
0,1.397742
0,1.144370
0,1.397742
0,1.144370
0,1.397742
0,1.144370
0,1.144370
0,1.397742
0,1.247742
0,1.194370
0,1.397742
0,1.247742
0,1.247742
0,1.397742
0,1.397742
0,1.247742
0,1.247742
0,1.397742
0,1.247742
0,1.397742
1,1.547742
0,1.397742
0,1.397742
0,1.397742
0,1.397742
0,1.397742
0,1.129450
0,1.397742
1,1.344370
1,0.912998
1,1.344370
1,0.912998
1,1.344370
1,0.912998
1,1.547742
1,0.912998
1,1.547742
1,0.912998
1,1.344370
1,0.912998
1,1.547742
1,0.912998
1,1.547742
1,0.912998
1,1.344370
0,1.397742
0,1.397742
1,0.929450
0,1.660442
0,1.660442
1,0.929450
1,1.637324
1,0.912998
1,1.637324
1,0.912998
1,1.547742
1,0.929450
1,1.547742
1,0.929450
0,1.079450
0,1.079450
0,1.397742
0,1.397742
1,0.929450
1,1.344370
0,1.397742
1,1.547742
1,0.929450
1,1.344370
1,0.929450
1,1.344370
1,0.929450
1,1.344370
0,1.397742
1,1.637324
1,0.929450
1,1.344370
0,1.397742
0,1.397742
0,1.397742
0,1.397742
1,1.344370
1,0.929450
1,1.344370
1,0.929450
1,1.344370
0,1.397742
0,1.397742
1,1.344370
1,0.929450
1,1.344370
1,0.929450
1,0.929450
0,1.397742
1,1.344370
1,0.929450
1,1.344370
1,0.929450
1,1.344370
1,0.929450
1,0.929450
0,1.397742
1,0.929450
1,1.344370
1,0.929450
1,1.344370
1,0.929450
1,1.344370
1,0.929450
1,1.344370
1,0.929450
1,1.344370
0,1.397742
0,1.247742
0,1.397742
1,0.929450
0,1.397742
1,0.929450
1,1.297742
0,1.397742
1,0.929450
0,1.387324
1,0.929450
1,1.344370
1,0.929450
1,1.344370
1,0.929450
1,1.344370
1,0.929450
0,1.387324
1,0.929450
1,0.929450
1,1.637324
0,1.387324
1,0.929450
0,1.079450
0,1.079450
0,1.660442
1,0.929450
0,1.079450
1,0.929450
0,1.079450
0,1.079450
1,0.929450
1,1.344370
1,0.929450
1,1.637324
1,0.929450
0,1.044370
1,0.929450
0,1.044370
1,0.929450
0,1.044370
0,1.079450
0,1.079450
0,1.079450
0,1.079450
1,0.929450
1,1.344370
0,1.387324
0,1.387324
1,1.637324
0,1.387324
1,1.637324
0,1.387324
1,1.637324
1,1.187324
1,1.637324
1,1.187324
1,1.637324
0,1.387324
1,1.337324
0,1.387324
1,1.637324
0,1.387324
1,1.637324
1,1.187324
1,1.637324
1,1.187324
0,1.387324
1,1.637324
1,1.337324
1,1.337324
1,1.337324
1,0.929450
1,1.337324
1,0.929450
1,1.337324
1,0.929450
1,1.637324
1,0.929450
1,1.637324
1,0.929450
1,1.637324
1,0.929450
1,0.929450
1,1.637324
1,0.929450
1,1.637324
1,0.929450
0,1.387324
1,1.637324
1,0.929450
1,1.637324
1,0.929450
1,1.637324
1,0.929450
1,1.637324
1,0.929450
1,1.637324
1,1.337324
1,1.637324
1,0.929450
0,1.137324
0,1.387324
0,1.137324
0,1.137324
0,1.137324
0,1.137324
0,1.387324
0,1.137324
1,0.929450
0,1.660442
1,1.960442
1,0.929450
1,1.337324
1,1.337324
1,0.929450
1,1.637324
1,0.929450
0,1.137324
1,0.929450
0,1.137324
0,1.387324
0,1.387324
1,1.637324
1,1.337324
1,1.637324
1,0.929450
1,1.637324
1,0.929450
1,1.337324
1,1.337324
1,1.337324
1,1.337324
1,1.337324
1,1.337324
0,1.137324
1,0.929450
0,1.137324
0,1.487324
1,1.337324
0,1.487324
0,1.137324
0,1.487324
0,1.137324
1,0.929450
0,1.137324
1,0.929450
0,1.137324
1,0.929450
0,1.137324
1,0.929450
0,1.137324
1,0.929450
1,1.337324
1,1.337324
1,1.337324
1,1.337324
1,1.337324
1,1.337324
1,1.337324
1,1.337324
1,1.337324
1,1.337324
1,1.337324
1,1.337324
1,1.337324
1,1.337324
1,1.337324
1,1.337324
0,1.387324
1,1.337324
0,1.387324
1,1.337324
0,1.387324
1,1.337324
1,1.337324
1,1.337324
1,0.929450
0,0
1,3
1,4
0,1
1,4
1,4
0,4
1,4
0,3
1,4
1,1
0,5
1,1
1,1
1,1
0,0
0,4
0,0
0,0
0,0
0,0
1,2
1,4
1,2
0,1
1,4
1,2
1,3
1,3
0,0
0,0
0,0
1,3
0,0
0,6
0,0
0,2
0,0
1,3
0,5
1,3
1,2
1,3
0,2
1,3
0,2
1,3
0,2
1,3
1,3
0,1
1,3
1,3
0,1
1,5
0,2
1,5
1,1
1,5
1,1
1,8
1,8
1,8
0,2
0,4
0,4
0,2
0,5
1,8
0,5
1,8
0,7
1,7
0,2
1,8
1,2
1,2
1,2
1,3
1,0
1,0
1,0
1,3
1,0
1,6
1,6
0,6
0,1
0,1
1,5
0,6
1,6
0,7
1,5
1,5
1,5
1,4
0,8
0,1
0,5
1,5
1,5
0,8
1,6
0,2
1,6
0,6
0,5
0,5
0,5
0,2
0,6
1,8
0,1
0,1
0,5
1,3
0,2
1,8
1,0
1,8
0,8
1,3
0,4
0,1
1,1
1,8
0,8
1,8
1,3
1,3
1,5
1,5
1,5
1,1
1,5
1,1
1,1
1,1
1,1
0,2
0,3
1,7
1,1
1,6
1,7
0,1
1,5
0,1
0,2
0,2
1,3
1,3
1,4
0,2
1,7
0,2
1,7
0,7
1,7
0,8
1,8
1,0
0,1
0,1
0,5
1,0
1,8
1,0
1,8
1,0
1,8
0,5
1,8
0,5
0,2
0,5
0,5
0,2
0,5
1,8
1,8
1,0
1,8
1,8
1,8
1,0
1,8
0,3
1,7
0,3
1,7
0,3
1,7
0,7
1,7
0,2
1,6
0,8
1,2
1,1
1,6
0,8
0,1
1,0
1,6
0,3
1,8
0,6
1,8
0,8
1,8
0,6
0,1
0,8
1,2
0,1
0,1
0,1
0,8
0,8
1,2
1,8
0,8
0,4
0,4
0,1
0,4
0,1
0,2
1,8
1,0
0,2
0,3
0,2
0,2
0,2
0,2
0,2
1,0
1,8
0,3
1,8
0,7
1,8
0,8
1,8
1,0
0,0
1,0
1,8
1,0
1,8
1,0
0,0
0,5
0,1
0,2
0,1
0,1
1,0
1,8
1,0
1,8
0,2
1,8
0,6
1,8
0,2
1,1
1,1
0,5
1,2
0,5
0,1
1,0
1,8
0,3
1,8
0,7
1,5
1,0
1,8
1,2
1,8
1,0
1,8
1,2
1,2
0,5
0,5
1,4
0,8
1,4
0,5
1,4
0,5
0,5
1,8
0,8
1,8
0,3
0,2
0,8
1,4
0,8
1,8
0,7
1,8
0,1
0,1
1,3
0,1
1,8
0,3
1,8
1,0
1,8
0,7
1,8
0,7
1,5
0,7
1,3
0,1
0,7
1,2
0,6
0,1
1,5
1,5
0,4
0,7
1,8
0,3
1,8
0,3
0,0
1,0
0,2
1,3
1,0
1,8
0,1
0,2
0,1
0,1
0,2
1,0
1,6
0,5
0,2
0,1
1,0
1,6
0,8
0,1
0,8
1,8
0,3
1,8
1,0
1,8
0,1
0,1
0,1
1,2
1,1
0,0
1,0
1,0
1,8
0,8
1,8
0,7
1,8
0,8
1,8
0,7
1,8
0,5
0,1
0,4
1,8
0,2
1,7
0,8
1,7
0,5
1,2
0,1
0,1
0,1
0,1
0,5
0,2
0,4
1,3
0,5
0,2
0,6
0,2
1,0
0,2
0,5
1,2
0,2
0,3
0,2
1,2
0,4
0,3
0,6
0,2
0,6
1,7
0,8
1,8
0,4
1,6
0,2
1,6
0,8
1,8
0,2
0,2
0,3
0,3
1,5
0,3
1,4
0,3
1,1
0,5
1,0
0,5
0,5
0,8
1,8
0,1
0,1
0,1
0,1
0,5
0,5
1,8
1,0
1,8
0,3
1,8
0,3
0,4
0,5
0,5
1,3
0,1
0,5
1,8
0,3
1,8
0,1
1,7
0,8
1,7
0,8
1,8
0,8
1,7
0,8
1,7
0,8
1,7
0,8
1,7
0,4
0,5
0,5
1,4
1,3
0,4
0,5
0,8
0,0
0,3
0,3
0,0
1,0
0,1
0,6
0,1
0,5
0,2
0,1
0,2
0,1
0,2
0,1
0,5
1,3
1,0
7.584249,1920.000000
2.452593,1920.000000
3.173616,1920.000000
5.341378,1920.000000
4.612743,1920.000000
5.790383,1920.000000
2.411359,1920.000000
4.376124,1920.000000
5.061114,1920.000000
9.502451,1920.000000
1.819494,1920.000000
3.158391,1920.000000
4.512259,1920.000000
3.855942,1920.000000
4.925106,1920.000000
8.351834,1920.000000
4.943502,1920.000000
6.270981,1920.000000
1.459427,1920.000000
2.280426,1920.000000
1.420096,1920.000000
2.145813,1920.000000
2.339422,1920.000000
1.614847,1920.000000
2.248073,1920.000000
3.661191,1920.000000
3.546497,1920.000000
2.037082,1920.000000
3.363038,1920.000000
3.047884,1920.000000
6.896467,1920.000000
1.113569,1920.000000
2.295143,1920.000000
2.707355,1920.000000
2.400702,1920.000000
2.862141,1920.000000
5.646763,1920.000000
2.843237,1920.000000
3.265092,1920.000000
1.163558,1920.000000
1.772678,1920.000000
1.674097,1920.000000
3.012994,1920.000000
1.785111,1920.000000
3.046869,1920.000000
3.874592,1920.000000
3.657131,1920.000000
3.545609,1920.000000
1.789679,1920.000000
4.163737,1920.000000
3.657385,1920.000000
7.194366,1920.000000
1.327732,1920.000000
2.590505,1920.000000
3.022890,1920.000000
2.537979,1920.000000
3.076431,1920.000000
6.111500,1920.000000
3.313430,1920.000000
3.746704,1920.000000
0.909810,1920.000000
2.117013,1920.000000
0.907780,1920.000000
5.756762,1920.000000
2.948923,1920.000000
5.191794,1920.000000
9.373547,1920.000000
3.581514,1920.000000
4.825383,1920.000000
2.430137,1920.000000
6.006703,1920.000000
9.494077,1920.000000
8.948901,1920.000000
2.631231,1920.000000
5.985642,1920.000000
3.713844,1920.000000
4.227555,1920.000000
6.110485,1920.000000
7.089061,1920.000000
5.729357,1920.000000
5.657293,1920.000000
1.209866,1920.000000
2.501440,1920.000000
1.319105,1920.000000
3.259636,1920.000000
3.637719,1920.000000
2.413262,1920.000000
3.406809,1920.000000
7.125347,1920.000000
3.818260,1920.000000
2.980895,1920.000000
6.000740,1920.000000
5.178599,1920.000000
12.499332,1920.000000
1.773058,1920.000000
3.267629,1920.000000
4.711831,1920.000000
4.078351,1920.000000
4.088374,1920.000000
9.788170,1920.000000
4.571763,1920.000000
4.746214,1920.000000
1.620556,1920.000000
3.511480,1920.000000
3.205588,1920.000000
4.995267,1920.000000
2.630724,1920.000000
3.414168,1920.000000
5.559854,1920.000000
4.251787,1920.000000
6.462179,1920.000000
2.623746,1920.000000
5.119349,1920.000000
7.101114,1920.000000
8.472491,1920.000000
1.902723,1920.000000
4.184418,1920.000000
4.357854,1920.000000
3.810394,1920.000000
6.566215,1920.000000
8.394337,1920.000000
5.156523,1920.000000
4.847332,1920.000000
1.587950,1920.000000
2.503343,1920.000000
1.719771,1920.000000
2.077174,1920.000000
2.135917,1920.000000
1.347271,1920.000000
2.064994,1920.000000
3.381942,1920.000000
2.555361,1920.000000
2.358199,1920.000000
3.288690,1920.000000
2.809742,1920.000000
7.276073,1920.000000
1.134884,1920.000000
1.835861,1920.000000
2.860492,1920.000000
3.035324,1920.000000
3.033167,1920.000000
5.189637,1920.000000
3.520615,1920.000000
2.767874,1920.000000
0.921356,1920.000000
1.632482,1920.000000
1.351077,1920.000000
4.157901,1920.000000
3.697984,1920.000000
3.102947,1920.000000
4.427761,1920.000000
6.815649,1920.000000
3.857211,1920.000000
3.775504,1920.000000
6.678879,1920.000000
6.565454,1920.000000
13.186098,1920.000000
2.221430,1920.000000
4.372952,1920.000000
5.024955,1920.000000
5.132163,1920.000000
4.815360,1920.000000
9.682357,1920.000000
5.543614,1920.000000
5.289360,1920.000000
1.698203,1920.000000
4.218039,1920.000000
3.033420,1920.000000
6.218455,1920.000000
3.660303,1920.000000
4.917493,1920.000000
8.919974,1920.000000
4.299746,1920.000000
5.398852,1920.000000
3.420512,1920.000000
7.971594,1920.000000
11.512128,1920.000000
11.556407,1920.000000
3.464156,1920.000000
6.606181,1920.000000
5.727200,1920.000000
5.616186,1920.000000
7.060261,1920.000000
9.316073,1920.000000
7.279879,1920.000000
6.482225,1920.000000
1.691098,1920.000000
3.826507,1920.000000
2.861634,1920.000000
8.812132,1920.000000
6.390749,1920.000000
6.496308,1920.000000
11.242395,1920.000000
10.396529,1920.000000
9.042915,1920.000000
6.343679,1920.000000
10.482549,1920.000000
14.120649,1920.000000
23.929119,1920.000000
4.229711,1920.000000
8.386090,1920.000000
11.156882,1920.000000
10.778672,1920.000000
10.065262,1920.000000
16.936735,1920.000000
9.830546,1920.000000
10.006900,1920.000000
3.361516,1920.000000
6.271996,1920.000000
5.262970,1920.000000
2.051165,1920.000000
1.120167,1920.000000
1.691479,1920.000000
2.769016,1920.000000
1.761640,1920.000000
1.826726,1920.000000
1.069798,1920.000000
2.167001,1920.000000
3.419751,1920.000000
4.107659,1920.000000
1.214561,1920.000000
2.156978,1920.000000
1.796149,1920.000000
1.724719,1920.000000
1.809090,1920.000000
2.911622,1920.000000
2.096459,1920.000000
2.310495,1920.000000
0.678139,1920.000000
1.277744,1920.000000
0.997607,1920.000000
3.320409,1920.000000
2.386619,1920.000000
2.470229,1920.000000
4.032296,1920.000000
4.224890,1920.000000
3.869391,1920.000000
2.370379,1920.000000
5.751687,1920.000000
5.116685,1920.000000
9.250734,1920.000000
1.896126,1920.000000
3.383718,1920.000000
3.759011,1920.000000
3.569969,1920.000000
3.712575,1920.000000
7.381759,1920.000000
4.381452,1920.000000
5.089153,1920.000000
1.225218,1920.000000
2.687436,1920.000000
1.881155,1920.000000
5.902032,1920.000000
2.534554,1920.000000
3.159025,1920.000000
4.970399,1920.000000
4.109943,1920.000000
6.148801,1920.000000
2.611058,1920.000000
3.583037,1920.000000
4.836802,1920.000000
9.301610,1920.000000
1.546589,1920.000000
3.139994,1920.000000
6.935418,1920.000000
4.152319,1920.000000
5.579646,1920.000000
9.180572,1920.000000
4.605130,1920.000000
5.786577,1920.000000
1.481122,1920.000000
2.669547,1920.000000
1.627154,1920.000000
4.360518,1920.000000
2.172456,1920.000000
3.136061,1920.000000
5.608193,1920.000000
3.032152,1920.000000
3.910117,1920.000000
2.612581,1920.000000
4.859385,1920.000000
6.579030,1920.000000
8.199205,1920.000000
2.177024,1920.000000
4.310911,1920.000000
4.126563,1920.000000
4.664888,1920.000000
5.248887,1920.000000
6.349008,1920.000000
4.490437,1920.000000
4.562628,1920.000000
1.339151,1920.000000
2.138581,1920.000000
1.642632,1920.000000
5.372081,1920.000000
2.760135,1920.000000
3.618308,1920.000000
5.879829,1920.000000
3.747211,1920.000000
5.877799,1920.000000
2.964909,1920.000000
5.494514,1920.000000
8.339020,1920.000000
9.248830,1920.000000
2.171695,1920.000000
5.398217,1920.000000
4.932591,1920.000000
4.260922,1920.000000
8.490761,1920.000000
8.483021,1920.000000
5.379059,1920.000000
4.955809,1920.000000
1.719137,1920.000000
2.495476,1920.000000
1.991535,1920.000000
8.316690,1920.000000
5.307122,1920.000000
5.697766,1920.000000
8.277486,1920.000000
8.726492,1920.000000
8.641233,1920.000000
5.042464,1920.000000
8.097833,1920.000000
9.004218,1920.000000
18.570740,1920.000000
2.864044,1920.000000
6.038041,1920.000000
9.241345,1920.000000
7.567882,1920.000000
8.765950,1920.000000
18.421917,1920.000000
8.915280,1920.000000
9.859346,1920.000000
2.923548,1920.000000
4.642685,1920.000000
3.771063,1920.000000
5.504157,1920.000000
2.919615,1920.000000
3.596105,1920.000000
5.647143,1920.000000
5.045382,1920.000000
5.893151,1920.000000
2.988634,1920.000000
4.929292,1920.000000
5.784547,1920.000000
10.303657,1920.000000
1.962607,1920.000000
3.871167,1920.000000
4.884633,1920.000000
4.216009,1920.000000
4.725914,1920.000000
9.556118,1920.000000
5.645874,1920.000000
6.705142,1920.000000
1.724085,1920.000000
2.836132,1920.000000
2.252767,1920.000000
5.450489,1920.000000
3.616024,1920.000000
3.505898,1920.000000
5.257768,1920.000000
5.876531,1920.000000
4.886536,1920.000000
3.009695,1920.000000
6.015965,1920.000000
6.488949,1920.000000
11.468864,1920.000000
2.277254,1920.000000
4.347196,1920.000000
5.147896,1920.000000
4.534589,1920.000000
4.753319,1920.000000
8.992673,1920.000000
5.931594,1920.000000
5.878053,1920.000000
1.594167,1920.000000
3.406048,1920.000000
2.224221,1920.000000
1.340800,1920.000000
0.851068,1920.000000
1.107606,1920.000000
1.639587,1920.000000
1.188932,1920.000000
1.449784,1920.000000
0.881264,1920.000000
1.751363,1920.000000
2.611185,1920.000000
3.015278,1920.000000
0.798415,1920.000000
1.539230,1920.000000
1.411722,1920.000000
1.308574,1920.000000
2.122088,1920.000000
2.457922,1920.000000
1.597973,1920.000000
1.375817,1920.000000
0.649846,1920.000000
0.771899,1920.000000
0.743225,1920.000000
1.943069,1920.000000
1.946748,1920.000000
1.615481,1920.000000
2.421636,1920.000000
4.068836,1920.000000
2.309860,1920.000000
1.693001,1920.000000
4.252168,1920.000000
3.450454,1920.000000
6.668095,1920.000000
1.218875,1920.000000
2.304278,1920.000000
2.250864,1920.000000
2.452213,1920.000000
2.908577,1920.000000
5.035232,1920.000000
2.879523,1920.000000
3.019338,1920.000000
0.910699,1920.000000
2.036194,1920.000000
1.511826,1920.000000
1.626392,1920.000000
1.400050,1920.000000
1.080963,1920.000000
1.759102,1920.000000
2.146447,1920.000000
1.890670,1920.000000
1.190074,1920.000000
2.949557,1920.000000
3.714858,1920.000000
3.988779,1920.000000
1.186395,1920.000000
2.610043,1920.000000
1.562702,1920.000000
1.622967,1920.000000
2.798958,1920.000000
3.418609,1920.000000
2.327876,1920.000000
2.034418,1920.000000
0.733456,1920.000000
1.313395,1920.000000
2.461601,1920.000000
6.715127,1920.000000
2.719444,1920.000000
3.142447,1920.000000
5.280295,1920.000000
3.996825,1920.000000
5.421634,1920.000000
2.554253,1920.000000
4.663427,1920.000000
5.347793,1920.000000
9.563604,1920.000000
1.857073,1920.000000
3.467755,1920.000000
4.993937,1920.000000
4.169121,1920.000000
5.454875,1920.000000
8.265289,1920.000000
4.790683,1920.000000
5.376213,1920.000000
1.563738,1920.000000
2.379038,1920.000000
1.582261,1920.000000
2.554253,1920.000000
2.540550,1920.000000
1.811144,1920.000000
3.061500,1920.000000
3.254224,1920.000000
2.770068,1920.000000
1.859991,1920.000000
3.087256,1920.000000
4.006975,1920.000000
6.152689,1920.000000
1.054841,1920.000000
2.276650,1920.000000
2.882987,1920.000000
2.463791,1920.000000
3.034222,1920.000000
5.151897,1920.000000
2.727184,1920.000000
3.125826,1920.000000
1.084276,1920.000000
2.012495,1920.000000
1.732355,1920.000000
3.179621,1920.000000
1.739079,1920.000000
3.233416,1920.000000
4.539216,1920.000000
3.180255,1920.000000
3.312967,1920.000000
1.707995,1920.000000
3.879211,1920.000000
4.076375,1920.000000
6.826651,1920.000000
1.327115,1920.000000
2.864463,1920.000000
2.960127,1920.000000
2.664127,1920.000000
3.239633,1920.000000
5.620701,1920.000000
3.313474,1920.000000
3.948866,1920.000000
0.926570,1920.000000
1.927997,1920.000000
0.922003,1920.000000
5.157987,1920.000000
2.740252,1920.000000
4.272017,1920.000000
8.374910,1920.000000
4.293459,1920.000000
5.513111,1920.000000
2.589524,1920.000000
6.179079,1920.000000
7.501881,1920.000000
11.374748,1920.000000
2.326258,1920.000000
4.577025,1920.000000
4.807811,1920.000000
4.814663,1920.000000
5.409327,1920.000000
8.211367,1920.000000
5.242994,1920.000000
5.640240,1920.000000
1.372664,1920.000000
2.840230,1920.000000
1.493703,1920.000000
3.828207,1920.000000
3.230371,1920.000000
3.033461,1920.000000
4.282167,1920.000000
7.126330,1920.000000
4.082846,1920.000000
2.760425,1920.000000
5.772444,1920.000000
6.417859,1920.000000
10.667038,1920.000000
2.001711,1920.000000
4.396101,1920.000000
4.216192,1920.000000
3.939731,1920.000000
4.576137,1920.000000
8.256408,1920.000000
4.742217,1920.000000
5.211782,1920.000000
1.449677,1920.000000
3.143462,1920.000000
2.549178,1920.000000
5.493445,1920.000000
2.926124,1920.000000
3.250164,1920.000000
4.836485,1920.000000
4.146664,1920.000000
6.993745,1920.000000
2.681636,1920.000000
4.914767,1920.000000
5.893102,1920.000000
9.012712,1920.000000
1.771432,1920.000000
3.561389,1920.000000
5.055091,1920.000000
4.043388,1920.000000
6.048271,1920.000000
8.594658,1920.000000
5.045195,1920.000000
5.285116,1920.000000
1.709517,1920.000000
2.492338,1920.000000
1.905159,1920.000000
2.690263,1920.000000
1.826877,1920.000000
1.842863,1920.000000
2.645857,1920.000000
2.700667,1920.000000
3.356105,1920.000000
2.120847,1920.000000
3.102354,1920.000000
3.389980,1920.000000
6.088998,1920.000000
1.061819,1920.000000
2.331967,1920.000000
2.845559,1920.000000
2.535348,1920.000000
3.467501,1920.000000
4.802990,1920.000000
2.805212,1920.000000
2.941222,1920.000000
0.909442,1920.000000
1.752528,1920.000000
1.360357,1920.000000
4.767084,1920.000000
3.078248,1920.000000
3.873121,1920.000000
6.116276,1920.000000
5.619940,1920.000000
4.787258,1920.000000
3.351283,1920.000000
6.689498,1920.000000
7.596276,1920.000000
11.019371,1920.000000
2.475463,1920.000000
5.004214,1920.000000
4.406378,1920.000000
4.774951,1920.000000
5.061181,1920.000000
9.056357,1920.000000
5.989655,1920.000000
5.921015,1920.000000
1.524660,1920.000000
3.400384,1920.000000
2.785547,1920.000000
5.237919,1920.000000
3.452276,1920.000000
4.070666,1920.000000
7.398097,1920.000000
6.876766,1920.000000
5.233351,1920.000000
3.578263,1920.000000
7.803971,1920.000000
11.915998,1920.000000
13.643786,1920.000000
2.940207,1920.000000
6.002723,1920.000000
4.987086,1920.000000
5.758615,1920.000000
6.621747,1920.000000
9.928624,1920.000000
6.540547,1920.000000
6.585715,1920.000000
1.914675,1920.000000
4.411580,1920.000000
2.893390,1920.000000
9.279403,1920.000000
6.024038,1920.000000
7.034980,1920.000000
11.027871,1920.000000
10.551074,1920.000000
9.281053,1920.000000
5.945248,1920.000000
11.593862,1920.000000
13.828897,1920.000000
22.605874,1920.000000
4.418177,1920.000000
9.180948,1920.000000
9.994219,1920.000000
9.465910,1920.000000
10.693048,1920.000000
17.968837,1920.000000
10.351119,1920.000000
10.788077,1920.000000
3.064799,1920.000000
5.780183,1920.000000
4.667614,1920.000000
1.871918,1920.000000
1.073745,1920.000000
1.286388,1920.000000
2.267007,1920.000000
1.997651,1920.000000
1.715100,1920.000000
1.153042,1920.000000
2.464679,1920.000000
2.889204,1920.000000
4.504453,1920.000000
1.215846,1920.000000
1.791606,1920.000000
1.762297,1920.000000
1.881053,1920.000000
1.976970,1920.000000
3.477144,1920.000000
2.313190,1920.000000
2.527990,1920.000000
0.610016,1920.000000
1.221301,1920.000000
0.957908,1920.000000
3.567098,1920.000000
2.540931,1920.000000
2.856597,1920.000000
4.460427,1920.000000
4.227357,1920.000000
3.633327,1920.000000
2.258760,1920.000000
4.987721,1920.000000
5.832075,1920.000000
8.464610,1920.000000
1.990927,1920.000000
3.901034,1920.000000
3.362068,1920.000000
3.519520,1920.000000
3.997332,1920.000000
7.188372,1920.000000
4.673070,1920.000000
4.577152,1920.000000
1.193135,1920.000000
2.624034,1920.000000
1.905540,1920.000000
5.062577,1920.000000
2.713862,1920.000000
3.060866,1920.000000
4.525387,1920.000000
4.065337,1920.000000
5.082369,1920.000000
2.718810,1920.000000
4.483138,1920.000000
5.133373,1920.000000
9.792741,1920.000000
1.714592,1920.000000
3.552381,1920.000000
7.521546,1920.000000
4.052777,1920.000000
5.233732,1920.000000
9.153670,1920.000000
5.224216,1920.000000
5.059405,1920.000000
1.632631,1920.000000
2.374851,1920.000000
1.705330,1920.000000
4.256411,1920.000000
2.370284,1920.000000
2.689248,1920.000000
4.734097,1920.000000
3.832902,1920.000000
3.926409,1920.000000
2.617437,1920.000000
4.974525,1920.000000
5.588348,1920.000000
9.998913,1920.000000
1.962760,1920.000000
3.474860,1920.000000
4.185996,1920.000000
4.842575,1920.000000
4.584892,1920.000000
7.101082,1920.000000
4.408789,1920.000000
4.526021,1920.000000
1.297426,1920.000000
2.347827,1920.000000
1.799853,1920.000000
5.476444,1920.000000
3.168202,1920.000000
2.920922,1920.000000
5.150501,1920.000000
4.541881,1920.000000
5.858339,1920.000000
3.735208,1920.000000
5.000662,1920.000000
6.626441,1920.000000
10.887040,1920.000000
2.035206,1920.000000
3.761090,1920.000000
5.561070,1920.000000
4.766958,1920.000000
7.999866,1920.000000
8.961073,1920.000000
5.013222,1920.000000
4.964756,1920.000000
1.950580,1920.000000
2.800645,1920.000000
2.401114,1920.000000
8.227354,1920.000000
5.303640,1920.000000
5.985214,1920.000000
8.316547,1920.000000
8.190433,1920.000000
8.499628,1920.000000
4.938366,1920.000000
8.721787,1920.000000
9.967448,1920.000000
18.103198,1920.000000
3.370188,1920.000000
6.806351,1920.000000
8.935825,1920.000000
7.115926,1920.000000
8.658222,1920.000000
17.898040,1920.000000
9.329773,1920.000000
9.057625,1920.000000
2.776665,1920.000000
4.755031,1920.000000
3.737999,1920.000000
5.203155,1920.000000
2.803817,1920.000000
3.414087,1920.000000
6.181109,1920.000000
4.660636,1920.000000
4.873025,1920.000000
2.963679,1920.000000
5.472638,1920.000000
6.532173,1920.000000
10.349469,1920.000000
2.129221,1920.000000
4.243090,1920.000000
4.867316,1920.000000
4.370219,1920.000000
5.076533,1920.000000
9.216854,1920.000000
6.270049,1920.000000
5.819388,1920.000000
1.525675,1920.000000
2.801913,1920.000000
2.218033,1920.000000
5.160398,1920.000000
3.042342,1920.000000
3.746754,1920.000000
5.786781,1920.000000
5.300976,1920.000000
5.369869,1920.000000
3.047925,1920.000000
5.765847,1920.000000
6.890469,1920.000000
10.745193,1920.000000
2.352394,1920.000000
4.721536,1920.000000
4.801341,1920.000000
4.770383,1920.000000
5.205312,1920.000000
8.932780,1920.000000
5.401588,1920.000000
6.658668,1920.000000
1.660036,1920.000000
3.052492,1920.000000
2.252544,1920.000000
1.417324,1920.000000
1.028832,1920.000000
0.976051,1920.000000
1.435594,1920.000000
1.459446,1920.000000
1.512480,1920.000000
0.911218,1920.000000
1.618802,1920.000000
1.933452,1920.000000
3.204108,1920.000000
0.694896,1920.000000
1.324070,1920.000000
1.564245,1920.000000
1.365685,1920.000000
1.921272,1920.000000
2.620482,1920.000000
1.683127,1920.000000
1.501823,1920.000000
0.707203,1920.000000
0.928600,1920.000000
0.805150,1920.000000
2.390711,1920.000000
2.715511,1920.000000
1.951595,1920.000000
2.810922,1920.000000
3.183935,1920.000000
2.468866,1920.000000
1.791986,1920.000000
3.436670,1920.000000
3.738253,1920.000000
5.833979,1920.000000
1.224219,1920.000000
2.699525,1920.000000
2.360134,1920.000000
2.295681,1920.000000
2.753828,1920.000000
4.631709,1920.000000
2.840357,1920.000000
2.988293,1920.000000
0.856027,1920.000000
2.395405,1920.000000
1.529354,1920.000000
1.579090,1920.000000
1.652423,1920.000000
0.950550,1920.000000
1.500300,1920.000000
2.545118,1920.000000
1.803532,1920.000000
1.354647,1920.000000
2.747484,1920.000000
2.884255,1920.000000
4.752240,1920.000000
1.005233,1920.000000
1.867477,1920.000000
1.708883,1920.000000
1.923429,1920.000000
2.403906,1920.000000
3.645888,1920.000000
2.259775,1920.000000
2.133535,1920.000000
0.870618,1920.000000
1.492814,1920.000000
2.734543,1920.000000
6.170577,1920.000000
2.724194,1920.000000
3.155198,1920.000000
5.216075,1920.000000
3.924332,1920.000000
5.350185,1920.000000
2.599600,1920.000000
4.661619,1920.000000
5.519313,1920.000000
9.376907,1920.000000
1.827041,1920.000000
3.656239,1920.000000
5.246399,1920.000000
4.210061,1920.000000
5.556234,1920.000000
8.253277,1920.000000
5.216075,1920.000000
5.181184,1920.000000
1.464805,1920.000000
2.397357,1920.000000
1.599168,1920.000000
2.969449,1920.000000
3.289054,1920.000000
1.727442,1920.000000
2.481604,1920.000000
3.185395,1920.000000
2.981502,1920.000000
1.712343,1920.000000
3.095185,1920.000000
3.327118,1920.000000
6.184407,1920.000000
1.184912,1920.000000
2.391013,1920.000000
2.770758,1920.000000
2.209831,1920.000000
2.858685,1920.000000
5.238152,1920.000000
3.012587,1920.000000
3.397789,1920.000000
1.087470,1920.000000
1.910400,1920.000000
1.631268,1920.000000
3.176894,1920.000000
1.648524,1920.000000
3.156086,1920.000000
4.361553,1920.000000
2.886978,1920.000000
3.342089,1920.000000
1.819936,1920.000000
3.676539,1920.000000
4.525986,1920.000000
6.451738,1920.000000
1.292758,1920.000000
3.025656,1920.000000
2.916922,1920.000000
2.859827,1920.000000
3.430523,1920.000000
5.835873,1920.000000
3.489268,1920.000000
3.733888,1920.000000
0.900452,1920.000000
1.938059,1920.000000
0.920499,1920.000000
5.181184,1920.000000
2.450265,1920.000000
4.466227,1920.000000
7.883428,1920.000000
4.349880,1920.000000
5.094145,1920.000000
2.768601,1920.000000
5.384822,1920.000000
8.972420,1920.000000
10.332678,1920.000000
2.056690,1920.000000
4.556056,1920.000000
4.641445,1920.000000
5.124215,1920.000000
6.214350,1920.000000
8.571740,1920.000000
5.146927,1920.000000
5.555346,1920.000000
1.296945,1920.000000
3.171185,1920.000000
1.515683,1920.000000
3.890202,1920.000000
3.203158,1920.000000
3.005482,1920.000000
4.472825,1920.000000
6.844552,1920.000000
4.138248,1920.000000
2.827346,1920.000000
5.793750,1920.000000
5.973916,1920.000000
11.152055,1920.000000
2.022560,1920.000000
4.145607,1920.000000
4.276925,1920.000000
3.734776,1920.000000
4.288217,1920.000000
8.379774,1920.000000
4.728103,1920.000000
5.394085,1920.000000
1.514668,1920.000000
3.211024,1920.000000
2.686385,1920.000000
5.337116,1920.000000
2.763907,1920.000000
3.340567,1920.000000
5.000763,1920.000000
4.929585,1920.000000
6.980692,1920.000000
2.664942,1920.000000
4.729498,1920.000000
5.282432,1920.000000
9.287331,1920.000000
1.806614,1920.000000
3.499418,1920.000000
5.603052,1920.000000
3.866856,1920.000000
5.908574,1920.000000
8.357443,1920.000000
4.800550,1920.000000
5.283447,1920.000000
1.672757,1920.000000
2.651620,1920.000000
1.896189,1920.000000
2.591480,1920.000000
1.666540,1920.000000
1.869672,1920.000000
3.434710,1920.000000
2.684354,1920.000000
2.676742,1920.000000
1.959121,1920.000000
3.464780,1920.000000
3.421642,1920.000000
6.183392,1920.000000
1.172224,1920.000000
2.281137,1920.000000
2.760862,1920.000000
2.712648,1920.000000
2.899286,1920.000000
4.811462,1920.000000
3.100641,1920.000000
3.042911,1920.000000
0.879137,1920.000000
1.684050,1920.000000
1.282227,1920.000000
4.532965,1920.000000
3.275351,1920.000000
3.527585,1920.000000
5.343080,1920.000000
6.091659,1920.000000
4.982620,1920.000000
3.242109,1920.000000
6.885534,1920.000000
7.090188,1920.000000
12.291291,1920.000000
2.628528,1920.000000
4.929458,1920.000000
4.385406,1920.000000
4.563162,1920.000000
5.173825,1920.000000
8.867239,1920.000000
5.648348,1920.000000
5.839806,1920.000000
1.527609,1920.000000
3.779183,1920.000000
2.692855,1920.000000
5.434685,1920.000000
3.326864,1920.000000
4.517866,1920.000000
8.565269,1920.000000
6.081255,1920.000000
5.433797,1920.000000
3.525301,1920.000000
7.497339,1920.000000
11.513276,1920.000000
13.329913,1920.000000
2.863379,1920.000000
5.914030,1920.000000
5.024236,1920.000000
5.846531,1920.000000
6.753961,1920.000000
10.551796,1920.000000
6.598536,1920.000000
6.630128,1920.000000
1.886166,1920.000000
3.651291,1920.000000
2.836608,1920.000000
9.592219,1920.000000
6.280199,1920.000000
6.399211,1920.000000
10.465011,1920.000000
10.688063,1920.000000
9.221735,1920.000000
6.747237,1920.000000
11.871833,1920.000000
13.085419,1920.000000
24.093214,1920.000000
4.649439,1920.000000
8.531774,1920.000000
9.445040,1920.000000
9.372974,1920.000000
10.157332,1920.000000
17.474124,1920.000000
10.054688,1920.000000
11.213844,1920.000000
3.257715,1920.000000
6.002337,1920.000000
4.943414,1920.000000
1.860790,1920.000000
1.167657,1920.000000
1.382842,1920.000000
2.166185,1920.000000
2.069885,1920.000000
1.825518,1920.000000
1.174254,1920.000000
2.506852,1920.000000
2.819479,1920.000000
4.691054,1920.000000
1.258501,1920.000000
1.752564,1920.000000
1.643068,1920.000000
1.755228,1920.000000
2.084476,1920.000000
3.417455,1920.000000
2.202219,1920.000000
2.306893,1920.000000
0.640606,1920.000000
1.252792,1920.000000
0.980766,1920.000000
3.443465,1920.000000
2.228863,1920.000000
2.887993,1920.000000
4.296972,1920.000000
4.163243,1920.000000
3.775504,1920.000000
2.305370,1920.000000
5.098713,1920.000000
6.211178,1920.000000
8.623887,1920.000000
1.720210,1920.000000
4.514694,1920.000000
3.364166,1920.000000
3.495865,1920.000000
4.032432,1920.000000
7.135610,1920.000000
4.348865,1920.000000
4.457472,1920.000000
1.242515,1920.000000
2.640328,1920.000000
1.775021,1920.000000
5.332929,1920.000000
3.322296,1920.000000
2.822651,1920.000000
4.473966,1920.000000
4.189887,1920.000000
4.983508,1920.000000
2.677884,1920.000000
4.426514,1920.000000
5.218486,1920.000000
9.587270,1920.000000
1.775655,1920.000000
3.306183,1920.000000
7.322628,1920.000000
4.105006,1920.000000
5.452068,1920.000000
8.785656,1920.000000
5.088436,1920.000000
5.218613,1920.000000
1.640150,1920.000000
2.368302,1920.000000
1.766647,1920.000000
4.185573,1920.000000
2.303340,1920.000000
2.962090,1920.000000
5.278753,1920.000000
3.739851,1920.000000
4.035730,1920.000000
2.871499,1920.000000
4.546921,1920.000000
5.920754,1920.000000
9.262590,1920.000000
1.863835,1920.000000
3.716759,1920.000000
4.203844,1920.000000
4.765151,1920.000000
4.609345,1920.000000
7.020405,1920.000000
4.380838,1920.000000
4.539562,1920.000000
1.323970,1920.000000
2.265784,1920.000000
1.725666,1920.000000
5.473256,1920.000000
3.028447,1920.000000
3.265328,1920.000000
5.632488,1920.000000
4.511649,1920.000000
5.975439,1920.000000
2.889643,1920.000000
5.176616,1920.000000
6.623277,1920.000000
10.291442,1920.000000
2.186232,1920.000000
3.869394,1920.000000
5.356782,1920.000000
4.724170,1920.000000
7.595796,1920.000000
9.162737,1920.000000
5.744014,1920.000000
5.107721,1920.000000
1.879568,1920.000000
2.667607,1920.000000
2.420575,1920.000000
8.134773,1920.000000
5.189811,1920.000000
5.874825,1920.000000
8.855439,1920.000000
8.104449,1920.000000
8.362899,1920.000000
4.803341,1920.000000
9.000080,1920.000000
10.513859,1920.000000
16.920048,1920.000000
3.277128,1920.000000
7.175069,1920.000000
9.012006,1920.000000
7.524110,1920.000000
8.945395,1920.000000
17.601509,1920.000000
9.379952,1920.000000
8.714478,1920.000000
2.756421,1920.000000
4.687375,1920.000000
3.861400,1920.000000
4.870967,1920.000000
2.945088,1920.000000
3.550169,1920.000000
5.319100,1920.000000
4.672277,1920.000000
4.916897,1920.000000
3.041642,1920.000000
5.573236,1920.000000
7.200952,1920.000000
10.064204,1920.000000
2.156162,1920.000000
4.423850,1920.000000
4.981478,1920.000000
4.725692,1920.000000
5.378352,1920.000000
9.332627,1920.000000
5.770150,1920.000000
5.283447,1920.000000
1.569733,1920.000000
2.969195,1920.000000
2.248275,1920.000000
5.400809,1920.000000
3.423799,1920.000000
3.662075,1920.000000
5.487974,1920.000000
5.280783,1920.000000
5.268729,1920.000000
3.123606,1920.000000
5.982163,1920.000000
6.381955,1920.000000
11.391219,1920.000000
2.295601,1920.000000
4.392511,1920.000000
5.077144,1920.000000
4.540450,1920.000000
5.102773,1920.000000
8.763706,1920.000000
5.583386,1920.000000
6.590669,1920.000000
1.594220,1920.000000
3.188313,1920.000000
2.133578,1920.000000
1.484471,1920.000000
1.049660,1920.000000
0.901975,1920.000000
1.440444,1920.000000
1.545626,1920.000000
1.623148,1920.000000
0.872539,1920.000000
1.572270,1920.000000
1.800143,1920.000000
3.353381,1920.000000
0.697701,1920.000000
1.164358,1920.000000
1.578233,1920.000000
1.277660,1920.000000
1.852670,1920.000000
2.620535,1920.000000
1.534968,1920.000000
1.683796,1920.000000
0.774589,1920.000000
0.900325,1920.000000
0.886115,1920.000000
2.435420,1920.000000
1.749772,1920.000000
2.008349,1920.000000
2.932401,1920.000000
3.202397,1920.000000
2.528168,1920.000000
1.694454,1920.000000
3.754696,1920.000000
3.769414,1920.000000
5.962624,1920.000000
1.235663,1920.000000
2.710872,1920.000000
2.468028,1920.000000
2.374138,1920.000000
2.667733,1920.000000
4.795729,1920.000000
2.968561,1920.000000
3.209248,1920.000000
0.821788,1920.000000
2.136496,1920.000000
1.471402,1920.000000
1.519108,1920.000000
1.669712,1920.000000
0.927985,1920.000000
1.597265,1920.000000
2.610385,1920.000000
1.903168,1920.000000
1.317119,1920.000000
2.689683,1920.000000
2.972875,1920.000000
4.786974,1920.000000
0.971631,1920.000000
1.870941,1920.000000
1.663369,1920.000000
1.736704,1920.000000
2.384162,1920.000000
3.689481,1920.000000
2.202853,1920.000000
2.222392,1920.000000
0.880913,1920.000000
1.495763,1920.000000
2.702244,1920.000000
6.713171,1920.000000
2.609825,1920.000000
3.132449,1920.000000
5.093656,1920.000000
4.006536,1920.000000
5.767650,1920.000000
2.616042,1920.000000
4.455950,1920.000000
5.384088,1920.000000
9.544911,1920.000000
1.774818,1920.000000
3.519057,1920.000000
5.271163,1920.000000
4.201806,1920.000000
5.511223,1920.000000
8.280411,1920.000000
4.890265,1920.000000
5.088581,1920.000000
1.498470,1920.000000
2.360249,1920.000000
1.587541,1920.000000
2.584829,1920.000000
2.403896,1920.000000
1.762257,1920.000000
2.554251,1920.000000
4.092434,1920.000000
3.583005,1920.000000
1.799560,1920.000000
3.216952,1920.000000
3.272273,1920.000000
6.110484,1920.000000
1.135716,1920.000000
2.241742,1920.000000
2.649665,1920.000000
2.255572,1920.000000
3.074591,1920.000000
5.106471,1920.000000
2.877671,1920.000000
3.072054,1920.000000
1.200045,1920.000000
1.967678,1920.000000
1.685239,1920.000000
3.286610,1920.000000
1.686001,1920.000000
3.089437,1920.000000
4.437679,1920.000000
2.986789,1920.000000
3.207817,1920.000000
1.774945,1920.000000
3.515758,1920.000000
4.661625,1920.000000
6.528685,1920.000000
1.312842,1920.000000
2.922461,1920.000000
3.044901,1920.000000
3.073323,1920.000000
3.432016,1920.000000
5.673885,1920.000000
3.356395,1920.000000
3.624369,1920.000000
0.902762,1920.000000
1.962856,1920.000000
0.909740,1920.000000
5.549034,1920.000000
2.716913,1920.000000
4.256492,1920.000000
8.142237,1920.000000
4.215890,1920.000000
4.876689,1920.000000
2.762336,1920.000000
5.308339,1920.000000
8.810394,1920.000000
10.538774,1920.000000
2.212051,1920.000000
4.494776,1920.000000
4.447703,1920.000000
5.180189,1920.000000
5.832867,1920.000000
8.712188,1920.000000
5.398552,1920.000000
5.503864,1920.000000
1.440866,1920.000000
2.783652,1920.000000
1.552268,1920.000000
3.830424,1920.000000
3.295619,1920.000000
2.935529,1920.000000
4.285167,1920.000000
6.706827,1920.000000
4.277935,1920.000000
2.732265,1920.000000
5.780085,1920.000000
6.179761,1920.000000
10.755360,1920.000000
2.033148,1920.000000
4.110452,1920.000000
4.026202,1920.000000
3.758990,1920.000000
4.599453,1920.000000
8.819276,1920.000000
4.689031,1920.000000
5.345896,1920.000000
1.558231,1920.000000
3.272273,1920.000000
2.691409,1920.000000
5.524038,1920.000000
2.967630,1920.000000
3.185232,1920.000000
5.103680,1920.000000
4.265247,1920.000000
6.262107,1920.000000
2.715644,1920.000000
4.675074,1920.000000
5.278142,1920.000000
9.198779,1920.000000
1.801844,1920.000000
3.653678,1920.000000
5.270656,1920.000000
3.890947,1920.000000
5.931708,1920.000000
8.782861,1920.000000
5.061047,1920.000000
5.346785,1920.000000
1.632711,1920.000000
3.123948,1920.000000
1.993815,1920.000000
2.533315,1920.000000
1.821510,1920.000000
1.708586,1920.000000
2.664130,1920.000000
2.702702,1920.000000
2.618579,1920.000000
3.018383,1920.000000
3.174066,1920.000000
4.108802,1920.000000
6.077114,1920.000000
1.157540,1920.000000
2.275619,1920.000000
2.769695,1920.000000
2.601070,1920.000000
2.823747,1920.000000
4.740164,1920.000000
2.829330,1920.000000
3.051372,1920.000000
0.879162,1920.000000
1.740433,1920.000000
1.284928,1920.000000
4.362058,1920.000000
3.243217,1920.000000
3.713693,1920.000000
5.745827,1920.000000
5.890725,1920.000000
4.625717,1920.000000
3.074465,1920.000000
7.335144,1920.000000
7.405690,1920.000000
11.781704,1920.000000
2.483578,1920.000000
5.227770,1920.000000
4.391113,1920.000000
4.523451,1920.000000
5.029327,1920.000000
8.886143,1920.000000
5.781734,1920.000000
5.938687,1920.000000
1.664938,1920.000000
3.509795,1920.000000
2.682781,1920.000000
5.319251,1920.000000
4.534870,1920.000000
4.531064,1920.000000
8.285486,1920.000000
5.983349,1920.000000
5.435855,1920.000000
3.369464,1920.000000
7.655139,1920.000000
11.170897,1920.000000
13.047981,1920.000000
2.859020,1920.000000
5.818657,1920.000000
5.126645,1920.000000
5.840227,1920.000000
6.635646,1920.000000
10.482565,1920.000000
6.639707,1920.000000
6.532238,1920.000000
1.829504,1920.000000
3.758736,1920.000000
2.904570,1920.000000
9.152848,1920.000000
6.056559,1920.000000
6.589081,1920.000000
10.227660,1920.000000
10.692427,1920.000000
9.558614,1920.000000
6.143854,1920.000000
11.904272,1920.000000
13.234751,1920.000000
24.272930,1920.000000
4.722020,1920.000000
8.712696,1920.000000
9.663165,1920.000000
9.506847,1920.000000
10.364312,1920.000000
17.030156,1920.000000
10.090502,1920.000000
11.298286,1920.000000
3.333937,1920.000000
6.105536,1920.000000
4.890138,1920.000000
1.748807,1920.000000
1.187357,1920.000000
1.358774,1920.000000
2.114733,1920.000000
2.023379,1920.000000
1.845871,1920.000000
1.211591,1920.000000
2.435490,1920.000000
2.915863,1920.000000
4.595773,1920.000000
1.169339,1920.000000
1.959811,1920.000000
1.764287,1920.000000
1.867695,1920.000000
2.103695,1920.000000
3.333049,1920.000000
2.183249,1920.000000
2.232225,1920.000000
0.694168,1920.000000
1.261582,1920.000000
0.953133,1920.000000
3.524006,1920.000000
2.281075,1920.000000
2.763605,1920.000000
4.437806,1920.000000
4.335666,1920.000000
3.430494,1920.000000
2.413032,1920.000000
4.955736,1920.000000
5.981699,1920.000000
8.611698,1920.000000
1.748680,1920.000000
3.915942,1920.000000
3.740592,1920.000000
3.695422,1920.000000
3.915942,1920.000000
7.053086,1920.000000
4.357236,1920.000000
5.124488,1920.000000
1.151830,1920.000000
2.525829,1920.000000
1.798925,1920.000000
5.475315,1920.000000
2.619341,1920.000000
3.148056,1920.000000
4.742068,1920.000000
4.087994,1920.000000
5.226374,1920.000000
2.795452,1920.000000
4.435014,1920.000000
5.507924,1920.000000
9.328959,1920.000000
1.778370,1920.000000
3.676390,1920.000000
6.913644,1920.000000
4.082665,1920.000000
5.525941,1920.000000
8.951233,1920.000000
5.047217,1920.000000
4.938099,1920.000000
1.490476,1920.000000
2.339060,1920.000000
1.755786,1920.000000
4.173385,1920.000000
2.353905,1920.000000
3.245628,1920.000000
5.345643,1920.000000
3.737420,1920.000000
3.906172,1920.000000
2.581403,1920.000000
4.567352,1920.000000
5.668810,1920.000000
9.321219,1920.000000
1.905252,1920.000000
3.634139,1920.000000
4.116288,1920.000000
4.671902,1920.000000
4.558851,1920.000000
7.212830,1920.000000
4.688904,1920.000000
4.439075,1920.000000
1.231258,1920.000000
2.380931,1920.000000
1.783573,1920.000000
5.567051,1920.000000
3.166454,1920.000000
3.313382,1920.000000
5.915594,1920.000000
4.331860,1920.000000
6.156542,1920.000000
2.889598,1920.000000
5.106852,1920.000000
6.499503,1920.000000
10.645227,1920.000000
2.074639,1920.000000
4.146613,1920.000000
5.412002,1920.000000
4.678881,1920.000000
7.478647,1920.000000
9.097273,1920.000000
5.189959,1920.000000
5.106217,1920.000000
1.800448,1920.000000
2.644336,1920.000000
2.362786,1920.000000
8.289292,1920.000000
5.081222,1920.000000
5.797594,1920.000000
8.634029,1920.000000
8.129422,1920.000000
8.435967,1920.000000
4.838878,1920.000000
9.022540,1920.000000
10.440187,1920.000000
17.010489,1920.000000
3.356141,1920.000000
6.964523,1920.000000
8.944635,1920.000000
7.332606,1920.000000
9.300791,1920.000000
17.389992,1920.000000
9.359411,1920.000000
9.113514,1920.000000
2.747237,1920.000000
4.738261,1920.000000
3.770282,1920.000000
4.794470,1920.000000
2.891248,1920.000000
3.388242,1920.000000
5.364802,1920.000000
4.796246,1920.000000
4.647287,1920.000000
2.991992,1920.000000
5.908235,1920.000000
6.656074,1920.000000
10.374208,1920.000000
2.215477,1920.000000
4.533221,1920.000000
5.466941,1920.000000
4.392636,1920.000000
5.269260,1920.000000
9.181396,1920.000000
6.125202,1920.000000
5.429638,1920.000000
1.594012,1920.000000
2.813089,1920.000000
2.160791,1920.000000
5.244899,1920.000000
3.141585,1920.000000
3.813676,1920.000000
5.594457,1920.000000
5.297428,1920.000000
5.433825,1920.000000
2.911676,1920.000000
5.965459,1920.000000
6.641737,1920.000000
11.729937,1920.000000
2.293002,1920.000000
4.508986,1920.000000
4.861844,1920.000000
4.495029,1920.000000
5.055845,1920.000000
8.825747,1920.000000
5.763717,1920.000000
6.258682,1920.000000
1.629158,1920.000000
3.022316,1920.000000
2.178428,1920.000000
1.473601,1920.000000
1.102854,1920.000000
0.894007,1920.000000
1.341645,1920.000000
1.510524,1920.000000
1.652631,1920.000000
0.925854,1920.000000
1.630046,1920.000000
1.785095,1920.000000
3.238142,1920.000000
0.685287,1920.000000
1.213621,1920.000000
1.556835,1920.000000
1.320836,1920.000000
1.837497,1920.000000
2.678848,1920.000000
1.593250,1920.000000
1.765048,1920.000000
0.638975,1920.000000
0.856830,1920.000000
0.913420,1920.000000
2.236032,1920.000000
1.926187,1920.000000
1.854753,1920.000000
3.088422,1920.000000
3.264406,1920.000000
2.505021,1920.000000
1.818084,1920.000000
3.675375,1920.000000
3.721941,1920.000000
6.047678,1920.000000
1.267038,1920.000000
2.532300,1920.000000
2.546003,1920.000000
2.377251,1920.000000
2.651061,1920.000000
4.595139,1920.000000
2.859908,1920.000000
3.213273,1920.000000
0.836149,1920.000000
2.356696,1920.000000
1.524227,1920.000000
1.552395,1920.000000
1.637151,1920.000000
0.916084,1920.000000
1.586779,1920.000000
2.754343,1920.000000
1.864777,1920.000000
1.285690,1920.000000
2.711330,1920.000000
2.917385,1920.000000
4.846745,1920.000000
0.982443,1920.000000
1.791439,1920.000000
1.719624,1920.000000
1.771900,1920.000000
2.327006,1920.000000
3.793882,1920.000000
2.205961,1920.000000
2.175636,1920.000000
0.848837,1920.000000
1.480326,1920.000000
2.644336,1920.000000
93.303771,1920.000000
58.644471,1920.000000
65.388484,1920.000000
104.731902,1920.000000
95.683384,1920.000000
95.661055,1920.000000
56.577724,1920.000000
107.296622,1920.000000
127.812348,1920.000000
203.543699,1920.000000
40.958627,1920.000000
81.760694,1920.000000
93.861882,1920.000000
85.519407,1920.000000
103.580792,1920.000000
168.692568,1920.000000
100.991205,1920.000000
104.663772,1920.000000
30.613476,1920.000000
56.896934,1920.000000
43.817182,1920.000000
