2,20,0,2,134709883,1.218336
3,3,2,0,3,0.562145
3,3,2,0,3,0.301917
2,20,3,2,3,0.286518
0,3,2,0,3,0.200370
2,19,1,1,3,0.177570
3,0,5,1,0,0.157515
3,11,17,1,0,0.142531
3,1,1,2,2,0.144766
2,8,1,1,2,0.125207
0,0,1,1,2,0.112609
2,2,3,1,2,0.110312
2,3,3,1,2,0.108797
3,10,10,2,2,0.116569
2,0,3,1,2,0.100337
0,3,3,2,2,0.100359
0,1,2,0,2,0.099939
2,20,3,1,2,0.107972
0,1,2,0,2,0.101697
2,14,3,1,2,0.100196
2,9,3,1,2,0.098171
0,2,3,1,2,0.093324
2,18,3,1,2,0.089596
0,3,2,1,2,0.083641
3,6,6,1,3,0.067188
0,0,3,1,3,0.064866
0,3,0,2,3,0.064516
3,3,2,2,0,0.070795
3,0,5,1,0,0.075874
2,7,2,2,0,0.070987
3,3,2,1,0,0.067970
0,2,0,1,0,0.063591
3,14,11,3,0,0.068068
0,0,3,3,0,0.062083
0,0,1,3,0,0.059377
0,2,2,2,0,0.066613
0,1,1,1,0,0.055857
2,5,2,2,0,0.055211
2,20,0,1,0,0.054460
3,3,8,2,2,0.080893
3,19,19,0,3,0.059905
2,18,2,2,3,0.053781
0,3,2,2,3,0.050036
2,20,3,2,3,0.052622
0,1,0,2,3,0.068485
0,2,3,2,3,0.051048
0,0,0,1,3,0.046091
0,3,2,3,3,0.045102
3,3,2,2,0,0.048821
3,3,3,2,0,0.048778
2,20,3,2,0,0.049220
2,15,2,2,0,0.044950
2,16,1,0,0,0.043784
3,1,1,0,2,0.041813
2,1,0,0,2,0.046069
0,3,2,2,2,0.041216
2,14,3,2,2,0.045710
0,0,1,0,2,0.039019
0,2,0,0,2,0.039420
0,2,1,0,2,0.036867
2,19,0,3,2,0.036276
2,19,0,1,2,0.044306
0,3,0,1,2,0.040184
2,13,0,3,2,0.034736
0,1,3,2,2,0.042698
0,3,1,2,2,0.035626
0,0,2,0,2,0.037673
0,0,2,2,2,0.037022
0,3,3,0,2,0.035383
3,3,8,3,0,0.031746
0,1,0,3,0,0.033418
2,4,2,3,0,0.032161
2,9,1,1,0,0.035590
0,1,1,2,0,0.035553
0,3,1,1,0,0.031773
0,0,1,1,0,0.031776
2,3,1,2,0,0.031437
0,1,2,3,0,0.037987
0,3,1,2,0,0.029291
2,11,3,1,0,0.030377
2,17,3,3,0,0.031298
0,3,0,2,0,0.034044
2,2,0,2,0,0.029685
3,3,2,1,0,0.034965
2,0,0,2,0,0.031868
0,0,1,0,0,0.034788
3,3,8,2,0,0.030670
0,1,3,1,0,0.032002
2,19,1,2,0,0.029430
3,3,3,2,1,0.028407
2,8,1,2,1,0.030021
0,0,2,0,1,0.028172
0,3,2,0,1,0.029541
0,3,2,0,1,0.030511
0,3,3,3,1,0.034922
2,8,2,0,1,0.031709
2,17,0,2,1,0.027951
0,0,2,0,1,0.025963
2,8,0,2,1,0.031364
0,3,2,1,1,0.029107
0,1,0,2,1,0.026336
2,20,2,0,1,0.032252
2,9,3,1,1,0.027962
0,2,2,0,1,0.025950
3,2,2,1,0,0.024401
3,2,1,1,0,0.025520
2,8,3,1,0,0.023057
2,15,3,1,0,0.023573
2,15,0,2,0,0.026359
0,3,2,0,0,0.028772
0,0,2,1,0,0.024703
0,2,3,1,0,0.021297
0,2,1,2,0,0.021201
2,19,2,0,0,0.023268
3,14,11,0,0,0.021810
3,10,10,0,1,0.026754
2,14,2,0,1,0.024820
0,0,2,0,1,0.023444
2,3,3,1,1,0.024790
2,4,1,0,1,0.028605
0,1,3,1,1,0.028070
2,18,1,0,1,0.026114
0,1,0,2,1,0.024218
3,6,6,0,3,0.023321
0,2,2,3,3,0.022115
0,1,1,0,3,0.019637
2,13,2,1,3,0.023257
2,1,3,0,3,0.025706
0,2,2,1,3,0.019962
2,9,1,1,3,0.020290
3,19,1,1,1,0.019957
2,14,3,0,1,0.027649
0,1,0,2,1,0.023918
2,17,3,0,1,0.025746
0,3,2,3,1,0.021495
0,2,1,1,1,0.023207
0,1,1,1,1,0.019196
0,1,1,0,1,0.018418
0,3,1,1,1,0.020010
2,14,3,0,1,0.018484
0,0,3,0,1,0.022336
0,0,3,3,1,0.019077
2,4,1,1,1,0.022778
0,2,2,2,1,0.017083
0,2,2,0,1,0.017023
0,2,1,0,1,0.018557
2,20,1,1,1,0.026825
0,2,2,1,1,0.023391
2,4,1,1,1,0.022133
0,2,1,0,1,0.022504
3,3,3,1,0,0.021645
3,3,8,0,0,0.017303
2,11,1,1,0,0.019711
2,0,2,2,0,0.020409
0,0,1,1,0,0.018068
3,1,1,1,2,0.016559
3,1,1,1,2,0.020416
2,7,3,0,2,0.018855
0,1,2,3,2,0.018544
2,14,3,2,2,0.019760
0,0,1,0,2,0.019747
2,14,1,1,2,0.020447
0,3,2,0,2,0.022779
0,3,2,0,2,0.019297
3,19,2,0,0,0.024568
0,2,3,2,0,0.018635
2,19,0,3,0,0.018321
2,0,2,1,0,0.016435
2,19,1,1,0,0.022874
0,1,3,0,0,0.015853
0,1,3,0,0,0.018404
2,14,1,1,0,0.021173
2,14,1,3,0,0.019365
0,0,1,3,0,0.016183
0,2,1,1,0,0.018783
0,1,2,1,0,0.017011
0,0,2,3,0,0.014469
3,1,2,3,2,0.016087
2,15,1,3,2,0.014767
0,3,2,2,2,0.018863
0,3,3,0,2,0.017259
2,2,1,2,2,0.017406
2,4,2,0,2,0.018620
2,3,3,2,2,0.018455
0,1,1,3,2,0.017791
3,1,1,2,2,0.015679
3,1,1,2,2,0.016682
0,3,2,0,2,0.016660
0,3,2,0,2,0.020164
0,0,2,0,2,0.017084
0,3,1,2,2,0.017099
0,0,0,2,2,0.014502
0,0,2,2,2,0.014307
2,14,3,2,2,0.019184
0,2,3,2,2,0.016777
2,18,3,2,2,0.018676
0,1,0,2,2,0.017617
2,10,2,0,2,0.017293
2,13,3,2,2,0.017661
2,20,2,0,2,0.016279
2,0,2,3,2,0.016263
0,3,2,0,2,0.015970
0,3,2,0,2,0.016173
2,13,0,0,2,0.015282
2,13,0,0,2,0.017559
0,1,2,3,2,0.015909
0,0,0,0,2,0.015435
2,9,1,2,2,0.014085
0,0,0,1,2,0.012889
2,14,3,2,2,0.015051
2,9,3,2,2,0.016676
2,14,3,2,2,0.016983
0,3,2,3,2,0.015950
0,3,3,0,2,0.013411
0,0,3,1,2,0.013039
0,3,0,1,2,0.013130
0,1,0,3,2,0.013375
0,3,3,3,2,0.012083
2,18,3,1,2,0.012090
2,18,3,0,2,0.016126
0,2,3,2,2,0.016930
2,14,3,2,2,0.017606
2,2,3,0,2,0.015824
0,1,3,2,2,0.016509
0,1,3,0,2,0.014824
0,3,1,3,2,0.015381
0,1,1,0,2,0.014171
0,1,1,0,2,0.015246
0,2,0,1,2,0.012272
0,0,1,1,2,0.012095
0,0,1,1,2,0.013775
0,0,1,0,2,0.016502
0,0,1,0,2,0.015911
2,11,1,0,2,0.013319
0,3,1,0,2,0.011677
0,0,1,0,2,0.015054
2,16,3,2,2,0.014499
0,3,1,0,2,0.013526
2,10,3,1,2,0.011479
2,10,3,3,2,0.013550
0,1,3,3,2,0.015655
0,1,3,0,2,0.014140
0,1,3,0,2,0.013070
0,1,3,1,2,0.012394
2,3,2,0,2,0.015316
2,3,3,1,2,0.011625
2,15,3,3,2,0.012347
2,15,1,0,2,0.016242
0,3,2,0,2,0.015733
0,1,1,0,2,0.012125
0,2,3,2,2,0.014830
0,2,3,3,2,0.012421
0,2,3,2,2,0.013045
0,0,2,2,2,0.015643
0,0,2,2,2,0.014008
2,18,1,0,2,0.015720
0,2,3,2,2,0.014389
0,3,1,0,2,0.015095
2,9,3,0,2,0.011162
2,19,3,0,2,0.011129
0,1,2,1,2,0.011391
0,2,3,0,2,0.012146
0,2,3,1,2,0.012355
0,3,1,1,2,0.012061
0,0,3,3,2,0.012244
2,10,2,2,2,0.013353
0,2,3,2,2,0.014753
2,4,2,2,2,0.014760
0,3,2,2,2,0.013670
2,4,2,2,2,0.014526
0,2,1,3,2,0.012082
2,20,2,2,2,0.014033
2,12,3,2,2,0.013153
0,3,0,2,2,0.011271
0,3,0,2,2,0.013385
2,2,3,2,2,0.013456
2,8,2,2,2,0.013871
2,8,3,2,2,0.013665
2,8,3,1,2,0.014420
0,3,0,1,2,0.011359
0,3,3,1,2,0.011690
0,2,1,1,2,0.011561
0,2,1,2,2,0.013163
2,17,2,2,2,0.012764
0,2,1,0,2,0.014492
2,6,2,2,2,0.014263
0,2,3,2,2,0.012941
0,2,2,2,2,0.013928
0,2,2,2,2,0.014129
0,0,3,3,2,0.011298
3,3,8,3,0,0.011316
0,2,1,3,0,0.010585
2,8,3,0,0,0.010395
2,12,1,0,0,0.012562
0,3,2,0,0,0.010478
2,14,1,3,0,0.011250
0,0,2,2,0,0.014981
2,19,1,3,0,0.013066
0,1,1,1,0,0.010683
3,3,3,1,0,0.010673
0,1,1,3,0,0.012850
3,6,6,2,3,0.010110
3,6,6,2,3,0.010942
2,15,2,2,3,0.011766
0,3,0,1,3,0.011928
2,15,2,2,3,0.011031
2,1,2,3,3,0.011333
3,1,1,2,2,0.013245
3,1,1,2,2,0.013850
0,2,2,3,2,0.011003
0,0,2,2,2,0.010130
0,2,2,0,2,0.010607
0,0,2,0,2,0.012267
0,2,2,1,2,0.011999
0,3,2,0,2,0.013862
0,1,3,0,2,0.011178
2,14,1,3,2,0.014160
2,14,1,0,2,0.013434
3,2,1,0,1,0.010037
0,3,3,0,1,0.009389
2,8,1,1,1,0.009317
2,8,0,2,1,0.010607
0,0,3,3,1,0.010212
0,0,3,0,1,0.012102
0,0,3,1,1,0.010544
2,14,2,2,1,0.013751
0,3,3,3,1,0.012557
0,0,2,2,1,0.012359
2,20,1,0,1,0.011520
2,14,1,3,1,0.012802
0,2,1,0,1,0.011987
2,10,1,0,1,0.012136
0,2,3,2,1,0.012321
2,18,1,3,1,0.012653
2,18,1,3,1,0.012153
0,0,1,1,1,0.009364
0,0,1,1,1,0.011141
2,18,1,0,1,0.011500
2,7,0,0,1,0.011390
2,20,1,0,1,0.012431
2,20,2,2,1,0.011487
2,5,1,0,1,0.012362
2,14,0,0,1,0.011314
2,14,0,2,1,0.009538
3,19,2,2,0,0.009729
0,2,3,1,0,0.008992
0,3,0,0,0,0.008795
2,14,1,3,0,0.010780
2,2,1,3,0,0.011536
0,0,1,0,0,0.012407
0,0,1,0,0,0.009564
0,2,1,3,0,0.011982
0,2,1,3,0,0.010262
2,4,1,3,0,0.013113
2,19,1,3,0,0.011608
0,3,1,3,0,0.011191
2,8,1,1,0,0.009791
0,0,1,0,0,0.009526
0,0,1,0,0,0.010714
0,0,1,1,0,0.010380
2,12,1,3,0,0.009715
0,0,1,1,0,0.012184
0,0,0,2,0,0.008496
0,2,1,3,0,0.009737
0,1,2,0,0,0.011312
0,2,3,2,0,0.010024
2,17,1,0,0,0.011684
2,2,2,2,0,0.011164
2,6,1,0,0,0.011632
0,2,2,2,0,0.010829
2,14,1,0,0,0.010909
0,3,2,3,0,0.010831
0,2,2,0,0,0.009492
3,1,1,3,2,0.009086
0,3,0,2,2,0.008087
0,1,2,3,2,0.008444
2,4,1,0,2,0.010858
0,2,2,3,2,0.010404
2,3,1,0,2,0.010325
3,1,1,2,2,0.009050
0,3,0,2,2,0.008703
0,2,2,1,2,0.009539
0,1,3,2,2,0.010325
2,1,1,0,2,0.010354
2,1,1,0,2,0.010851
0,0,1,0,2,0.009439
0,1,1,0,2,0.010269
0,1,1,0,2,0.009843
2,10,0,0,2,0.011290
2,1,1,3,2,0.010618
2,12,0,0,2,0.010642
0,0,1,3,2,0.009660
0,0,0,0,2,0.009865
0,2,2,2,2,0.009321
0,2,3,2,2,0.009148
2,8,1,2,2,0.010828
2,2,2,2,2,0.009880
2,18,3,0,2,0.010714
0,3,2,2,2,0.010091
2,14,3,0,2,0.010329
0,3,2,0,2,0.010339
0,3,2,0,2,0.008210
2,20,3,0,2,0.011548
2,14,3,1,2,0.010290
2,15,3,0,2,0.008927
0,2,3,1,2,0.009441
0,1,1,1,2,0.008657
0,1,1,1,2,0.008408
2,0,1,0,2,0.008645
0,0,2,1,2,0.008316
2,0,0,3,2,0.008693
2,11,1,0,2,0.009220
0,0,2,1,2,0.009708
2,14,1,2,2,0.010458
0,2,3,3,2,0.009718
0,2,1,2,2,0.009161
0,2,3,2,2,0.009522
2,20,3,0,2,0.010357
0,1,0,2,2,0.009690
0,0,1,0,2,0.008349
3,1,1,2,2,0.007954
0,2,1,2,2,0.008363
0,1,2,1,2,0.008242
0,1,0,3,2,0.007853
0,1,0,3,2,0.007774
2,19,0,1,2,0.007706
0,0,1,0,2,0.007416
0,2,3,0,2,0.007481
0,2,1,0,2,0.008324
0,1,2,0,2,0.010225
0,2,3,2,2,0.008955
0,3,3,0,2,0.010421
0,3,3,0,2,0.009202
0,0,2,0,2,0.008654
0,3,3,1,2,0.008739
0,3,0,1,2,0.007812
0,2,1,1,2,0.007912
0,2,1,1,2,0.007609
0,2,3,1,2,0.007528
2,17,2,0,2,0.008598
2,7,1,3,2,0.009272
0,3,2,0,2,0.009645
0,2,1,3,2,0.007867
0,3,1,3,2,0.009427
2,2,3,0,2,0.008769
0,1,2,0,2,0.009648
0,1,0,2,2,0.008864
2,10,1,0,2,0.010308
0,1,3,0,2,0.009140
2,6,1,0,2,0.009280
0,1,0,2,2,0.008992
2,7,1,0,2,0.009228
2,10,2,0,2,0.007992
0,2,3,3,2,0.007541
0,2,3,3,2,0.007298
2,11,2,0,2,0.006910
2,4,1,1,2,0.006880
0,0,0,1,2,0.007326
0,0,2,0,2,0.006737
0,0,0,3,2,0.007794
0,3,2,0,2,0.009699
0,1,1,3,2,0.006973
0,1,1,1,2,0.008049
2,11,1,1,2,0.007476
0,0,2,2,2,0.009658
2,10,1,0,2,0.009491
2,11,2,1,2,0.008782
2,14,1,0,2,0.009371
2,19,2,2,2,0.008802
0,2,1,0,2,0.009160
0,2,1,0,2,0.008698
2,17,2,3,2,0.009276
2,7,2,2,2,0.008927
2,5,2,3,2,0.008969
0,3,2,2,2,0.008392
0,0,2,3,2,0.008028
0,0,2,3,2,0.008538
0,2,2,1,2,0.009378
0,2,2,1,2,0.009033
0,2,2,1,2,0.008521
2,13,3,2,2,0.008549
2,18,1,1,2,0.009082
0,2,3,2,2,0.008631
2,14,1,1,2,0.008946
2,9,2,2,2,0.008487
2,20,1,1,2,0.008811
2,20,0,2,2,0.008369
0,3,1,0,2,0.009011
0,2,2,2,2,0.008153
0,2,2,2,2,0.009319
2,11,2,3,2,0.007626
0,1,3,0,2,0.007067
0,1,0,2,2,0.006848
2,15,3,1,2,0.008003
3,19,2,0,0,0.007576
3,1,2,0,3,0.017527
3,2,1,0,0,0.011017
2,15,3,0,0,0.007404
3,19,2,2,0,0.007586
0,2,0,0,0,0.006734
1,0.300000
1,0.400000
1,0.200000
0,0.200000
1,0.300000
1,0.400000
1,0.400000
1,0.400000
0,0.100000
1,0.400000
1,0.400000
1,0.300000
1,0.300000
0,0.100000
1,0.300000
0,0.100000
0,0.100000
1,0.300000
1,0.900000
1,0.300000
1,0.300000
1,0.300000
1,0.300000
1,0.100000
1,0.300000
1,0.300000
1,0.500000
0,0.200000
1,0.800000
0,0.200000
1,0.500000
1,0.800000
1,0.100000
1,0.100000
1,0.400000
0,0.200000
1,0.500000
1,0.100000
1,0.500000
1,0.300000
0,0.600000
1,0.100000
1,0.100000
0,0.100000
0,0.100000
0,0.100000
1,0.500000
1,0.100000
0,0.100000
1,0.300000
0,0.100000
1,0.300000
0,0.200000
1,0.600000
1,0.500000
1,0.300000
0,0.100000
0,0.200000
1,0.600000
0,0.200000
0,0.200000
1,0.500000
1,0.400000
0,0.100000
0,0.100000
1,0.400000
0,0.600000
0,0.100000
1,0.200000
0,0.100000
0,0.100000
0,0.500000
0,0.400000
1,0.100000
1,0.100000
0,0.400000
1,0.300000
0,0.500000
1,0.200000
1,0.100000
1,0.600000
1,0.200000
1,0.900000
1,0.100000
1,0.900000
0,0.500000
1,0.900000
1,0.100000
1,0.100000
1,0.100000
1,0.100000
1,0.200000
1,0.100000
0,0.300000
1,0.600000
0,0.700000
1,0.900000
0,0.700000
1,0.900000
0,0.100000
1,0.900000
0,0.300000
1,0.600000
1,0.200000
0,0.300000
0,0.300000
0,0.300000
0,0.300000
0,0.100000
0,0.300000
1,0.300000
0,0.300000
1,0.100000
1,0.100000
0,0.700000
0,0.300000
1,0.100000
0,0.700000
1,0.600000
0,0.300000
1,0.600000
0,0.300000
0,0.100000
0,0.300000
1,0.300000
0,0.300000
1,0.600000
1,0.100000
1,0.300000
1,0.100000
1,0.200000
1,0.100000
1,0.900000
1,0.100000
1,0.300000
1,0.100000
0,0.600000
1,0.100000
1,0.200000
1,0.100000
1,0.100000
1,0.400000
0,0.600000
1,0.100000
1,0.300000
1,0.900000
0,0.600000
1,0.600000
0,0.600000
1,0.900000
0,0.600000
1,0.100000
0,0.600000
1,0.300000
1,0.200000
0,0.400000
0,0.400000
0,0.300000
1,0.900000
0,0.100000
1,0.900000
0,0.600000
1,0.100000
0,0.300000
1,0.700000
0,0.100000
1,0.700000
1,0.800000
0,0.600000
0,0.300000
1,0.700000
0,0.600000
1,0.500000
1,0.500000
0,0.600000
1,0.800000
0,0.100000
1,0.300000
0,0.600000
1,0.300000
0,0.900000
1,0.400000
0,0.300000
1,0.800000
0,0.600000
1,0.300000
1,0.200000
0,0.300000
1,0.100000
1,0.200000
1,0.300000
1,0.200000
1,0.900000
0,0.200000
1,0.800000
0,0.200000
1,0.900000
0,0.300000
1,0.800000
0,0.300000
1,0.900000
0,0.300000
1,0.100000
1,0.500000
1,0.500000
1,0.900000
1,0.500000
1,0.100000
0,0.400000
0,0.200000
1,0.800000
0,0.200000
1,0.100000
1,0.300000
1,0.200000
1,0.900000
1,0.300000
1,0.100000
1,0.400000
1,0.100000
1,0.800000
0,0.200000
1,0.700000
0,0.200000
1,0.700000
0,0.400000
1,0.600000
0,0.300000
1,0.500000
0,0.400000
1,0.200000
1,0.900000
0,0.500000
1,0.900000
0,0.200000
1,0.900000
0,0.200000
1,0.100000
1,0.400000
1,0.100000
1,0.400000
1,0.100000
0,0.300000
1,0.600000
0,0.300000
1,0.400000
1,0.100000
1,0.600000
0,0.300000
1,0.600000
0,0.200000
1,0.100000
1,0.800000
0,0.500000
1,0.900000
0,0.200000
1,0.800000
0,0.200000
1,0.200000
1,0.200000
1,0.600000
1,0.200000
1,0.400000
0,0.300000
1,0.500000
0,0.400000
1,0.800000
0,0.400000
1,0.600000
0,0.400000
1,0.700000
0,0.400000
1,0.800000
1,0.400000
0,0.600000
1,0.800000
0,0.400000
1,0.800000
1,0.400000
0,0.500000
1,0.400000
1,0.100000
1,0.400000
0,0.400000
1,0.900000
0,0.400000
1,0.800000
0,0.400000
1,0.200000
0,0.100000
1,0.100000
1,0.100000
1,0.300000
1,0.900000
1,0.100000
0,0.200000
1,0.900000
0,0.200000
0,0.600000
1,0.300000
0,0.600000
0,0.300000
0,0.300000
0,0.300000
1,0.900000
0,0.300000
1,0.500000
0,0.300000
0,0.300000
1,0.300000
0,0.300000
1,0.500000
0,0.700000
1,0.600000
0,0.300000
1,0.700000
0,0.400000
1,0.900000
1,0.300000
1,0.300000
0,0.400000
1,0.200000
1,0.400000
1,0.100000
1,0.800000
0,0.500000
1,0.600000
0,0.500000
1,0.900000
0,0.400000
1,0.900000
0,0.500000
1,0.800000
0,0.400000
1,0.700000
0,0.400000
1,0.500000
0,0.500000
0,0.300000
0,0.500000
1,0.900000
0,0.500000
0,0.300000
1,0.400000
1,0.400000
0,0.300000
0,0.300000
0,0.200000
1,0.700000
0,0.500000
1,0.900000
0,0.400000
1,0.700000
0,0.400000
1,0.700000
0,0.200000
0,0.400000
1,0.100000
0,0.300000
0,0.400000
1,0.700000
1,0.300000
1,0.200000
1,0.700000
0,0.600000
1,0.800000
0,0.400000
1,0.900000
0,0.400000
1,0.900000
0,0.400000
1,0.100000
1,0.200000
1,0.500000
0,0.600000
1,0.900000
0,0.400000
1,0.500000
0,0.400000
1,0.100000
1,0.400000
1,0.500000
0,0.200000
1,0.900000
0,0.400000
1,0.900000
0,0.400000
1,0.600000
1,0.200000
1,0.700000
1,0.200000
1,0.700000
1,0.200000
1,0.100000
1,0.800000
0,0.800000
1,0.600000
0,0.900000
1,0.600000
0,0.900000
1,0.100000
0,0.300000
1,0.700000
1,0.100000
1,0.700000
1,0.100000
0,0.600000
1,0.900000
1,0.100000
0,0.200000
1,0.200000
1,0.100000
1,0.500000
0,0.800000
1,0.600000
0,0.800000
1,0.800000
0,0.900000
0,0.300000
1,0.100000
1,0.100000
1,0.100000
1,0.600000
1,0.200000
0,0.400000
0,0.600000
0,0.300000
1,0.200000
1,0.900000
0,0.600000
1,0.800000
0,0.900000
1,0.500000
0,0.700000
1,0.500000
0,0.600000
1,0.200000
0,0.300000
1,0.500000
0,0.300000
1,0.700000
0,0.300000
1,0.700000
0,0.400000
1,0.700000
1,0.100000
1,0.900000
0,0.500000
1,0.700000
0,0.500000
1,0.900000
0,0.500000
1,0.100000
1,0.100000
0,0.200000
1,0.100000
1,0.200000
0,0.700000
1,0.500000
0,0.900000
1,0.100000
1,0.300000
1,0.900000
1,0.100000
1,0.900000
0,0.500000
1,0.300000
0,0.500000
1,0.900000
0,0.500000
1,0.900000
0,0.400000
1,0.900000
0,0.400000
1,0.300000
0,0.400000
1,0.500000
0,0.800000
1,0.600000
0,0.800000
1,0.800000
0,0.900000
1,0.800000
0,0.900000
1,0.900000
0,0.900000
0,0.300000
0,0.400000
1,0.900000
0,0.400000
1,0.900000
0,0.300000
0,0.300000
0,0.400000
1,0.100000
1,0.100000
1,0.100000
1,0.100000
1,0.900000
0,0.800000
1,2.621809
0,1.000541
1,1.300541
0,1.204179
1,1.441702
0,1.276336
0,1.204179
0,1.219888
1,2.095555
0,1.447572
0,1.447572
0,1.447572
0,1.453621
0,1.453621
1,1.354179
0,1.426336
1,1.564602
0,1.381541
1,1.564602
0,1.431541
1,1.354179
1,2.025576
1,2.025576
1,1.564602
1,2.025576
1,1.297572
1,1.297572
1,1.297572
1,1.354179
0,1.426336
0,1.447572
0,1.281541
0,1.331541
0,1.426336
1,1.890652
0,1.426336
0,1.426336
0,1.426336
0,1.426336
1,1.564602
0,1.426336
1,1.890652
0,2.095555
1,1.297572
1,1.890652
1,1.297572
1,1.890652
1,1.890652
1,1.297572
1,1.890652
0,1.275034
0,2.095555
0,2.095555
0,2.095555
1,1.895555
0,1.169811
1,1.875576
0,1.169811
0,1.231541
1,1.366841
1,1.366841
1,1.366841
1,1.366841
1,1.366841
1,1.366841
1,1.545414
1,1.366841
1,1.366841
1,1.366841
1,1.366841
1,1.555317
0,1.430006
0,1.266841
0,1.430006
0,1.430006
0,1.266841
0,1.266841
0,1.430006
0,1.330006
0,1.430006
1,1.555317
1,1.297572
1,1.555317
1,1.297572
0,1.266841
0,1.430006
0,1.266841
0,1.430006
0,1.330006
0,1.330006
1,1.272443
1,1.272443
1,1.272443
1,1.272443
1,1.666841
1,1.875576
1,1.272443
1,1.272443
1,2.325576
1,1.272443
1,1.272443
1,1.875576
1,1.522443
1,1.875576
1,1.272443
0,0.857823
0,1.478559
0,1.478559
0,1.328559
1,1.875576
0,1.328559
1,1.875576
1,1.875576
0,1.231541
0,1.231541
0,1.480957
1,1.875576
1,1.875576
1,1.961581
1,1.875576
1,1.961581
1,1.875576
1,1.961581
1,1.875576
1,1.961581
1,1.461581
1,1.961581
1,1.461581
1,1.666841
0,2.095555
1,1.961581
1,1.440652
1,1.666841
1,1.440652
1,1.666841
1,1.440652
0,2.095555
0,2.095555
0,2.095555
0,2.095555
1,1.440652
0,2.095555
1,1.440652
0,2.095555
0,2.095555
0,2.095555
1,1.440652
1,1.666841
1,1.440652
1,1.666841
1,1.440652
1,1.666841
1,1.461581
1,0.996831
0,2.095555
0,2.095555
1,2.245555
1,1.461581
1,1.146831
1,1.461581
1,1.146831
1,1.461581
1,0.996831
0,2.095555
1,1.146831
1,1.461581
0,2.095555
0,2.095555
1,1.895555
0,2.095555
1,1.088538
1,1.461581
1,1.088538
1,0.988538
1,1.461581
1,0.988538
1,1.561581
1,0.828633
0,2.095555
0,2.095555
0,2.095555
0,2.095555
0,2.095555
0,2.095555
0,2.095555
0,2.095555
1,2.245555
1,1.461581
1,1.961581
1,1.461581
1,0.996831
0,1.975576
0,1.975576
0,0.965599
1,0.996831
0,0.965599
1,1.890652
0,0.965599
1,1.890652
0,0.965599
1,1.890652
0,0.965599
1,1.890652
0,2.095555
0,1.975576
1,1.890652
0,2.095555
0,2.095555
0,2.095555
0,0.865599
1,1.890652
0,0.965599
1,1.890652
0,0.865599
0,0.865599
0,2.095555
0,0.865599
0,0.865599
0,0.865599
0,0.865599
1,0.996831
0,0.965599
1,1.146831
0,0.965599
1,1.146831
0,0.965599
1,1.146831
0,0.965599
0,1.975576
0,1.975576
0,1.975576
1,0.996831
0,0.965599
1,0.996831
0,1.975576
1,0.996831
0,0.965599
1,2.275576
0,2.095555
0,0.865599
1,1.146831
0,0.865599
0,0.865599
1,2.275576
0,0.965599
1,1.590652
1,1.366841
1,1.890652
0,0.965599
1,1.890652
1,1.366841
1,1.366841
1,1.890652
0,0.965599
1,1.890652
0,0.965599
1,1.890652
0,0.965599
1,1.366841
1,1.890652
0,2.095555
0,1.975576
1,1.890652
0,1.975576
1,1.890652
1,1.895555
1,1.890652
1,1.895555
1,1.890652
1,1.895555
1,2.245555
1,1.895555
1,1.890652
1,2.245555
1,2.245555
1,1.890652
1,1.895555
1,1.890652
1,2.245555
0,1.975576
1,1.366841
1,1.366841
1,1.366841
1,1.366841
1,1.890652
1,1.366841
1,1.890652
1,1.366841
1,1.366841
1,1.366841
1,1.366841
0,1.975576
0,1.975576
1,1.890652
0,1.975576
0,1.975576
1,1.890652
1,1.895555
1,1.890652
1,1.890652
1,1.895555
0,1.975576
1,2.275576
1,1.895555
1,2.245555
1,2.245555
1,2.245555
0,2.095555
1,1.895555
0,0.865599
0,0.865599
0,0.865599
0,0.865599
0,0.865599
0,0.965599
1,0.996831
0,0.965599
1,0.996831
0,0.865599
1,0.796831
1,0.796831
1,0.796831
1,0.896831
1,0.796831
1,0.896831
1,0.796831
1,0.896831
1,0.796831
1,0.896831
1,0.796831
1,0.896831
1,0.796831
1,0.896831
1,0.796831
1,0.896831
1,0.796831
1,0.796831
1,0.796831
1,0.896831
1,0.796831
1,0.896831
1,0.796831
1,0.896831
1,0.796831
1,0.796831
1,2.245555
1,2.245555
0,0.965599
1,2.245555
0,0.965599
1,2.245555
0,0.965599
1,2.245555
0,0.965599
1,2.245555
0,0.957823
1,2.245555
1,2.245555
1,2.245555
1,2.245555
1,2.245555
0,0.957823
1,2.245555
1,2.245555
0,0.957823
1,2.245555
0,0.957823
1,2.245555
0,0.957823
1,2.245555
0,0.957823
1,2.245555
1,2.245555
1,2.245555
0,0.846831
0,0.846831
0,0.965599
0,2.095555
0,0.965599
0,2.095555
1,2.245555
1,2.245555
1,1.895555
1,2.245555
1,1.895555
1,2.245555
1,1.895555
1,2.245555
0,0.957823
1,2.345555
1,1.895555
1,2.245555
1,1.895555
1,2.245555
1,2.245555
1,1.895555
1,2.245555
0,0.965599
1,2.245555
0,0.965599
1,2.245555
1,2.245555
1,2.345555
0,0.965599
1,2.245555
1,1.895555
1,2.245555
1,2.245555
1,1.895555
1,1.895555
1,2.245555
1,1.895555
1,2.245555
1,1.895555
1,2.245555
1,1.895555
1,2.245555
1,1.895555
1,2.245555
1,1.895555
1,2.245555
0,0.965599
0,0.846831
0,0.846831
1,1.840652
1,0.896831
1,1.840652
1,1.840652
0,0.707823
0,0.965599
1,1.840652
0,0.965599
1,1.840652
0,0.965599
1,1.840652
0,0.965599
0,0.957823
0,0.957823
1,1.840652
0,0.957823
1,1.840652
0,0.957823
1,1.840652
0,0.965599
1,1.840652
0,0.965599
1,1.840652
0,0.957823
1,1.840652
0,0.965599
1,1.840652
0,0.957823
1,1.840652
0,0.957823
1,1.840652
1,1.840652
1,1.840652
0,0.957823
0,0.965599
0,0.965599
1,1.840652
0,0.965599
0,0.757823
0,0.965599
1,1.840652
0,0.957823
1,1.840652
0,0.957823
1,1.840652
0,0.957823
1,1.840652
0,0.957823
1,1.840652
0,0.957823
1,1.840652
0,0.957823
1,1.840652
0,0.957823
1,1.840652
0,0.957823
1,1.840652
0,0.957823
1,1.840652
0,0.957823
1,1.840652
0,0.957823
1,1.840652
0,0.957823
1,1.840652
0,0.957823
1,1.840652
0,0.957823
1,1.840652
0,0.957823
0,0.846831
1,0.877262
0,0.857823
1,0.896831
1,0.896831
0,0.965599
0,0
1,3
1,4
0,1
1,4
1,1
1,4
1,4
1,3
1,3
1,1
1,1
1,4
1,0
1,3
0,4
0,5
0,1
0,4
0,4
0,5
0,1
0,1
1,3
1,3
1,3
1,3
1,2
1,3
1,2
1,3
1,3
0,2
1,3
1,3
0,2
1,3
1,3
0,2
1,8
0,2
0,0
1,3
0,2
1,8
0,5
1,3
1,3
0,5
0,4
0,1
0,4
1,3
0,2
0,2
1,3
0,5
0,3
0,1
0,1
0,1
1,2
1,1
1,5
1,1
0,2
1,1
1,1
1,1
0,3
0,3
1,1
0,3
1,1
0,1
0,1
1,8
0,2
0,1
1,1
0,1
0,2
1,3
0,1
0,0
0,2
0,1
0,3
0,1
0,3
0,3
1,1
1,5
1,1
1,6
1,1
1,4
1,5
1,6
0,2
1,2
0,2
0,2
0,7
0,3
0,3
0,3
0,6
1,8
0,7
1,2
1,0
0,2
1,2
0,3
0,2
0,2
0,7
1,8
0,7
1,6
0,2
1,6
0,3
1,6
0,3
1,6
0,3
0,7
0,7
1,1
0,7
1,4
0,6
1,4
0,2
1,4
1,1
1,4
1,4
1,1
1,1
1,1
0,1
1,5
1,5
0,2
1,5
0,7
1,5
1,0
1,5
1,0
1,5
1,0
0,1
0,1
0,5
1,6
0,6
1,5
1,0
1,5
0,2
1,7
1,0
0,1
0,0
1,0
0,2
1,8
1,0
0,2
1,8
0,7
1,8
0,2
1,2
1,2
1,5
0,7
1,5
0,7
1,8
0,3
1,4
1,4
1,0
1,6
1,0
1,6
1,0
0,2
1,0
1,6
0,3
1,6
0,4
1,6
0,2
0,0
0,7
0,2
0,2
1,1
1,1
0,7
1,5
1,1
1,0
0,1
0,7
1,7
1,0
1,0
1,1
1,0
1,1
1,1
0,2
1,7
1,0
1,7
0,4
1,8
0,4
1,8
1,1
1,3
1,3
1,3
1,8
1,1
1,3
1,1
1,8
1,1
1,1
1,1
0,2
1,8
1,1
0,6
1,7
1,1
0,2
0,6
1,8
0,3
1,7
0,4
0,1
1,8
0,3
1,8
0,3
1,8
0,4
0,6
0,1
0,1
1,0
0,3
0,3
1,7
0,4
1,8
0,7
1,8
1,0
0,1
0,2
0,1
0,3
0,3
1,7
1,0
0,3
1,5
1,3
1,3
1,0
1,3
0,6
1,8
0,5
1,8
0,4
1,3
1,3
1,3
0,6
1,2
1,3
0,0
1,0
1,4
1,0
0,0
0,0
1,2
0,0
0,0
1,2
0,0
0,6
0,0
1,1
0,7
0,3
0,3
0,3
0,7
1,4
1,0
1,4
1,0
0,1
1,0
0,3
0,3
1,2
1,4
1,0
1,4
1,0
1,4
0,7
1,4
0,8
1,8
0,4
1,8
0,3
1,1
1,4
0,2
0,2
1,8
0,2
1,4
0,7
1,4
0,2
0,6
0,3
0,3
0,6
1,8
0,7
1,4
0,7
1,4
0,7
1,4
0,5
0,3
1,1
0,0
0,0
0,0
0,8
1,1
1,8
1,1
1,8
0,8
1,8
0,5
1,6
1,0
1,6
1,1
1,6
1,0
1,8
1,0
1,6
1,1
1,8
0,0
1,6
0,4
1,6
0,4
1,6
0,4
1,6
0,4
1,6
0,6
1,8
0,3
1,8
1,8
1,0
1,8
0,3
1,4
1,0
1,8
1,1
1,4
0,6
1,8
0,2
0,3
0,3
0,3
1,4
1,4
1,0
1,8
1,0
1,8
0,2
1,8
0,2
1,8
0,2
0,2
0,2
0,2
0,2
1,8
0,1
0,2
1,1
1,8
0,8
1,8
0,8
1,8
0,2
1,8
0,6
0,2
0,2
1,3
0,6
1,8
0,5
1,8
0,5
1,8
0,4
1,1
0,4
1,8
0,5
1,8
0,5
1,1
0,2
1,3
0,2
1,3
0,3
1,6
0,3
1,6
0,0
1,6
1,0
1,6
0,3
1,6
1,0
1,5
0,8
1,8
0,8
1,8
0,7
1,8
1,2
1,8
0,3
1,8
0,3
1,8
0,3
1,8
0,8
0,0
0,2
1,4
0,7
1,8
0,5
0,1
0,5
0,5
0,6
1,4
1,4
1,2
1,4
0,3
0,5
7.412858,1920.000000
2.408866,1920.000000
3.036438,1920.000000
5.170130,1920.000000
5.161700,1920.000000
5.990759,1920.000000
2.418111,1920.000000
4.508568,1920.000000
5.311796,1920.000000
9.240920,1920.000000
1.836492,1920.000000
3.130792,1920.000000
4.287232,1920.000000
3.680597,1920.000000
4.960214,1920.000000
7.936560,1920.000000
4.959398,1920.000000
6.136776,1920.000000
1.464517,1920.000000
2.301189,1920.000000
1.378321,1920.000000
2.178285,1920.000000
2.473309,1920.000000
1.766067,1920.000000
2.510833,1920.000000
3.759723,1920.000000
4.284513,1920.000000
2.077134,1920.000000
3.509293,1920.000000
3.493522,1920.000000
6.935381,1920.000000
1.118917,1920.000000
2.431163,1920.000000
2.819453,1920.000000
2.511105,1920.000000
3.054113,1920.000000
5.709603,1920.000000
2.902930,1920.000000
3.138133,1920.000000
1.266565,1920.000000
1.905557,1920.000000
1.667091,1920.000000
3.033719,1920.000000
1.880813,1920.000000
2.989126,1920.000000
3.658844,1920.000000
3.739330,1920.000000
3.587331,1920.000000
1.852535,1920.000000
4.223605,1920.000000
3.680597,1920.000000
7.038163,1920.000000
1.430256,1920.000000
2.422190,1920.000000
3.000818,1920.000000
2.458354,1920.000000
2.970364,1920.000000
5.416754,1920.000000
3.195507,1920.000000
3.876646,1920.000000
0.973988,1920.000000
2.252789,1920.000000
0.984320,1920.000000
5.569024,1920.000000
3.497601,1920.000000
5.168498,1920.000000
9.246086,1920.000000
3.794800,1920.000000
4.717940,1920.000000
2.365360,1920.000000
5.813745,1920.000000
9.932936,1920.000000
8.248714,1920.000000
2.514096,1920.000000
5.747126,1920.000000
3.454367,1920.000000
3.661835,1920.000000
6.361919,1920.000000
6.402706,1920.000000
5.386843,1920.000000
5.323488,1920.000000
1.250522,1920.000000
2.665279,1920.000000
1.350314,1920.000000
3.325480,1920.000000
3.681413,1920.000000
2.419199,1920.000000
3.415211,1920.000000
7.022392,1920.000000
4.117016,1920.000000
3.134055,1920.000000
6.521803,1920.000000
5.208741,1920.000000
12.587882,1920.000000
1.824528,1920.000000
3.491075,1920.000000
4.705432,1920.000000
4.254875,1920.000000
4.100973,1920.000000
9.600116,1920.000000
4.847914,1920.000000
4.997194,1920.000000
1.688300,1920.000000
3.643345,1920.000000
3.096803,1920.000000
5.158166,1920.000000
2.861327,1920.000000
3.504126,1920.000000
5.774046,1920.000000
4.601562,1920.000000
6.484551,1920.000000
2.763711,1920.000000
5.414306,1920.000000
7.982241,1920.000000
8.918705,1920.000000
1.930573,1920.000000
4.357114,1920.000000
4.325300,1920.000000
3.652046,1920.000000
6.590868,1920.000000
8.265029,1920.000000
5.114932,1920.000000
5.018675,1920.000000
1.646969,1920.000000
2.747940,1920.000000
1.736428,1920.000000
2.096983,1920.000000
2.116289,1920.000000
1.400074,1920.000000
2.212274,1920.000000
3.344786,1920.000000
2.809936,1920.000000
2.365632,1920.000000
3.251249,1920.000000
2.997283,1920.000000
7.232308,1920.000000
1.226050,1920.000000
1.868306,1920.000000
2.866493,1920.000000
2.957040,1920.000000
3.143028,1920.000000
5.030095,1920.000000
4.119191,1920.000000
2.876826,1920.000000
0.954954,1920.000000
1.755190,1920.000000
1.356296,1920.000000
4.263032,1920.000000
3.862506,1920.000000
3.129704,1920.000000
4.249980,1920.000000
6.957405,1920.000000
4.078132,1920.000000
4.294574,1920.000000
6.904383,1920.000000
6.728184,1920.000000
13.653232,1920.000000
2.340072,1920.000000
4.491982,1920.000000
5.055111,1920.000000
4.928672,1920.000000
4.934110,1920.000000
9.516639,1920.000000
5.564674,1920.000000
5.354486,1920.000000
1.969729,1920.000000
4.436784,1920.000000
2.970908,1920.000000
6.676249,1920.000000
4.166775,1920.000000
4.917252,1920.000000
8.846920,1920.000000
4.472676,1920.000000
5.611442,1920.000000
3.526967,1920.000000
8.286510,1920.000000
12.829339,1920.000000
11.220166,1920.000000
3.637635,1920.000000
7.024840,1920.000000
6.263215,1920.000000
5.284604,1920.000000
7.358747,1920.000000
9.185722,1920.000000
7.206205,1920.000000
6.199316,1920.000000
1.763076,1920.000000
4.020215,1920.000000
2.832504,1920.000000
8.866770,1920.000000
6.586790,1920.000000
6.340438,1920.000000
10.694016,1920.000000
10.592593,1920.000000
9.230859,1920.000000
6.468236,1920.000000
10.599119,1920.000000
13.445763,1920.000000
23.521996,1920.000000
4.295662,1920.000000
8.029825,1920.000000
10.679061,1920.000000
9.955776,1920.000000
9.956864,1920.000000
16.102341,1920.000000
10.079224,1920.000000
9.611536,1920.000000
3.526967,1920.000000
6.396180,1920.000000
5.421376,1920.000000
2.369983,1920.000000
1.211911,1920.000000
1.703255,1920.000000
2.760448,1920.000000
1.737788,1920.000000
1.917522,1920.000000
1.068069,1920.000000
2.234843,1920.000000
3.597936,1920.000000
4.189344,1920.000000
1.324210,1920.000000
2.198134,1920.000000
1.727727,1920.000000
1.628479,1920.000000
1.921328,1920.000000
2.916525,1920.000000
2.213633,1920.000000
2.351493,1920.000000
0.718391,1920.000000
1.327201,1920.000000
1.063991,1920.000000
3.273273,1920.000000
2.542103,1920.000000
2.412673,1920.000000
3.709148,1920.000000
4.358473,1920.000000
3.950877,1920.000000
2.474397,1920.000000
5.796614,1920.000000
5.035261,1920.000000
9.061187,1920.000000
1.940090,1920.000000
3.249073,1920.000000
3.891329,1920.000000
3.429895,1920.000000
3.727366,1920.000000
6.985684,1920.000000
4.262216,1920.000000
5.822174,1920.000000
1.316053,1920.000000
2.789814,1920.000000
1.868849,1920.000000
5.394729,1920.000000
2.669357,1920.000000
3.187077,1920.000000
4.923234,1920.000000
4.224693,1920.000000
5.967103,1920.000000
2.489624,1920.000000
3.611532,1920.000000
4.712502,1920.000000
8.648968,1920.000000
1.578448,1920.000000
2.996739,1920.000000
5.944806,1920.000000
3.951421,1920.000000
5.428174,1920.000000
8.454551,1920.000000
4.462343,1920.000000
5.310436,1920.000000
1.691563,1920.000000
3.133239,1920.000000
1.725824,1920.000000
3.925046,1920.000000
2.285962,1920.000000
2.988582,1920.000000
5.289771,1920.000000
2.932296,1920.000000
3.792897,1920.000000
2.566847,1920.000000
4.716853,1920.000000
6.315150,1920.000000
7.662201,1920.000000
2.117649,1920.000000
4.087649,1920.000000
3.666458,1920.000000
3.982147,1920.000000
5.391194,1920.000000
5.802596,1920.000000
4.299740,1920.000000
4.207018,1920.000000
1.292668,1920.000000
2.139401,1920.000000
1.612980,1920.000000
5.133150,1920.000000
2.932840,1920.000000
3.629206,1920.000000
6.011968,1920.000000
3.689570,1920.000000
5.907010,1920.000000
3.080760,1920.000000
5.961393,1920.000000
8.678335,1920.000000
9.019312,1920.000000
2.288409,1920.000000
5.991303,1920.000000
4.810662,1920.000000
4.018312,1920.000000
8.749848,1920.000000
8.500505,1920.000000
5.500502,1920.000000
4.926769,1920.000000
1.839483,1920.000000
2.635368,1920.000000
2.120368,1920.000000
7.930578,1920.000000
5.289499,1920.000000
5.167954,1920.000000
7.443856,1920.000000
8.709605,1920.000000
8.542651,1920.000000
5.099705,1920.000000
7.957769,1920.000000
8.817282,1920.000000
17.658492,1920.000000
2.938550,1920.000000
5.825709,1920.000000
7.934112,1920.000000
6.928855,1920.000000
8.659029,1920.000000
17.088021,1920.000000
8.364549,1920.000000
9.292583,1920.000000
3.059823,1920.000000
4.918611,1920.000000
3.864681,1920.000000
5.369713,1920.000000
3.188981,1920.000000
3.456270,1920.000000
5.286780,1920.000000
5.068435,1920.000000
6.351858,1920.000000
3.110942,1920.000000
5.022482,1920.000000
5.718304,1920.000000
10.415579,1920.000000
2.126894,1920.000000
3.985410,1920.000000
4.585519,1920.000000
4.093631,1920.000000
4.999097,1920.000000
8.926046,1920.000000
5.501590,1920.000000
6.419020,1920.000000
1.864499,1920.000000
2.901298,1920.000000
2.233483,1920.000000
5.513010,1920.000000
3.533493,1920.000000
3.379319,1920.000000
5.064900,1920.000000
6.001092,1920.000000
5.097257,1920.000000
2.974986,1920.000000
6.233305,1920.000000
6.716220,1920.000000
11.248716,1920.000000
2.415936,1920.000000
4.037345,1920.000000
4.911542,1920.000000
4.199133,1920.000000
4.602650,1920.000000
8.504039,1920.000000
5.688121,1920.000000
5.875469,1920.000000
1.700264,1920.000000
3.506302,1920.000000
2.179644,1920.000000
1.427265,1920.000000
0.928850,1920.000000
1.187167,1920.000000
1.698633,1920.000000
1.246987,1920.000000
1.512645,1920.000000
0.877187,1920.000000
2.029277,1920.000000
2.725915,1920.000000
3.166140,1920.000000
0.818182,1920.000000
1.652408,1920.000000
1.517267,1920.000000
1.413125,1920.000000
2.369167,1920.000000
2.499141,1920.000000
1.700264,1920.000000
1.421011,1920.000000
0.687121,1920.000000
0.814376,1920.000000
0.708874,1920.000000
2.064626,1920.000000
2.038250,1920.000000
1.804134,1920.000000
2.666366,1920.000000
4.196414,1920.000000
2.774859,1920.000000
1.770417,1920.000000
4.269286,1920.000000
3.948974,1920.000000
6.779303,1920.000000
1.286142,1920.000000
2.371886,1920.000000
2.394999,1920.000000
2.395270,1920.000000
2.998371,1920.000000
5.112212,1920.000000
2.913806,1920.000000
3.268107,1920.000000
0.951691,1920.000000
2.242456,1920.000000
1.475393,1920.000000
1.589324,1920.000000
1.416116,1920.000000
1.108312,1920.000000
1.836220,1920.000000
2.090185,1920.000000
1.964018,1920.000000
1.214358,1920.000000
2.945348,1920.000000
3.717849,1920.000000
4.025109,1920.000000
1.163238,1920.000000
2.559233,1920.000000
1.565940,1920.000000
1.637181,1920.000000
3.014142,1920.000000
3.445122,1920.000000
2.308531,1920.000000
1.913715,1920.000000
0.736065,1920.000000
1.286958,1920.000000
2.440408,1920.000000
6.731689,1920.000000
2.693383,1920.000000
3.044977,1920.000000
5.121370,1920.000000
4.049455,1920.000000
5.501244,1920.000000
2.563676,1920.000000
4.969094,1920.000000
5.666844,1920.000000
9.379117,1920.000000
1.872723,1920.000000
3.585285,1920.000000
4.748293,1920.000000
3.889021,1920.000000
5.426194,1920.000000
7.659485,1920.000000
4.801590,1920.000000
5.435711,1920.000000
1.588565,1920.000000
2.423908,1920.000000
1.583671,1920.000000
2.644981,1920.000000
2.510923,1920.000000
1.969799,1920.000000
3.585557,1920.000000
3.273391,1920.000000
2.880193,1920.000000
2.008412,1920.000000
3.264962,1920.000000
4.824160,1920.000000
6.294711,1920.000000
1.151588,1920.000000
2.376050,1920.000000
2.940015,1920.000000
2.477205,1920.000000
3.214928,1920.000000
5.189894,1920.000000
2.760819,1920.000000
3.256804,1920.000000
1.134728,1920.000000
2.038596,1920.000000
1.718816,1920.000000
3.169789,1920.000000
1.896924,1920.000000
3.092291,1920.000000
4.236809,1920.000000
3.202148,1920.000000
3.366660,1920.000000
1.801480,1920.000000
3.970598,1920.000000
4.128856,1920.000000
6.432303,1920.000000
1.444447,1920.000000
2.731724,1920.000000
2.897052,1920.000000
2.593044,1920.000000
3.289435,1920.000000
5.196692,1920.000000
3.303031,1920.000000
3.717711,1920.000000
1.055599,1920.000000
2.138391,1920.000000
1.003118,1920.000000
4.880991,1920.000000
3.004733,1920.000000
4.001869,1920.000000
7.547182,1920.000000
4.410295,1920.000000
5.892267,1920.000000
2.528870,1920.000000
6.216126,1920.000000
7.401975,1920.000000
10.531520,1920.000000
2.387199,1920.000000
4.649314,1920.000000
5.012057,1920.000000
4.578614,1920.000000
5.333469,1920.000000
7.466149,1920.000000
5.131975,1920.000000
5.393835,1920.000000
1.598083,1920.000000
2.935393,1920.000000
1.573610,1920.000000
3.775630,1920.000000
3.458298,1920.000000
3.357143,1920.000000
4.318386,1920.000000
7.073494,1920.000000
4.339867,1920.000000
2.898683,1920.000000
5.970853,1920.000000
6.501100,1920.000000
10.695761,1920.000000
2.143829,1920.000000
4.464135,1920.000000
4.181065,1920.000000
3.992352,1920.000000
4.883982,1920.000000
8.238950,1920.000000
4.799959,1920.000000
5.131159,1920.000000
1.574154,1920.000000
3.374546,1920.000000
2.510107,1920.000000
5.892539,1920.000000
3.160816,1920.000000
3.356599,1920.000000
4.797511,1920.000000
4.358902,1920.000000
7.236375,1920.000000
2.908201,1920.000000
5.231770,1920.000000
6.666700,1920.000000
8.958182,1920.000000
1.869460,1920.000000
3.716895,1920.000000
4.965015,1920.000000
3.940958,1920.000000
6.138628,1920.000000
8.467092,1920.000000
5.238568,1920.000000
5.487920,1920.000000
1.774288,1920.000000
2.748855,1920.000000
1.936353,1920.000000
2.618060,1920.000000
1.998895,1920.000000
1.897468,1920.000000
2.754565,1920.000000
2.721662,1920.000000
4.024710,1920.000000
2.096243,1920.000000
3.308197,1920.000000
3.574952,1920.000000
5.900153,1920.000000
1.054240,1920.000000
2.389374,1920.000000
2.703716,1920.000000
2.521528,1920.000000
3.896907,1920.000000
4.671068,1920.000000
2.721390,1920.000000
2.903850,1920.000000
0.944655,1920.000000
1.820243,1920.000000
1.459947,1920.000000
4.916069,1920.000000
3.145044,1920.000000
3.967607,1920.000000
6.438558,1920.000000
5.837611,1920.000000
5.120554,1920.000000
3.501261,1920.000000
6.758609,1920.000000
7.938749,1920.000000
11.088415,1920.000000
2.518265,1920.000000
5.067529,1920.000000
4.355911,1920.000000
4.625113,1920.000000
5.129527,1920.000000
8.809441,1920.000000
6.524213,1920.000000
6.099471,1920.000000
1.539348,1920.000000
3.617100,1920.000000
2.684681,1920.000000
5.253524,1920.000000
3.973861,1920.000000
4.157952,1920.000000
7.059082,1920.000000
7.630118,1920.000000
5.517831,1920.000000
3.669309,1920.000000
8.209310,1920.000000
12.674262,1920.000000
13.809262,1920.000000
3.044705,1920.000000
5.804980,1920.000000
4.865220,1920.000000
5.636661,1920.000000
6.669691,1920.000000
10.042605,1920.000000
6.424961,1920.000000
6.903543,1920.000000
1.984211,1920.000000
5.074055,1920.000000
2.894604,1920.000000
9.129493,1920.000000
6.047806,1920.000000
6.664252,1920.000000
10.364832,1920.000000
10.591615,1920.000000
9.403046,1920.000000
5.827278,1920.000000
11.919679,1920.000000
13.602058,1920.000000
22.319862,1920.000000
4.502204,1920.000000
9.079459,1920.000000
9.403318,1920.000000
8.854308,1920.000000
10.908947,1920.000000
17.109030,1920.000000
10.361297,1920.000000
10.395016,1920.000000
3.192630,1920.000000
5.990975,1920.000000
4.738232,1920.000000
1.999983,1920.000000
1.171710,1920.000000
1.315556,1920.000000
2.377410,1920.000000
2.015210,1920.000000
1.843900,1920.000000
1.168447,1920.000000
2.586789,1920.000000
3.042802,1920.000000
4.494591,1920.000000
1.326433,1920.000000
1.844987,1920.000000
1.729965,1920.000000
1.764771,1920.000000
2.139750,1920.000000
3.379169,1920.000000
2.340700,1920.000000
2.703172,1920.000000
0.687418,1920.000000
1.247576,1920.000000
1.001759,1920.000000
3.706834,1920.000000
2.612350,1920.000000
2.751574,1920.000000
4.266720,1920.000000
4.205810,1920.000000
3.830014,1920.000000
2.379313,1920.000000
5.183640,1920.000000
5.957256,1920.000000
8.169066,1920.000000
2.182170,1920.000000
3.842795,1920.000000
3.228524,1920.000000
3.300855,1920.000000
4.261554,1920.000000
6.839370,1920.000000
4.780380,1920.000000
4.615052,1920.000000
1.233708,1920.000000
2.630569,1920.000000
1.917319,1920.000000
4.854615,1920.000000
2.833150,1920.000000
2.988689,1920.000000
4.517432,1920.000000
3.924371,1920.000000
4.911446,1920.000000
2.642261,1920.000000
4.356455,1920.000000
5.398186,1920.000000
9.355732,1920.000000
1.634792,1920.000000
3.709825,1920.000000
6.587842,1920.000000
3.648371,1920.000000
5.046319,1920.000000
8.290615,1920.000000
5.158895,1920.000000
4.752644,1920.000000
1.605697,1920.000000
2.484547,1920.000000
1.805559,1920.000000
3.960809,1920.000000
2.392094,1920.000000
2.451101,1920.000000
4.233546,1920.000000
3.771279,1920.000000
3.916214,1920.000000
2.603105,1920.000000
4.826879,1920.000000
5.433536,1920.000000
9.352197,1920.000000
1.859399,1920.000000
3.270672,1920.000000
3.967063,1920.000000
4.139189,1920.000000
4.522599,1920.000000
6.623464,1920.000000
4.062235,1920.000000
4.170460,1920.000000
1.346283,1920.000000
2.378769,1920.000000
1.794410,1920.000000
5.316609,1920.000000
3.370739,1920.000000
2.992496,1920.000000
5.042513,1920.000000
4.953050,1920.000000
5.746789,1920.000000
4.307237,1920.000000
4.988400,1920.000000
6.763232,1920.000000
10.987533,1920.000000
2.126426,1920.000000
3.877057,1920.000000
5.504235,1920.000000
4.631639,1920.000000
7.959687,1920.000000
8.870352,1920.000000
5.164333,1920.000000
5.157535,1920.000000
2.082919,1920.000000
3.103440,1920.000000
2.481828,1920.000000
7.930319,1920.000000
5.408247,1920.000000
5.564058,1920.000000
7.667643,1920.000000
8.095919,1920.000000
8.284089,1920.000000
4.773582,1920.000000
8.653358,1920.000000
9.520516,1920.000000
17.735265,1920.000000
3.333214,1920.000000
6.575062,1920.000000
8.051596,1920.000000
6.397769,1920.000000
8.637315,1920.000000
16.139358,1920.000000
8.651727,1920.000000
8.575317,1920.000000
2.955515,1920.000000
4.829598,1920.000000
3.714992,1920.000000
4.967190,1920.000000
2.741785,1920.000000
3.267681,1920.000000
6.570168,1920.000000
4.849448,1920.000000
5.019671,1920.000000
3.201604,1920.000000
5.545295,1920.000000
6.629446,1920.000000
10.219082,1920.000000
2.252598,1920.000000
3.993167,1920.000000
4.654752,1920.000000
4.119339,1920.000000
5.099616,1920.000000
8.664507,1920.000000
6.161470,1920.000000
5.857189,1920.000000
1.629626,1920.000000
2.918806,1920.000000
2.266194,1920.000000
5.104783,1920.000000
3.154833,1920.000000
3.689975,1920.000000
5.492271,1920.000000
5.502604,1920.000000
5.383230,1920.000000
2.963944,1920.000000
6.073639,1920.000000
7.171114,1920.000000
10.554905,1920.000000
2.394269,1920.000000
5.015592,1920.000000
4.749109,1920.000000
4.377393,1920.000000
5.174666,1920.000000
8.292247,1920.000000
5.359029,1920.000000
6.084516,1920.000000
1.650564,1920.000000
3.095011,1920.000000
2.103857,1920.000000
1.425413,1920.000000
1.084967,1920.000000
1.004750,1920.000000
1.473271,1920.000000
1.534453,1920.000000
1.692168,1920.000000
0.988979,1920.000000
1.713921,1920.000000
2.024728,1920.000000
3.452044,1920.000000
0.756486,1920.000000
1.293531,1920.000000
1.608960,1920.000000
1.387887,1920.000000
1.979045,1920.000000
2.858167,1920.000000
1.732956,1920.000000
1.554847,1920.000000
0.859272,1920.000000
1.090133,1920.000000
0.886192,1920.000000
2.494336,1920.000000
3.275295,1920.000000
2.136487,1920.000000
3.020232,1920.000000
3.333486,1920.000000
2.843211,1920.000000
1.867557,1920.000000
3.435728,1920.000000
4.052446,1920.000000
5.856646,1920.000000
1.262532,1920.000000
2.822545,1920.000000
2.437504,1920.000000
2.290667,1920.000000
3.040354,1920.000000
4.773854,1920.000000
2.857623,1920.000000
3.044433,1920.000000
0.971304,1920.000000
2.392909,1920.000000
1.513787,1920.000000
1.634248,1920.000000
1.668510,1920.000000
0.979733,1920.000000
1.553216,1920.000000
2.398620,1920.000000
1.824321,1920.000000
1.342477,1920.000000
2.716496,1920.000000
2.900043,1920.000000
4.817362,1920.000000
1.026504,1920.000000
1.926020,1920.000000
1.734587,1920.000000
1.862119,1920.000000
2.434513,1920.000000
3.755508,1920.000000
2.290667,1920.000000
2.060077,1920.000000
0.935138,1920.000000
1.506445,1920.000000
2.609359,1920.000000
6.155267,1920.000000
2.799307,1920.000000
3.197693,1920.000000
5.028365,1920.000000
4.097529,1920.000000
5.440076,1920.000000
2.642944,1920.000000
4.736578,1920.000000
5.502893,1920.000000
9.452760,1920.000000
1.878804,1920.000000
3.509875,1920.000000
4.830939,1920.000000
4.137231,1920.000000
5.632606,1920.000000
7.745275,1920.000000
5.013136,1920.000000
5.183912,1920.000000
1.559552,1920.000000
2.567618,1920.000000
1.624544,1920.000000
3.380162,1920.000000
4.129889,1920.000000
1.820338,1920.000000
2.567346,1920.000000
3.296950,1920.000000
3.165605,1920.000000
1.805382,1920.000000
3.388320,1920.000000
3.413610,1920.000000
6.304016,1920.000000
1.194070,1920.000000
2.431922,1920.000000
2.720718,1920.000000
2.257067,1920.000000
3.051664,1920.000000
5.327766,1920.000000
3.146297,1920.000000
3.293143,1920.000000
1.129893,1920.000000
2.002263,1920.000000
1.690353,1920.000000
3.114481,1920.000000
1.744740,1920.000000
3.039155,1920.000000
4.251444,1920.000000
3.150376,1920.000000
3.483498,1920.000000
1.801847,1920.000000
3.772565,1920.000000
4.622637,1920.000000
6.301840,1920.000000
1.308283,1920.000000
3.028277,1920.000000
2.734858,1920.000000
2.717726,1920.000000
3.346986,1920.000000
5.124902,1920.000000
3.452225,1920.000000
3.679291,1920.000000
0.953407,1920.000000
2.043598,1920.000000
0.998276,1920.000000
5.038970,1920.000000
2.463466,1920.000000
4.285164,1920.000000
7.412154,1920.000000
4.337920,1920.000000
5.294590,1920.000000
2.938810,1920.000000
5.204307,1920.000000
9.216176,1920.000000
9.885682,1920.000000
2.134424,1920.000000
4.272927,1920.000000
4.534258,1920.000000
4.759148,1920.000000
6.069607,1920.000000
7.834198,1920.000000
4.869282,1920.000000
5.184184,1920.000000
1.407540,1920.000000
3.746731,1920.000000
1.588105,1920.000000
4.068160,1920.000000
3.390496,1920.000000
3.036707,1920.000000
4.718358,1920.000000
6.931644,1920.000000
4.393939,1920.000000
2.978513,1920.000000
5.974158,1920.000000
6.251532,1920.000000
11.000075,1920.000000
2.280182,1920.000000
4.233225,1920.000000
4.072239,1920.000000
3.703766,1920.000000
4.463826,1920.000000
8.681278,1920.000000
4.582934,1920.000000
5.457480,1920.000000
1.582394,1920.000000
3.346986,1920.000000
2.537705,1920.000000
5.334293,1920.000000
3.207483,1920.000000
3.440532,1920.000000
4.850519,1920.000000
5.658168,1920.000000
7.065708,1920.000000
2.847712,1920.000000
5.126534,1920.000000
5.284800,1920.000000
9.678467,1920.000000
1.836111,1920.000000
3.560184,1920.000000
5.988570,1920.000000
3.856050,1920.000000
5.999176,1920.000000
8.283708,1920.000000
4.957118,1920.000000
5.316617,1920.000000
1.843725,1920.000000
2.798763,1920.000000
1.922042,1920.000000
2.552389,1920.000000
1.799127,1920.000000
1.884787,1920.000000
3.876989,1920.000000
2.595355,1920.000000
2.759333,1920.000000
1.969087,1920.000000
3.952315,1920.000000
3.543323,1920.000000
6.075862,1920.000000
1.135604,1920.000000
2.420772,1920.000000
2.728060,1920.000000
2.558644,1920.000000
3.024470,1920.000000
4.572329,1920.000000
3.271116,1920.000000
3.299397,1920.000000
0.946609,1920.000000
1.683011,1920.000000
1.334389,1920.000000
4.863844,1920.000000
3.397294,1920.000000
3.744828,1920.000000
5.321240,1920.000000
6.481046,1920.000000
5.511867,1920.000000
3.291511,1920.000000
7.133692,1920.000000
7.436356,1920.000000
11.988018,1920.000000
2.780815,1920.000000
4.846168,1920.000000
4.430378,1920.000000
4.365385,1920.000000
5.497454,1920.000000
8.689709,1920.000000
5.783259,1920.000000
5.869190,1920.000000
1.669686,1920.000000
3.934095,1920.000000
2.652734,1920.000000
5.612483,1920.000000
3.382066,1920.000000
4.489932,1920.000000
8.626891,1920.000000
6.171311,1920.000000
6.110397,1920.000000
3.892761,1920.000000
7.554648,1920.000000
13.037690,1920.000000
12.969434,1920.000000
2.866475,1920.000000
5.974158,1920.000000
4.973978,1920.000000
5.802294,1920.000000
6.996636,1920.000000
10.384140,1920.000000
7.014856,1920.000000
6.691524,1920.000000
1.872550,1920.000000
3.903638,1920.000000
2.924670,1920.000000
9.350784,1920.000000
6.272743,1920.000000
6.369280,1920.000000
9.759776,1920.000000
10.662331,1920.000000
9.225966,1920.000000
7.054015,1920.000000
12.216988,1920.000000
12.740192,1920.000000
23.251055,1920.000000
4.829036,1920.000000
8.846887,1920.000000
9.236028,1920.000000
8.626347,1920.000000
10.214181,1920.000000
16.413773,1920.000000
9.951491,1920.000000
10.930731,1920.000000
3.445699,1920.000000
6.142758,1920.000000
4.871186,1920.000000
1.925849,1920.000000
1.171771,1920.000000
1.356960,1920.000000
2.093634,1920.000000
2.168416,1920.000000
1.959569,1920.000000
1.254984,1920.000000
2.593180,1920.000000
2.919231,1920.000000
4.729507,1920.000000
1.347442,1920.000000
1.935095,1920.000000
1.657721,1920.000000
1.685458,1920.000000
2.271752,1920.000000
3.427751,1920.000000
2.217636,1920.000000
2.363938,1920.000000
0.708937,1920.000000
1.398294,1920.000000
0.997461,1920.000000
3.351881,1920.000000
2.305200,1920.000000
2.864300,1920.000000
4.244646,1920.000000
4.208478,1920.000000
3.907717,1920.000000
2.315533,1920.000000
5.182281,1920.000000
6.692612,1920.000000
8.282893,1920.000000
1.742293,1920.000000
4.929108,1920.000000
3.121007,1920.000000
3.367925,1920.000000
4.256611,1920.000000
6.923214,1920.000000
4.155995,1920.000000
4.265313,1920.000000
1.239211,1920.000000
2.715007,1920.000000
1.827681,1920.000000
4.839913,1920.000000
3.888954,1920.000000
2.612215,1920.000000
4.154907,1920.000000
4.192706,1920.000000
4.868739,1920.000000
2.642128,1920.000000
4.613663,1920.000000
5.013408,1920.000000
9.225150,1920.000000
1.727064,1920.000000
3.226518,1920.000000
6.369280,1920.000000
3.758153,1920.000000
5.270116,1920.000000
8.023194,1920.000000
4.720262,1920.000000
5.293230,1920.000000
1.713739,1920.000000
2.571153,1920.000000
1.783627,1920.000000
3.867471,1920.000000
2.255979,1920.000000
2.848528,1920.000000
4.779000,1920.000000
3.636597,1920.000000
4.006702,1920.000000
2.854782,1920.000000
4.476335,1920.000000
5.977965,1920.000000
8.799571,1920.000000
1.697423,1920.000000
3.467725,1920.000000
3.751898,1920.000000
4.012685,1920.000000
4.494011,1920.000000
6.450589,1920.000000
4.112213,1920.000000
4.128801,1920.000000
1.385513,1920.000000
2.319612,1920.000000
1.753986,1920.000000
5.539060,1920.000000
3.160982,1920.000000
3.296406,1920.000000
5.661159,1920.000000
4.581846,1920.000000
6.156355,1920.000000
3.042418,1920.000000
5.568429,1920.000000
6.840273,1920.000000
10.147012,1920.000000
2.449054,1920.000000
3.898472,1920.000000
5.161613,1920.000000
4.460563,1920.000000
7.527727,1920.000000
9.046216,1920.000000
6.314893,1920.000000
5.173851,1920.000000
2.035439,1920.000000
2.845808,1920.000000
2.525196,1920.000000
7.583474,1920.000000
5.177930,1920.000000
5.309547,1920.000000
8.178197,1920.000000
7.904358,1920.000000
8.091450,1920.000000
4.601426,1920.000000
8.709288,1920.000000
10.113836,1920.000000
16.654436,1920.000000
3.223255,1920.000000
6.895748,1920.000000
8.376710,1920.000000
6.907713,1920.000000
9.219168,1920.000000
15.856848,1920.000000
9.112841,1920.000000
8.077581,1920.000000
2.833571,1920.000000
4.823597,1920.000000
3.848164,1920.000000
4.639769,1920.000000
3.052479,1920.000000
3.507972,1920.000000
5.062629,1920.000000
4.828220,1920.000000
5.118920,1920.000000
3.023110,1920.000000
5.672581,1920.000000
8.157530,1920.000000
9.985755,1920.000000
2.291603,1920.000000
4.383333,1920.000000
4.669138,1920.000000
4.462738,1920.000000
5.503981,1920.000000
8.808816,1920.000000
5.551297,1920.000000
4.998724,1920.000000
1.577772,1920.000000
3.057374,1920.000000
2.278278,1920.000000
5.423216,1920.000000
3.270300,1920.000000
3.528911,1920.000000
5.306827,1920.000000
5.434637,1920.000000
5.422944,1920.000000
3.126174,1920.000000
5.942613,1920.000000
6.369280,1920.000000
11.395470,1920.000000
2.287524,1920.000000
4.159258,1920.000000
5.100700,1920.000000
4.116836,1920.000000
4.990838,1920.000000
8.298937,1920.000000
5.307915,1920.000000
7.054559,1920.000000
1.671317,1920.000000
3.142490,1920.000000
2.036255,1920.000000
1.519577,1920.000000
1.117112,1920.000000
0.995013,1920.000000
1.559552,1920.000000
1.649019,1920.000000
1.771662,1920.000000
0.940082,1920.000000
1.688721,1920.000000
1.886419,1920.000000
3.393215,1920.000000
0.755438,1920.000000
1.237852,1920.000000
1.652010,1920.000000
1.351793,1920.000000
2.011509,1920.000000
2.688629,1920.000000
1.706669,1920.000000
1.650378,1920.000000
0.887327,1920.000000
1.006162,1920.000000
0.934643,1920.000000
2.517854,1920.000000
1.931288,1920.000000
2.043598,1920.000000
3.262958,1920.000000
3.262414,1920.000000
2.735402,1920.000000
1.715915,1920.000000
3.874541,1920.000000
4.167688,1920.000000
6.137591,1920.000000
1.395846,1920.000000
3.009785,1920.000000
2.421316,1920.000000
2.368017,1920.000000
2.744920,1920.000000
4.978329,1920.000000
3.163429,1920.000000
3.266493,1920.000000
0.878897,1920.000000
2.392219,1920.000000
1.456216,1920.000000
1.571789,1920.000000
1.675668,1920.000000
0.953679,1920.000000
1.680019,1920.000000
2.527371,1920.000000
1.965280,1920.000000
1.327591,1920.000000
2.644304,1920.000000
2.943977,1920.000000
4.776552,1920.000000
0.974618,1920.000000
1.856778,1920.000000
1.668870,1920.000000
1.803750,1920.000000
2.445519,1920.000000
3.744012,1920.000000
2.213014,1920.000000
2.084932,1920.000000
0.960749,1920.000000
1.456760,1920.000000
2.698419,1920.000000
6.511134,1920.000000
2.650468,1920.000000
3.093210,1920.000000
4.928087,1920.000000
4.249017,1920.000000
5.816834,1920.000000
2.663522,1920.000000
4.709980,1920.000000
5.403464,1920.000000
9.505897,1920.000000
1.908577,1920.000000
3.364349,1920.000000
4.989005,1920.000000
3.942524,1920.000000
5.356687,1920.000000
8.005524,1920.000000
4.979215,1920.000000
5.046387,1920.000000
1.552044,1920.000000
2.495726,1920.000000
1.567818,1920.000000
2.627896,1920.000000
2.465267,1920.000000
1.921086,1920.000000
2.606956,1920.000000
4.781504,1920.000000
4.255272,1920.000000
1.862616,1920.000000
3.257743,1920.000000
3.437777,1920.000000
6.248154,1920.000000
1.195512,1920.000000
2.407885,1920.000000
2.668961,1920.000000
2.244440,1920.000000
3.254479,1920.000000
5.193243,1920.000000
3.048338,1920.000000
3.050513,1920.000000
1.272203,1920.000000
2.051353,1920.000000
1.668169,1920.000000
3.393176,1920.000000
1.840860,1920.000000
3.005641,1920.000000
4.308575,1920.000000
3.046434,1920.000000
3.258559,1920.000000
1.908305,1920.000000
3.547102,1920.000000
4.659124,1920.000000
6.309616,1920.000000
1.340736,1920.000000
2.858786,1920.000000
2.867216,1920.000000
2.823975,1920.000000
3.471771,1920.000000
5.207384,1920.000000
3.166094,1920.000000
3.674921,1920.000000
0.961903,1920.000000
2.035579,1920.000000
0.987739,1920.000000
5.512245,1920.000000
2.953154,1920.000000
3.970807,1920.000000
7.923122,1920.000000
4.088020,1920.000000
4.964801,1920.000000
2.754083,1920.000000
5.416517,1920.000000
9.068050,1920.000000
9.685387,1920.000000
2.338537,1920.000000
4.487521,1920.000000
4.092915,1920.000000
4.777152,1920.000000
5.762172,1920.000000
7.831473,1920.000000
5.551407,1920.000000
5.358319,1920.000000
1.417427,1920.000000
2.971919,1920.000000
1.560747,1920.000000
3.921040,1920.000000
3.319476,1920.000000
3.042083,1920.000000
4.385810,1920.000000
6.655270,1920.000000
4.432858,1920.000000
2.847363,1920.000000
5.922353,1920.000000
6.323486,1920.000000
11.038904,1920.000000
2.140826,1920.000000
4.110320,1920.000000
4.014048,1920.000000
3.581097,1920.000000
4.910410,1920.000000
9.193421,1920.000000
4.808699,1920.000000
5.377084,1920.000000
1.629279,1920.000000
3.419556,1920.000000
2.612939,1920.000000
5.698262,1920.000000
3.298536,1920.000000
3.392360,1920.000000
5.070863,1920.000000
4.520699,1920.000000
6.607678,1920.000000
2.822344,1920.000000
5.110841,1920.000000
5.385787,1920.000000
9.584492,1920.000000
1.880565,1920.000000
3.887317,1920.000000
4.988733,1920.000000
3.874264,1920.000000
6.057242,1920.000000
8.644889,1920.000000
5.103226,1920.000000
5.432563,1920.000000
1.735885,1920.000000
3.760859,1920.000000
2.002401,1920.000000
2.476146,1920.000000
1.825087,1920.000000
1.774503,1920.000000
2.670865,1920.000000
2.903114,1920.000000
2.707307,1920.000000
3.636031,1920.000000
3.124213,1920.000000
4.736359,1920.000000
5.779033,1920.000000
1.168044,1920.000000
2.437256,1920.000000
2.709754,1920.000000
2.658083,1920.000000
2.917800,1920.000000
4.512541,1920.000000
2.818264,1920.000000
3.024950,1920.000000
0.979580,1920.000000
1.804146,1920.000000
1.320067,1920.000000
4.531034,1920.000000
3.308870,1920.000000
3.809810,1920.000000
5.987350,1920.000000
6.060234,1920.000000
5.128790,1920.000000
3.031205,1920.000000
7.835281,1920.000000
7.567133,1920.000000
11.972252,1920.000000
2.620825,1920.000000
5.607429,1920.000000
4.325708,1920.000000
4.338762,1920.000000
5.036053,1920.000000
8.628572,1920.000000
5.898965,1920.000000
5.934047,1920.000000
1.805234,1920.000000
3.642014,1920.000000
2.620825,1920.000000
5.359135,1920.000000
5.535090,1920.000000
4.527770,1920.000000
8.041694,1920.000000
6.061321,1920.000000
5.637344,1920.000000
3.494887,1920.000000
7.988935,1920.000000
12.676070,1920.000000
12.787844,1920.000000
2.998298,1920.000000
5.910387,1920.000000
4.958002,1920.000000
5.800517,1920.000000
7.093661,1920.000000
10.119426,1920.000000
6.874193,1920.000000
6.590273,1920.000000
1.976565,1920.000000
3.927023,1920.000000
2.833494,1920.000000
8.963348,1920.000000
6.118160,1920.000000
6.352585,1920.000000
9.691914,1920.000000
10.862678,1920.000000
9.712582,1920.000000
6.009106,1920.000000
11.901544,1920.000000
13.538710,1920.000000
23.487077,1920.000000
4.705900,1920.000000
8.241581,1920.000000
9.671517,1920.000000
9.083552,1920.000000
10.622542,1920.000000
16.008873,1920.000000
10.079449,1920.000000
10.719902,1920.000000
3.443760,1920.000000
6.229661,1920.000000
4.972416,1920.000000
1.883557,1920.000000
1.160430,1920.000000
1.375002,1920.000000
2.098945,1920.000000
2.119069,1920.000000
2.007840,1920.000000
1.167501,1920.000000
2.590638,1920.000000
3.005641,1920.000000
4.668371,1920.000000
1.219716,1920.000000
2.110367,1920.000000
1.729087,1920.000000
1.765800,1920.000000
2.167205,1920.000000
3.371420,1920.000000
2.385857,1920.000000
2.314877,1920.000000
0.721767,1920.000000
1.403285,1920.000000
0.919478,1920.000000
3.480202,1920.000000
2.485120,1920.000000
2.680383,1920.000000
4.219374,1920.000000
4.480178,1920.000000
3.419284,1920.000000
2.558004,1920.000000
5.001515,1920.000000
6.019712,1920.000000
8.418351,1920.000000
1.735342,1920.000000
3.804643,1920.000000
3.655068,1920.000000
3.321924,1920.000000
4.029006,1920.000000
6.756709,1920.000000
4.253096,1920.000000
5.771146,1920.000000
1.219444,1920.000000
2.703228,1920.000000
1.891987,1920.000000
5.150002,1920.000000
2.697245,1920.000000
3.092938,1920.000000
4.773617,1920.000000
3.967000,1920.000000
4.993356,1920.000000
2.693437,1920.000000
4.564484,1920.000000
5.838047,1920.000000
8.886113,1920.000000
1.789460,1920.000000
3.521267,1920.000000
5.981639,1920.000000
3.903907,1920.000000
5.327316,1920.000000
8.158634,1920.000000
4.792110,1920.000000
4.622954,1920.000000
1.526481,1920.000000
2.387488,1920.000000
1.842492,1920.000000
3.872088,1920.000000
2.295296,1920.000000
2.967567,1920.000000
4.863362,1920.000000
3.698309,1920.000000
3.807363,1920.000000
2.515579,1920.000000
4.644711,1920.000000
5.558750,1920.000000
8.766997,1920.000000
1.831341,1920.000000
3.490808,1920.000000
3.898196,1920.000000
3.985765,1920.000000
4.391793,1920.000000
6.540233,1920.000000
4.519340,1920.000000
3.971079,1920.000000
1.314356,1920.000000
2.345335,1920.000000
1.801155,1920.000000
5.391498,1920.000000
3.376859,1920.000000
3.314309,1920.000000
5.596551,1920.000000
4.447816,1920.000000
6.531803,1920.000000
3.099193,1920.000000
5.389322,1920.000000
6.746375,1920.000000
10.749817,1920.000000
2.147896,1920.000000
4.525323,1920.000000
5.350432,1920.000000
4.571827,1920.000000
7.695224,1920.000000
8.905421,1920.000000
5.365390,1920.000000
5.021911,1920.000000
1.832429,1920.000000
2.879454,1920.000000
2.498990,1920.000000
7.840720,1920.000000
5.121447,1920.000000
5.296042,1920.000000
7.959292,1920.000000
7.923938,1920.000000
8.138238,1920.000000
4.950387,1920.000000
8.721852,1920.000000
10.339165,1920.000000
16.388521,1920.000000
3.407862,1920.000000
6.665060,1920.000000
8.169513,1920.000000
6.760788,1920.000000
9.089807,1920.000000
15.585983,1920.000000
8.830362,1920.000000
8.768084,1920.000000
2.897131,1920.000000
4.846229,1920.000000
3.803011,1920.000000
4.666467,1920.000000
2.980621,1920.000000
3.243873,1920.000000
5.129062,1920.000000
4.776609,1920.000000
4.616155,1920.000000
3.033380,1920.000000
6.258760,1920.000000
6.781729,1920.000000
10.163483,1920.000000
2.302367,1920.000000
4.797821,1920.000000
5.630002,1920.000000
4.086116,1920.000000
5.411622,1920.000000
8.777331,1920.000000
5.717571,1920.000000
5.341730,1920.000000
1.741053,1920.000000
2.925686,1920.000000
2.255047,1920.000000
5.339282,1920.000000
3.262910,1920.000000
3.707283,1920.000000
5.454591,1920.000000
5.402920,1920.000000
5.761084,1920.000000
2.869120,1920.000000
6.055610,1920.000000
6.451848,1920.000000
11.658417,1920.000000
2.418219,1920.000000
4.186739,1920.000000
4.613164,1920.000000
4.036348,1920.000000
5.055090,1920.000000
8.437660,1920.000000
5.582954,1920.000000
6.035486,1920.000000
1.682038,1920.000000
3.210967,1920.000000
2.170197,1920.000000
1.540078,1920.000000
1.206390,1920.000000
1.005416,1920.000000
1.417427,1920.000000
1.707330,1920.000000
1.755738,1920.000000
1.019285,1920.000000
1.725551,1920.000000
1.974118,1920.000000
3.395080,1920.000000
0.688861,1920.000000
1.248271,1920.000000
1.582775,1920.000000
1.377449,1920.000000
1.978741,1920.000000
2.786990,1920.000000
1.572985,1920.000000
1.759274,1920.000000
0.762832,1920.000000
0.988555,1920.000000
0.911591,1920.000000
2.390208,1920.000000
2.066854,1920.000000
2.068758,1920.000000
3.520723,1920.000000
3.557165,1920.000000
2.830502,1920.000000
1.855817,1920.000000
3.729040,1920.000000
3.965096,1920.000000
6.206817,1920.000000
1.312996,1920.000000
2.641494,1920.000000
2.424474,1920.000000
2.370355,1920.000000
2.737766,1920.000000
4.762467,1920.000000
2.993675,1920.000000
3.339057,1920.000000
0.974685,1920.000000
2.464452,1920.000000
1.514243,1920.000000
1.496837,1920.000000
1.624384,1920.000000
0.969246,1920.000000
1.761993,1920.000000
2.546310,1920.000000
1.928973,1920.000000
1.312180,1920.000000
2.671681,1920.000000
2.940100,1920.000000
4.797549,1920.000000
0.995353,1920.000000
1.907489,1920.000000
1.742412,1920.000000
1.771240,1920.000000
2.442967,1920.000000
3.777992,1920.000000
2.215885,1920.000000
2.082355,1920.000000
0.854209,1920.000000
1.493030,1920.000000
2.641222,1920.000000
92.730690,1920.000000
61.513481,1920.000000
64.665927,1920.000000
102.471351,1920.000000
97.692403,1920.000000
98.900876,1920.000000
57.995606,1920.000000
109.690270,1920.000000
131.357607,1920.000000
200.445180,1920.000000
42.187133,1920.000000
81.904265,1920.000000
90.564358,1920.000000
81.096494,1920.000000
105.477872,1920.000000
161.535375,1920.000000
100.652539,1920.000000
103.405283,1920.000000
32.414493,1920.000000
59.728819,1920.000000
43.985741,1920.000000
