2,20,3,3,134709883,0.619585
3,3,19,3,2,0.718347
2,12,1,3,2,0.311351
3,18,20,3,3,0.308494
3,2,7,3,1,0.261004
0,3,0,2,1,0.216539
0,3,1,2,1,0.199591
3,8,4,3,3,0.193052
0,2,3,3,3,0.167798
0,3,3,3,3,0.144717
3,3,19,0,2,0.165721
2,17,2,3,2,0.181416
2,20,2,3,2,0.131059
3,11,2,3,3,0.170523
0,2,2,0,3,0.121258
2,12,3,3,3,0.109308
3,10,3,3,0,0.118605
3,3,19,0,2,0.122890
0,3,2,3,2,0.131298
2,3,0,2,2,0.117312
0,1,3,3,2,0.106547
2,20,0,0,2,0.103067
0,3,2,2,2,0.133412
3,16,16,0,3,0.090453
3,3,19,0,2,0.085754
0,0,0,0,2,0.105036
0,2,0,1,2,0.082394
2,14,3,0,2,0.080654
0,0,3,0,2,0.083997
2,20,1,0,2,0.080674
2,8,3,2,2,0.103713
0,2,1,0,2,0.088935
3,1,1,3,0,0.073464
0,3,0,2,0,0.066848
0,3,1,3,0,0.075054
0,1,0,3,0,0.074634
2,15,2,3,0,0.072505
0,3,3,2,0,0.071473
3,10,11,3,1,0.072569
0,3,2,3,1,0.063883
2,14,2,3,1,0.076477
3,3,19,1,2,0.087745
2,12,2,3,2,0.074940
2,20,0,2,2,0.067180
0,0,2,3,2,0.071283
2,6,1,3,2,0.057862
0,1,1,3,2,0.051978
2,12,1,2,2,0.049413
3,3,11,2,3,0.051574
2,20,1,1,3,0.051717
3,1,4,3,0,0.055869
3,7,2,1,1,0.049302
0,0,1,3,1,0.051861
2,9,1,2,1,0.046857
0,3,1,2,1,0.045364
0,2,0,2,1,0.044248
2,0,3,3,1,0.039221
2,14,1,1,1,0.043458
0,2,3,3,1,0.039703
0,3,1,1,1,0.043969
2,18,1,2,1,0.046394
2,1,0,2,1,0.045423
3,1,4,3,1,0.040788
2,15,2,1,1,0.054726
0,3,1,2,1,0.040795
0,0,0,2,1,0.046380
3,4,9,3,0,0.041297
0,3,0,3,0,0.039250
3,8,4,0,3,0.062202
3,8,8,0,0,0.055551
2,4,3,2,0,0.050275
0,3,3,3,0,0.044130
0,3,3,3,0,0.039135
3,6,19,2,3,0.044091
0,2,2,3,3,0.041183
2,3,2,0,3,0.039600
0,0,2,0,3,0.038624
0,2,2,0,3,0.039771
0,1,3,0,3,0.034607
2,10,3,0,3,0.036063
3,19,18,1,2,0.032173
0,2,1,1,2,0.034534
2,1,3,0,2,0.040982
2,15,3,1,2,0.042843
0,0,3,0,2,0.036574
0,3,3,1,2,0.033394
3,10,2,1,1,0.036466
0,2,3,1,1,0.039709
0,3,2,1,1,0.036623
0,3,3,3,1,0.034626
3,7,11,1,2,0.030289
2,8,0,0,2,0.030504
2,20,2,1,2,0.043232
0,1,0,0,2,0.040920
0,2,2,1,2,0.034839
2,9,1,3,2,0.031734
2,16,0,2,2,0.039686
2,13,1,3,2,0.033161
3,19,4,2,1,0.034542
3,11,4,2,3,0.039285
3,2,4,2,0,0.040832
0,3,1,3,0,0.030480
2,20,1,2,0,0.031944
2,1,1,2,0,0.034119
3,11,2,2,3,0.034716
3,8,2,2,0,0.029517
0,3,1,2,0,0.031677
0,3,1,2,0,0.037392
0,2,1,2,0,0.030780
0,0,0,2,0,0.028998
3,8,3,2,2,0.028769
0,3,1,1,2,0.036481
0,1,3,2,2,0.025385
3,7,2,0,1,0.031781
2,7,3,2,1,0.032256
2,20,0,0,1,0.035956
2,2,1,1,1,0.033442
3,13,3,0,0,0.033474
2,12,3,2,0,0.025008
2,14,0,2,0,0.027510
3,8,3,0,2,0.031207
3,8,3,2,3,0.023964
0,3,0,0,3,0.030999
0,3,0,2,3,0.032480
2,5,0,2,3,0.024150
2,2,2,2,3,0.024953
2,18,2,3,3,0.030308
2,1,1,1,3,0.028672
3,2,19,3,2,0.029196
0,3,2,2,2,0.024521
0,3,3,2,2,0.024141
0,3,3,3,2,0.027838
0,3,0,2,2,0.023177
2,2,2,2,2,0.022639
0,3,2,2,2,0.023973
2,2,3,3,2,0.031133
3,7,2,3,1,0.029688
3,7,11,3,0,0.024724
2,7,3,0,0,0.025361
2,12,3,3,0,0.028034
0,3,3,0,0,0.025568
2,20,2,3,0,0.025096
2,12,1,2,0,0.031605
0,3,2,3,0,0.027012
0,3,2,3,0,0.025747
2,14,1,3,0,0.020654
2,2,1,2,0,0.025660
2,20,3,1,0,0.026472
2,8,1,2,0,0.026193
0,2,3,1,0,0.025568
0,2,3,3,0,0.023893
0,2,3,3,0,0.026627
0,2,3,1,0,0.026637
3,1,4,3,1,0.023119
2,1,3,3,1,0.024390
2,16,3,3,1,0.020746
0,3,1,2,1,0.022401
0,2,3,3,1,0.023027
0,2,3,2,1,0.021851
2,15,3,3,1,0.024747
3,16,16,1,3,0.022943
2,15,2,1,3,0.025484
3,10,3,1,0,0.024214
2,12,3,2,0,0.022966
2,17,1,1,0,0.020920
2,3,1,1,0,0.023273
2,17,3,2,0,0.023748
0,2,1,0,0,0.021569
2,18,2,1,0,0.023038
3,1,4,1,1,0.025001
2,1,2,1,1,0.024884
0,3,0,2,1,0.021320
0,3,3,2,1,0.019010
2,18,1,3,1,0.021500
2,18,0,0,1,0.026747
3,2,19,0,2,0.017814
3,2,19,0,1,0.020785
3,7,2,0,1,0.021221
0,0,1,1,1,0.021433
0,3,0,0,1,0.022705
2,2,1,1,1,0.024376
2,20,2,1,1,0.024829
2,2,1,1,1,0.023383
0,2,2,1,1,0.023901
0,1,1,1,1,0.020713
0,2,2,0,1,0.021469
0,2,2,0,1,0.021524
2,10,1,1,1,0.018012
2,12,1,2,1,0.018917
2,17,1,3,1,0.018252
0,1,3,3,1,0.022332
2,1,3,2,1,0.023633
3,3,3,1,3,0.022732
0,2,0,0,3,0.016765
0,2,0,2,3,0.017591
3,2,19,2,2,0.026926
0,1,0,1,2,0.022472
2,9,3,2,2,0.019570
2,5,2,1,2,0.019735
0,0,3,3,2,0.017113
0,1,2,1,2,0.017739
0,1,0,2,2,0.020568
2,18,1,1,2,0.017908
2,18,3,2,2,0.023991
2,18,1,1,2,0.019152
2,8,3,2,2,0.022048
3,11,17,1,2,0.019506
3,2,4,1,0,0.016615
2,20,1,1,0,0.021260
0,2,3,2,0,0.022307
0,2,1,1,0,0.020065
0,2,0,1,0,0.018787
2,6,3,3,0,0.018187
2,5,2,2,0,0.020663
0,2,3,3,0,0.018086
0,1,3,3,0,0.019104
0,1,3,1,0,0.017756
0,3,1,2,0,0.015494
0,1,3,3,0,0.016501
0,1,3,3,0,0.023798
2,7,0,3,0,0.020706
0,3,1,2,0,0.017976
0,2,3,3,0,0.016446
3,1,4,3,0,0.017137
0,2,3,3,0,0.017460
2,4,2,0,0,0.016079
2,19,2,0,0,0.017873
2,9,0,1,0,0.021956
0,0,2,0,0,0.019850
3,8,2,1,0,0.018083
3,8,8,0,2,0.018662
0,3,0,1,2,0.017497
3,6,19,2,3,0.026547
3,19,2,1,1,0.029003
3,13,2,0,0,0.023237
3,19,2,2,3,0.023685
2,17,2,3,3,0.017411
3,13,2,2,0,0.020592
0,2,2,3,0,0.019125
3,2,19,2,1,0.017673
0,0,3,0,1,0.015339
3,7,2,2,1,0.015541
2,2,3,3,1,0.019918
0,3,3,1,1,0.020537
0,1,3,3,1,0.015524
0,3,2,2,1,0.019603
0,3,2,2,1,0.017301
0,1,3,3,1,0.021194
2,14,2,1,1,0.020472
0,0,2,2,1,0.018297
0,0,2,1,1,0.016937
0,3,2,3,1,0.018582
0,3,1,3,1,0.016930
0,3,0,1,1,0.017586
0,3,0,3,1,0.016300
0,0,3,0,1,0.017904
0,2,2,1,1,0.015065
3,16,16,2,3,0.014718
0,2,1,2,3,0.015779
2,5,2,1,3,0.018966
2,12,0,3,3,0.014128
2,17,2,1,3,0.016576
0,3,3,2,3,0.015615
3,6,19,2,3,0.018155
2,19,2,0,3,0.019352
2,20,0,2,3,0.018960
2,2,2,0,3,0.019779
2,18,3,3,3,0.019487
0,2,2,0,3,0.018638
2,16,3,3,3,0.018477
3,2,19,3,2,0.016349
2,20,3,3,2,0.018252
2,1,2,0,2,0.017827
0,1,3,3,2,0.017881
2,2,2,3,2,0.017590
0,0,0,2,2,0.017430
0,0,0,2,2,0.016562
2,12,2,3,2,0.016460
3,6,19,2,3,0.016535
2,6,0,3,3,0.016081
0,3,0,3,3,0.014554
2,8,1,0,3,0.013625
0,0,2,3,3,0.015612
3,8,3,0,3,0.014930
3,3,11,2,3,0.016351
0,3,1,0,3,0.016117
0,3,1,1,3,0.014080
0,3,1,2,3,0.014265
0,3,1,1,3,0.015589
2,9,2,2,3,0.017072
3,1,4,2,1,0.013199
2,7,3,3,1,0.014604
3,1,4,1,1,0.016337
3,7,19,3,0,0.016634
0,0,3,2,0,0.013435
0,2,3,3,0,0.013384
0,0,2,1,0,0.012860
0,2,3,3,0,0.014863
0,1,3,3,0,0.017007
0,3,2,2,0,0.017569
2,13,2,1,0,0.017377
2,19,2,0,0,0.015571
2,12,2,2,0,0.015176
2,12,3,3,0,0.013389
3,11,17,3,2,0.012593
3,6,6,3,2,0.012173
0,3,2,1,2,0.015888
2,17,0,3,2,0.015558
0,3,2,2,2,0.014820
0,2,1,3,2,0.015172
0,3,2,2,2,0.014054
0,3,3,2,2,0.013118
2,18,2,0,2,0.014555
0,3,3,3,2,0.016273
0,3,3,0,2,0.016311
0,3,3,3,2,0.013841
2,18,3,1,2,0.016180
2,2,2,0,2,0.017467
2,20,3,1,2,0.017264
3,2,19,0,2,0.015289
0,2,3,1,2,0.016585
0,2,2,0,2,0.014759
0,1,3,3,2,0.016570
2,8,3,0,2,0.016169
2,18,0,0,2,0.015653
2,19,3,0,2,0.014937
0,3,0,0,2,0.015773
0,2,1,0,2,0.013484
2,14,0,2,2,0.013234
2,14,1,2,2,0.014479
2,14,0,1,2,0.012825
3,7,2,0,1,0.014966
0,3,0,3,1,0.013551
2,15,0,1,1,0.015706
2,6,3,0,1,0.014596
0,2,0,2,1,0.012312
3,10,3,2,0,0.015869
3,10,2,0,0,0.024261
3,8,2,1,0,0.022809
2,10,3,0,0,0.019677
3,7,11,2,2,0.012336
3,10,3,2,0,0.012831
2,3,3,0,0,0.018242
0,0,0,2,0,0.017328
3,8,2,0,0,0.013407
2,2,3,1,0,0.015114
0,3,3,0,0,0.014430
0,2,0,2,0,0.016198
0,2,2,0,0,0.013256
0,2,2,0,0,0.014724
2,2,2,0,0,0.015707
0,3,2,2,0,0.015437
0,3,2,2,0,0.012020
0,2,2,1,0,0.015289
2,8,2,0,0,0.015124
2,19,2,0,0,0.014758
2,19,3,1,0,0.014175
0,3,1,1,0,0.015636
2,19,2,0,0,0.014804
0,0,2,0,0,0.015215
3,1,4,1,0,0.013337
0,3,2,3,0,0.013465
0,3,2,3,0,0.012724
2,8,3,1,0,0.012080
0,0,0,2,0,0.014072
0,3,2,3,0,0.015285
2,20,3,3,0,0.014939
0,2,1,2,0,0.014761
2,17,3,1,0,0.012197
0,0,3,1,0,0.011511
0,0,3,1,0,0.013968
0,0,3,3,0,0.016149
2,0,2,0,0,0.012627
0,2,3,3,0,0.013673
0,2,2,0,0,0.014825
0,2,2,3,0,0.014655
0,3,1,2,0,0.011641
2,2,2,0,0,0.012277
0,3,1,2,0,0.012649
0,2,0,3,0,0.011758
2,1,3,3,0,0.011769
0,1,3,3,0,0.014640
0,1,3,3,0,0.014828
0,1,3,3,0,0.012731
0,1,3,3,0,0.013564
2,12,3,3,0,0.010665
2,12,2,1,0,0.014317
0,1,3,3,0,0.012933
0,2,2,0,0,0.014180
2,20,3,3,0,0.014092
0,3,3,0,0,0.013938
2,16,3,3,0,0.014236
3,2,19,2,2,0.013344
0,3,3,3,2,0.013790
0,3,3,0,2,0.012238
0,0,2,2,2,0.011015
0,3,0,2,2,0.010558
0,3,0,2,2,0.014864
3,13,2,3,0,0.011346
3,13,2,2,0,0.011329
2,2,3,0,0,0.014567
0,3,1,1,0,0.013967
2,7,2,1,0,0.013386
0,3,3,3,0,0.012832
0,0,2,1,0,0.012726
0,3,0,1,0,0.010630
0,3,0,3,0,0.013209
0,2,2,1,0,0.013052
2,1,3,2,0,0.013783
2,1,3,3,0,0.013984
2,1,3,2,0,0.013133
0,2,3,3,0,0.012916
0,1,3,2,0,0.012485
0,2,1,1,0,0.012289
0,1,3,0,0,0.012589
0,3,0,2,0,0.010171
0,2,3,3,0,0.011673
3,13,3,0,0,0.011966
3,3,3,0,3,0.011915
3,13,3,2,0,0.013078
2,13,3,2,0,0.012653
3,13,3,2,0,0.011064
2,19,2,2,0,0.012426
2,20,2,1,0,0.013426
2,2,2,2,0,0.012923
0,3,2,0,0,0.013026
2,3,2,2,0,0.010571
3,10,3,0,0,0.012297
3,11,4,2,3,0.013078
3,19,4,2,1,0.013619
2,4,2,0,1,0.013598
0,1,1,3,1,0.011922
3,11,4,2,3,0.010950
2,0,2,2,3,0.012002
0,1,2,1,3,0.012233
2,10,2,0,3,0.010604
3,1,4,2,1,0.011099
2,1,2,2,1,0.010489
2,18,2,2,1,0.009105
2,18,2,0,1,0.011543
2,18,3,0,1,0.011540
2,19,2,2,1,0.012609
0,2,2,1,1,0.012907
0,3,2,2,1,0.012752
2,19,2,2,1,0.012395
0,2,2,2,1,0.011664
0,0,3,0,1,0.009863
0,0,3,0,1,0.011698
0,0,3,0,1,0.010060
0,0,3,1,1,0.009598
0,1,2,0,1,0.010200
0,3,2,2,1,0.012219
0,0,2,0,1,0.009708
0,3,2,3,1,0.010249
2,19,3,0,1,0.013595
2,13,1,0,1,0.012821
0,3,3,0,1,0.011807
0,1,1,0,1,0.012692
2,8,3,0,1,0.012377
0,3,0,0,1,0.012574
0,3,0,0,1,0.011610
2,20,1,1,1,0.012615
2,19,3,0,1,0.011986
2,1,1,1,1,0.012247
2,1,3,0,1,0.011623
0,3,1,1,1,0.012392
2,2,3,0,1,0.011887
0,2,2,1,1,0.012093
0,3,3,0,1,0.011961
3,1,4,3,1,0.012019
2,1,2,3,1,0.009384
2,1,2,3,1,0.010719
0,1,3,3,1,0.011939
0,1,3,3,1,0.011745
0,1,3,3,1,0.010966
0,3,2,3,1,0.011871
0,0,0,2,1,0.011519
2,8,3,0,1,0.009390
2,8,2,0,1,0.011605
2,8,2,0,1,0.014759
0,0,2,1,1,0.011377
3,2,19,0,2,0.011399
2,18,2,1,2,0.011342
0,2,2,0,2,0.011012
0,2,2,0,2,0.011484
0,2,2,0,2,0.011422
3,11,3,2,1,0.009793
3,11,3,1,1,0.012428
0,0,2,0,1,0.011604
2,17,0,1,1,0.010042
0,3,2,1,1,0.010746
3,13,3,1,0,0.009929
3,13,3,2,0,0.011513
3,13,3,2,0,0.010434
0,0,0,2,0,0.011026
2,11,3,0,0,0.009919
3,7,19,3,2,0.011042
0,0,3,0,2,0.009170
0,0,3,0,2,0.009277
2,19,3,2,2,0.010589
1,0.600000
1,0.900000
1,0.400000
1,0.400000
1,0.400000
1,0.600000
1,0.400000
1,0.300000
1,0.300000
1,0.400000
0,0.400000
1,0.400000
1,0.300000
1,0.400000
0,0.200000
1,0.300000
1,0.300000
0,0.200000
1,0.400000
1,0.500000
1,0.300000
0,0.300000
1,0.400000
0,0.300000
0,0.100000
0,0.300000
0,0.300000
0,0.100000
0,0.100000
0,0.100000
1,0.400000
0,0.100000
1,0.100000
0,0.600000
1,0.100000
1,0.700000
1,0.100000
1,0.300000
1,0.100000
1,0.100000
1,0.400000
0,0.300000
1,0.400000
1,0.500000
1,0.400000
1,0.500000
1,0.500000
0,0.400000
1,0.700000
0,0.300000
1,0.500000
0,0.300000
1,0.400000
0,0.400000
0,0.400000
1,0.700000
0,0.300000
0,0.200000
0,0.300000
0,0.200000
1,0.700000
0,0.900000
1,0.600000
0,0.200000
1,0.700000
0,0.900000
1,0.600000
1,0.600000
0,0.100000
0,0.100000
1,0.300000
1,0.200000
0,0.400000
1,0.300000
1,0.200000
1,0.200000
0,0.200000
1,0.200000
0,0.100000
1,0.300000
1,0.100000
0,0.400000
1,0.300000
0,0.400000
1,0.300000
1,0.100000
1,0.100000
0,0.400000
1,0.100000
1,0.300000
0,0.200000
0,0.100000
0,0.200000
0,0.100000
0,0.200000
1,0.500000
0,0.900000
1,0.500000
0,0.900000
0,0.400000
0,0.400000
1,0.500000
1,0.200000
1,0.800000
1,0.200000
1,0.500000
1,0.200000
0,0.400000
1,0.500000
0,0.900000
1,0.300000
0,0.300000
1,0.300000
0,0.500000
0,0.100000
0,0.500000
1,0.500000
0,0.500000
0,0.100000
0,0.600000
0,0.500000
0,0.100000
0,0.500000
0,0.600000
1,0.900000
1,0.200000
0,0.400000
1,0.500000
0,0.400000
1,0.200000
0,0.100000
0,0.400000
1,0.900000
0,0.400000
0,0.400000
1,0.600000
1,0.100000
0,0.800000
0,0.100000
1,0.100000
0,0.100000
0,0.400000
1,0.600000
0,0.400000
1,0.200000
0,0.800000
1,0.600000
0,0.500000
1,0.600000
0,0.500000
0,0.300000
1,0.500000
1,0.100000
1,0.200000
1,0.200000
1,0.200000
1,0.600000
1,0.200000
1,0.400000
0,0.800000
1,0.500000
0,0.300000
1,0.500000
0,0.300000
1,0.100000
1,0.500000
0,0.300000
1,0.200000
0,0.300000
1,0.500000
0,0.300000
0,0.600000
0,0.300000
1,0.500000
0,0.500000
0,0.300000
0,0.300000
0,0.500000
1,0.400000
0,0.500000
1,0.500000
0,0.300000
1,0.500000
0,0.300000
1,0.500000
0,0.300000
1,0.200000
0,0.200000
0,0.400000
1,0.500000
0,0.800000
1,0.500000
0,0.600000
1,0.200000
1,0.400000
1,0.500000
0,0.600000
1,0.500000
0,0.800000
1,0.500000
0,0.800000
0,0.300000
0,0.400000
1,0.500000
0,0.400000
1,0.500000
0,0.400000
0,0.200000
0,0.400000
1,0.500000
0,0.400000
1,0.500000
1,0.100000
0,0.100000
1,0.100000
0,0.100000
1,0.100000
0,0.400000
1,0.500000
0,0.800000
0,0.100000
1,0.200000
0,0.300000
1,0.400000
1,0.400000
0,0.300000
0,0.300000
1,0.900000
0,0.400000
1,0.900000
1,0.200000
1,0.900000
0,0.400000
1,0.200000
1,0.200000
1,0.400000
1,0.500000
0,0.400000
1,0.500000
0,0.400000
1,0.200000
0,0.300000
1,0.500000
0,0.400000
1,0.500000
0,0.400000
1,0.500000
0,0.900000
1,0.200000
0,0.400000
1,0.200000
0,0.400000
1,0.500000
0,0.500000
0,0.100000
0,0.400000
1,0.100000
1,0.800000
1,0.800000
0,0.200000
1,0.800000
0,0.100000
1,0.400000
1,0.200000
1,0.800000
1,0.200000
1,0.800000
0,0.800000
1,0.800000
0,0.800000
1,0.500000
0,0.800000
1,0.800000
0,0.800000
0,0.100000
1,0.200000
0,0.600000
0,0.100000
0,0.300000
1,0.800000
1,0.800000
0,0.100000
0,0.100000
0,0.100000
1,0.500000
0,0.100000
1,0.100000
1,0.500000
0,0.400000
1,0.700000
0,0.200000
1,0.600000
0,0.200000
1,0.500000
0,0.200000
0,0.300000
0,0.100000
1,0.600000
0,0.900000
1,0.700000
0,0.200000
1,0.800000
0,0.400000
0,0.400000
0,0.400000
1,0.400000
0,0.200000
0,0.100000
0,0.400000
1,0.400000
1,0.200000
0,0.300000
1,0.800000
0,0.400000
0,0.200000
1,0.500000
0,0.500000
1,0.800000
0,0.500000
1,0.800000
0,0.500000
1,0.800000
0,0.800000
1,0.800000
0,0.500000
1,0.800000
0,0.500000
1,0.200000
0,0.700000
0,0.400000
1,0.900000
0,0.400000
0,0.100000
0,0.500000
1,0.800000
0,0.700000
1,0.400000
1,0.200000
0,0.500000
1,0.200000
1,0.400000
1,0.400000
1,0.800000
1,0.200000
1,0.200000
0,0.200000
1,0.800000
1,0.400000
1,0.200000
0,0.300000
1,0.800000
0,0.400000
1,0.500000
0,0.500000
1,0.800000
0,0.400000
1,0.500000
0,0.500000
1,0.800000
0,0.400000
1,0.500000
0,0.300000
1,0.200000
0,0.200000
0,0.700000
1,0.800000
0,0.900000
1,0.800000
0,0.200000
0,0.200000
1,0.500000
0,0.900000
1,0.800000
0,0.900000
1,0.800000
1,0.100000
0,0.400000
1,0.800000
1,0.200000
0,0.600000
1,0.500000
0,0.900000
1,0.500000
0,0.300000
1,0.200000
0,0.400000
1,0.200000
0,0.800000
1,0.800000
0,0.700000
1,0.800000
1,0.100000
1,0.400000
1,0.100000
1,0.300000
0,0.300000
0,0.600000
1,0.900000
0,0.400000
0,0.600000
1,0.800000
0,0.500000
1,0.200000
0,0.700000
1,0.200000
0,0.500000
0,0.100000
0,0.500000
1,0.400000
0,0.900000
1,0.400000
0,0.900000
1,0.400000
0,0.500000
1,0.200000
0,0.600000
1,0.100000
0,0.100000
0,0.200000
0,0.100000
0,0.200000
1,0.900000
1,0.700000
0,0.500000
1,0.700000
0,0.200000
0,0.100000
0,0.400000
0,0.100000
0,0.200000
1,0.800000
0,0.800000
0,0.200000
1,0.700000
0,0.800000
0,0.100000
0,0.100000
0,0.100000
0,0.100000
0,0.100000
0,0.400000
1,0.700000
0,0.500000
1,0.700000
0,0.400000
0,0.100000
0,0.400000
1,0.200000
0,0.100000
0,0.200000
0,0.100000
0,0.400000
0,0.100000
0,0.300000
1,0.800000
0,0.300000
1,0.800000
0,0.300000
1,0.800000
0,0.600000
1,0.900000
0,0.500000
1,0.800000
0,0.500000
1,0.800000
0,0.500000
1,0.800000
0,0.500000
1,0.800000
0,0.900000
1,0.300000
1,0.800000
0,0.900000
1,0.500000
0,0.600000
1,0.800000
1,0.200000
1,0.200000
1,0.800000
1,0.800000
0,0.500000
1,0.800000
0,0.500000
1,0.800000
0,0.400000
1,0.200000
0,0.600000
1,0.500000
0,0.400000
1,0.500000
0,0.200000
1,0.500000
0,0.600000
1,0.500000
0,0.600000
1,0.200000
0,0.400000
1,0.200000
0,0.400000
1,0.500000
1,0.868176
0,0.806612
0,1.097676
1,1.335057
0,1.192814
0,1.372321
0,1.226199
0,1.212279
1,0.806612
1,0.806612
1,0.806612
0,1.020639
0,1.020639
0,1.020639
1,0.806612
1,0.806612
0,1.075597
1,0.806612
0,1.003013
0,1.618852
0,1.327384
0,1.327384
1,1.562279
0,1.327384
1,0.806612
0,1.145139
0,1.145139
1,1.834612
1,1.834612
1,1.834612
0,1.145139
1,1.684612
1,1.834612
0,1.367408
0,1.267408
0,1.003013
1,0.806612
1,1.194019
0,1.267408
1,1.194019
1,1.581348
1,0.806612
0,1.003013
1,1.181348
1,1.481348
1,1.194019
1,1.551538
1,1.181348
0,1.003013
1,1.181348
1,1.274654
1,1.181348
0,1.109185
0,1.369627
0,1.455772
0,1.305772
0,1.455772
0,1.369627
0,1.455772
0,1.455772
0,1.305772
0,1.455772
0,0.736781
0,1.505772
0,1.305772
0,1.505772
0,1.455772
1,1.017714
1,1.212279
0,3.220026
0,0.786781
1,0.882945
1,1.017714
1,1.182945
1,0.882945
0,1.336536
1,0.882945
1,1.551538
1,1.551538
1,1.551538
1,1.017714
0,1.759389
0,0.736781
1,0.882945
1,1.152887
1,0.882945
1,1.202887
0,1.759389
1,1.481348
0,1.863170
0,1.863170
1,1.581348
1,1.020639
1,1.481348
1,1.020639
1,1.581348
1,0.882945
1,1.481348
0,1.759389
1,1.363029
0,1.369627
1,1.481348
1,1.020639
1,1.581348
1,1.020639
0,1.385950
0,1.575070
1,1.181348
1,1.581348
1,1.181348
1,1.489970
1,1.131348
1,1.581348
1,1.131348
0,0.864023
0,1.575070
0,0.736781
0,1.575070
0,1.048627
0,0.736781
1,1.139970
1,1.499383
0,1.048627
0,0.736781
1,0.936781
1,1.581348
1,1.268208
1,1.481348
1,1.268208
1,0.936781
0,1.364633
0,1.564633
0,1.364633
0,1.364633
1,1.181348
1,1.481348
1,1.181348
0,1.727144
0,0.736781
1,1.074654
1,0.936781
0,1.048627
0,0.736781
1,1.074654
1,0.936781
1,1.325597
0,0.736781
1,1.074654
0,0.736781
1,1.074654
0,0.736781
1,0.936781
1,1.074654
1,0.936781
0,1.048627
1,1.325597
0,1.177384
0,1.729934
1,1.325597
0,1.729934
0,1.177384
0,1.564633
1,1.325597
0,1.427602
1,1.468208
0,0.736781
1,1.131348
0,1.427602
0,1.677602
0,0.736781
1,1.131348
1,1.718208
0,1.677602
1,1.718208
1,1.131348
1,1.468208
0,1.364633
1,1.131348
1,1.718208
0,1.677602
1,1.768208
0,1.677602
1,1.768208
0,1.677602
1,1.768208
0,1.677602
0,1.427602
0,1.677602
0,1.677602
0,1.427602
0,1.677602
1,1.768208
0,1.677602
1,1.163396
1,1.718208
1,1.718208
1,1.163396
1,1.718208
1,1.163396
0,1.169627
1,1.327384
0,1.169627
0,1.564633
0,1.169627
0,1.564633
0,1.169627
1,1.163396
0,1.169627
0,1.564633
1,1.768208
0,1.564633
0,1.003013
1,1.074654
1,1.718208
1,1.074654
1,1.685950
1,1.685950
1,1.074654
1,1.685950
1,1.074654
1,1.768208
1,1.074654
1,1.685950
1,1.074654
1,1.327384
1,1.685950
1,1.131348
1,1.685950
1,1.131348
1,1.685950
0,3.317928
1,1.581348
1,0.882945
0,1.364633
0,1.476919
1,1.316389
1,1.477384
1,1.276919
1,1.718208
0,1.464633
1,1.131348
1,1.131348
1,1.768208
1,1.149383
0,1.003013
0,1.036781
0,1.003013
1,1.149383
1,1.718208
1,1.327384
0,1.003013
1,1.327384
1,1.718208
1,0.882945
0,1.003013
1,0.882945
1,1.327384
1,1.327384
0,1.003013
1,0.882945
0,1.003013
1,0.886781
1,1.718208
1,0.882945
0,1.214633
1,1.149383
1,1.718208
1,1.149383
1,1.768208
1,1.149383
1,1.768208
1,1.149383
1,1.768208
1,1.149383
1,1.718208
1,1.149383
0,1.003013
0,1.003013
1,0.882945
0,1.003013
0,1.003013
1,0.886781
0,1.372315
1,1.149383
0,1.003013
1,0.886781
1,0.886781
1,0.886781
1,0.886781
1,1.718208
1,0.886781
0,1.372315
0,1.036781
1,2.014553
0,1.372315
0,1.372315
1,1.475070
0,1.372315
1,1.276919
0,1.372315
1,1.276919
0,1.372315
1,1.131348
0,1.372315
1,1.213396
0,1.372315
1,1.276919
1,1.768208
1,1.131348
1,1.481348
1,1.722315
1,1.722315
1,1.581348
1,0.936781
1,1.722315
1,1.274654
0,1.785950
1,1.718208
0,1.735950
1,1.768208
1,1.276919
1,1.274654
0,1.785950
1,1.274654
0,1.785950
1,1.274654
0,1.785950
1,1.274654
1,1.363029
1,1.181348
1,1.274654
1,1.131348
1,1.274654
0,1.739598
1,1.722315
0,1.813170
1,1.175597
1,1.551538
0,1.785950
0,1.819528
0,1.763170
1,1.075597
0,1.275070
0,1.677602
1,1.685950
1,0.936781
1,1.274654
0,1.677602
1,1.274654
1,1.274654
1,1.274654
0,1.677602
1,1.274654
0,1.677602
1,1.274654
0,1.677602
1,1.274654
0,1.677602
1,1.274654
0,1.677602
1,1.274654
0,1.677602
1,1.363029
1,1.363029
0,1.476919
0,1.275070
0,1.677602
0,1.275070
1,1.363029
0,1.427602
0,1.275070
0,1.677602
0,1.275070
0,1.677602
0,1.275070
0,1.677602
0,1.427602
0,1.275070
1,1.276919
1,1.718208
1,1.768208
1,1.276919
1,1.718208
0,1.677602
0,1.677602
1,0.936781
1,1.363029
0,1.677602
1,1.768208
1,1.276919
1,1.768208
1,1.276919
1,1.718208
1,1.276919
0,1.427602
0,1.677602
0,1.427602
0,1.476919
0,1.476919
1,1.276919
0,1.275070
0,1.677602
0,1.275070
0,1.677602
0,1.275070
0,1.677602
0,1.275070
0,1.677602
0,1.275070
0,1.677602
0,1.275070
0,1.677602
0,1.275070
0,1.677602
0,1.275070
0,1.677602
0,1.677602
0,1.275070
0,1.677602
1,1.475070
0,1.425070
0,1.575070
1,1.675070
0,1.224654
1,1.675070
0,1.224654
1,1.675070
1,1.175597
1,1.363029
0,1.859389
0,1.669528
0,1.463029
0,1.513029
1,1.768208
1,1.276919
1,0.936781
1,0.936781
0,1.224654
1,1.418208
1,1.768208
0,1.224654
1,1.768208
1,1.276919
1,1.768208
1,1.276919
0,1.002329
0,1.224654
1,1.718208
1,1.768208
1,1.675070
1,1.768208
0,1.036781
1,1.675070
1,1.675070
1,1.675070
0,1.036781
1,1.675070
0,1.036781
0,1.002329
0,1.036781
1,1.675070
0,1.036781
0,1.002329
0,1.036781
1,1.675070
0,1.036781
1,1.675070
0,1.036781
0,1.002329
0,1.036781
1,1.152329
1,1.675070
1,1.276919
1,1.718208
1,1.152329
1,1.675070
1,1.276919
1,1.675070
0,1.002329
1,1.768208
1,1.276919
1,1.718208
1,1.276919
1,1.675070
1,1.276919
1,1.152329
1,1.152329
0,1.002329
1,1.276919
1,1.675070
1,1.075597
1,1.675070
0,1.575070
1,1.675070
1,1.075597
0,1.575070
1,2.065762
0,1.575070
0,1.575070
1,1.499383
0,0
0,3
0,5
0,0
1,1
1,0
1,3
1,1
0,0
0,0
0,0
1,3
0,0
1,4
0,1
1,5
1,3
0,1
1,4
1,1
0,1
0,1
1,4
0,5
0,1
1,4
0,5
0,5
0,2
0,1
1,4
0,2
0,2
0,1
1,3
0,1
1,3
0,1
0,1
0,1
0,1
0,1
0,3
0,1
1,5
0,1
1,6
1,5
1,3
0,1
1,7
1,4
1,6
1,4
1,6
1,3
1,6
0,6
1,2
0,2
1,2
0,2
1,2
1,2
1,3
0,8
1,3
1,3
0,3
1,0
1,2
0,8
1,3
1,3
0,8
1,3
0,8
1,0
1,0
1,0
0,1
0,5
1,7
0,8
0,0
0,5
0,0
0,1
1,5
0,5
1,3
1,5
0,1
1,0
0,5
0,1
0,5
0,0
0,2
0,2
0,8
1,7
0,1
1,7
0,2
0,8
0,8
0,8
1,2
0,8
0,8
0,2
1,2
0,2
1,2
0,2
1,5
0,4
0,8
0,2
1,5
1,5
0,4
1,6
0,8
1,6
0,4
1,7
0,2
1,1
1,1
0,3
1,1
1,1
1,5
1,6
0,2
0,8
1,2
1,5
0,8
0,2
0,2
0,2
0,3
0,8
1,5
0,2
1,5
0,3
1,5
0,3
0,3
0,3
1,1
0,3
1,5
1,2
1,5
1,2
1,5
0,8
1,5
0,8
0,3
1,5
1,1
1,5
0,4
1,6
0,3
1,2
1,5
1,2
0,1
1,4
1,0
1,4
1,6
0,3
1,6
0,2
1,6
0,4
1,0
1,5
1,0
1,0
1,5
1,5
1,4
1,8
0,4
1,4
1,8
1,6
0,3
1,8
1,4
1,0
0,8
1,3
0,3
1,2
0,3
1,3
0,4
1,1
0,2
1,8
0,4
1,2
0,4
0,2
0,2
1,6
0,8
0,8
1,1
0,2
1,2
0,2
0,3
0,2
1,1
1,1
0,2
0,1
0,2
1,4
1,0
1,4
0,2
1,1
0,0
0,0
1,4
0,3
1,6
0,3
0,3
0,3
1,5
0,2
0,2
0,2
0,2
0,2
0,2
0,2
0,2
0,2
0,2
0,2
0,2
0,2
0,2
0,8
0,2
0,8
0,6
0,3
1,6
0,2
1,1
0,2
1,6
0,4
1,8
0,6
0,2
0,2
1,8
0,5
1,6
0,5
1,1
0,2
1,5
1,1
1,1
1,0
1,4
1,5
1,5
1,5
1,5
0,3
1,5
0,3
1,5
1,1
1,5
1,2
1,5
1,1
1,5
1,1
0,5
1,1
0,5
1,1
1,5
0,6
0,1
1,4
0,1
1,4
0,1
0,0
0,0
0,7
1,2
0,4
0,0
0,0
0,4
1,6
0,1
1,7
0,4
1,7
0,4
1,7
0,4
1,4
0,2
1,5
0,7
1,5
0,3
0,8
1,6
0,8
0,0
0,8
0,8
1,0
1,0
1,0
1,2
0,1
1,5
0,2
1,2
1,0
1,6
0,2
1,2
1,2
1,6
0,2
1,2
0,2
1,5
0,2
1,4
0,2
1,4
0,2
1,2
1,0
0,1
1,0
1,2
1,8
0,2
1,7
1,1
1,2
0,2
0,2
0,2
0,7
1,8
0,7
1,2
1,2
1,5
1,8
1,8
0,2
1,3
0,5
1,5
1,5
0,4
0,2
1,6
0,2
1,4
0,7
1,6
0,5
1,3
0,1
1,3
0,7
1,2
1,5
1,6
0,5
1,3
0,2
1,7
0,1
1,7
0,2
1,7
0,5
1,7
0,2
1,4
0,2
1,4
0,1
0,2
1,3
0,2
0,3
1,2
0,1
1,4
0,2
1,6
0,4
1,3
0,1
1,0
1,1
1,3
0,6
1,0
0,1
0,6
1,0
1,8
1,1
0,1
1,2
0,3
1,4
0,2
1,7
0,2
1,4
0,6
1,4
1,4
1,1
1,7
0,6
1,4
1,4
1,4
0,6
1,7
0,2
1,7
0,2
1,4
0,2
1,4
0,5
1,7
0,4
1,6
0,4
1,7
0,4
0,2
1,8
0,4
1,5
0,1
1,5
0,4
0,1
1,0
1,7
0,4
1,5
0,4
1,6
0,8
1,8
1,8
1,0
0,7
1,5
0,3
1,6
0,3
1,6
0,3
1,0
0,3
0,7
0,7
1,1
29.589828,1920.000000
5.442138,1920.000000
4.507021,1920.000000
7.850613,1920.000000
3.626848,1920.000000
23.879370,1920.000000
5.170618,1920.000000
2.625584,1920.000000
3.474284,1920.000000
16.050628,1920.000000
1.930514,1920.000000
1.816358,1920.000000
21.933920,1920.000000
7.755661,1920.000000
18.881585,1920.000000
17.587464,1920.000000
9.442393,1920.000000
9.713913,1920.000000
4.596639,1920.000000
1.207705,1920.000000
2.052137,1920.000000
5.688587,1920.000000
4.364059,1920.000000
1.000730,1920.000000
1.604583,1920.000000
1.512831,1920.000000
6.783203,1920.000000
2.159359,1920.000000
1.021535,1920.000000
1.292521,1920.000000
5.717393,1920.000000
0.515835,1920.000000
0.657730,1920.000000
7.540152,1920.000000
2.474087,1920.000000
6.036389,1920.000000
7.354515,1920.000000
3.647652,1920.000000
2.774413,1920.000000
2.503426,1920.000000
0.680134,1920.000000
1.353867,1920.000000
4.310716,1920.000000
1.460554,1920.000000
1.566709,1920.000000
2.056405,1920.000000
1.359734,1920.000000
4.820149,1920.000000
1.688333,1920.000000
1.105818,1920.000000
1.169297,1920.000000
5.054862,1920.000000
0.643327,1920.000000
0.795357,1920.000000
5.825681,1920.000000
2.190831,1920.000000
4.073869,1920.000000
4.226966,1920.000000
2.549836,1920.000000
2.443148,1920.000000
0.948453,1920.000000
0.793223,1920.000000
0.511034,1920.000000
9.272760,1920.000000
1.458954,1920.000000
3.552700,1920.000000
6.105202,1920.000000
1.234376,1920.000000
7.890621,1920.000000
1.755012,1920.000000
1.715538,1920.000000
2.852829,1920.000000
6.281770,1920.000000
1.147426,1920.000000
1.586446,1920.000000
6.910161,1920.000000
2.888569,1920.000000
6.784269,1920.000000
4.819616,1920.000000
3.803949,1920.000000
3.734069,1920.000000
0.963390,1920.000000
0.723342,1920.000000
0.874839,1920.000000
2.171094,1920.000000
1.641923,1920.000000
0.760683,1920.000000
1.102084,1920.000000
1.483492,1920.000000
2.262846,1920.000000
1.091415,1920.000000
1.030603,1920.000000
0.875372,1920.000000
4.918302,1920.000000
0.427284,1920.000000
0.675866,1920.000000
4.440341,1920.000000
1.958786,1920.000000
2.875233,1920.000000
3.741537,1920.000000
1.889439,1920.000000
1.461088,1920.000000
0.873772,1920.000000
0.727610,1920.000000
0.647061,1920.000000
21.694406,1920.000000
6.909094,1920.000000
5.654447,1920.000000
7.807938,1920.000000
3.380399,1920.000000
21.841635,1920.000000
6.525552,1920.000000
3.183027,1920.000000
4.290978,1920.000000
16.588334,1920.000000
1.551772,1920.000000
2.634119,1920.000000
21.687471,1920.000000
7.953033,1920.000000
21.885377,1920.000000
16.852919,1920.000000
9.331971,1920.000000
7.960501,1920.000000
4.487817,1920.000000
1.718205,1920.000000
2.575974,1920.000000
3.771943,1920.000000
2.190831,1920.000000
1.125555,1920.000000
1.440817,1920.000000
1.385873,1920.000000
5.182354,1920.000000
2.966451,1920.000000
1.013000,1920.000000
0.840165,1920.000000
6.863752,1920.000000
0.475827,1920.000000
0.707873,1920.000000
8.071456,1920.000000
3.081140,1920.000000
6.478609,1920.000000
4.703860,1920.000000
2.449016,1920.000000
2.578641,1920.000000
1.133557,1920.000000
0.615588,1920.000000
0.923382,1920.000000
2.168427,1920.000000
1.242911,1920.000000
0.697204,1920.000000
0.807626,1920.000000
1.101017,1920.000000
1.711804,1920.000000
1.097283,1920.000000
0.972458,1920.000000
1.037004,1920.000000
3.513225,1920.000000
0.529171,1920.000000
0.669465,1920.000000
3.377198,1920.000000
1.572576,1920.000000
2.748808,1920.000000
3.104611,1920.000000
1.800355,1920.000000
1.428015,1920.000000
0.783088,1920.000000
0.627324,1920.000000
0.569712,1920.000000
4.297913,1920.000000
1.080746,1920.000000
1.955052,1920.000000
2.665592,1920.000000
0.876973,1920.000000
4.012524,1920.000000
1.101017,1920.000000
1.091948,1920.000000
3.367597,1920.000000
3.591641,1920.000000
0.983660,1920.000000
0.915380,1920.000000
4.173622,1920.000000
1.815291,1920.000000
4.073869,1920.000000
2.997390,1920.000000
2.710400,1920.000000
2.446348,1920.000000
0.769752,1920.000000
0.649728,1920.000000
0.632658,1920.000000
13.118850,1920.000000
6.188419,1920.000000
3.905302,1920.000000
6.622638,1920.000000
3.802349,1920.000000
14.882931,1920.000000
6.451937,1920.000000
2.639987,1920.000000
3.575638,1920.000000
20.201845,1920.000000
1.612584,1920.000000
2.037201,1920.000000
20.711279,1920.000000
9.912352,1920.000000
16.823580,1920.000000
13.690163,1920.000000
7.005646,1920.000000
6.309509,1920.000000
4.553430,1920.000000
2.089478,1920.000000
2.868298,1920.000000
2.371134,1920.000000
0.580914,1920.000000
0.785755,1920.000000
1.063143,1920.000000
0.426217,1920.000000
1.889972,1920.000000
0.433152,1920.000000
0.374474,1920.000000
0.782554,1920.000000
1.599248,1920.000000
0.399012,1920.000000
0.526504,1920.000000
1.823292,1920.000000
0.729744,1920.000000
1.820625,1920.000000
1.753412,1920.000000
1.396008,1920.000000
0.989528,1920.000000
0.585715,1920.000000
0.325397,1920.000000
0.283256,1920.000000
1.868101,1920.000000
0.797490,1920.000000
0.766018,1920.000000
0.871638,1920.000000
0.817228,1920.000000
1.950251,1920.000000
0.787355,1920.000000
0.782021,1920.000000
1.293588,1920.000000
2.545568,1920.000000
0.338200,1920.000000
0.548375,1920.000000
2.603713,1920.000000
1.078612,1920.000000
1.962520,1920.000000
2.540767,1920.000000
1.439750,1920.000000
1.206104,1920.000000
0.571846,1920.000000
0.587316,1920.000000
0.421950,1920.000000
26.854355,1920.000000
6.632240,1920.000000
4.902299,1920.000000
8.200548,1920.000000
3.124349,1920.000000
27.531822,1920.000000
6.828011,1920.000000
2.467153,1920.000000
3.770876,1920.000000
16.046360,1920.000000
1.716605,1920.000000
2.187631,1920.000000
24.708866,1920.000000
9.307433,1920.000000
23.726806,1920.000000
20.136232,1920.000000
10.575950,1920.000000
8.793198,1920.000000
5.914231,1920.000000
1.400809,1920.000000
2.785615,1920.000000
8.193080,1920.000000
2.101214,1920.000000
3.233704,1920.000000
4.972713,1920.000000
1.065810,1920.000000
8.716917,1920.000000
2.514095,1920.000000
1.428015,1920.000000
2.481022,1920.000000
7.136872,1920.000000
0.968724,1920.000000
1.339997,1920.000000
9.549614,1920.000000
4.231233,1920.000000
8.541949,1920.000000
4.853222,1920.000000
3.619913,1920.000000
4.015724,1920.000000
1.172498,1920.000000
0.602785,1920.000000
1.214106,1920.000000
20.493636,1920.000000
6.355918,1920.000000
5.205825,1920.000000
7.773798,1920.000000
2.776547,1920.000000
22.981593,1920.000000
5.253301,1920.000000
2.615448,1920.000000
5.145013,1920.000000
14.968815,1920.000000
2.065473,1920.000000
2.705066,1920.000000
22.333999,1920.000000
6.860551,1920.000000
25.828553,1920.000000
16.090636,1920.000000
9.997169,1920.000000
7.979171,1920.000000
4.632912,1920.000000
1.638189,1920.000000
2.550902,1920.000000
16.194123,1920.000000
7.917826,1920.000000
3.050201,1920.000000
5.435204,1920.000000
3.552166,1920.000000
15.226999,1920.000000
4.477682,1920.000000
2.650655,1920.000000
3.367063,1920.000000
14.372964,1920.000000
1.717672,1920.000000
1.775816,1920.000000
20.583254,1920.000000
6.821610,1920.000000
16.443772,1920.000000
20.970530,1920.000000
9.448261,1920.000000
6.818943,1920.000000
6.145210,1920.000000
1.614718,1920.000000
2.758410,1920.000000
10.264422,1920.000000
3.895701,1920.000000
2.274581,1920.000000
3.425741,1920.000000
2.036668,1920.000000
8.318438,1920.000000
2.633052,1920.000000
1.686199,1920.000000
2.304987,1920.000000
7.281434,1920.000000
1.261048,1920.000000
1.329862,1920.000000
10.954157,1920.000000
3.886099,1920.000000
9.188476,1920.000000
10.419119,1920.000000
6.347917,1920.000000
4.239235,1920.000000
3.243839,1920.000000
1.066877,1920.000000
1.697934,1920.000000
7.448934,1920.000000
3.376665,1920.000000
2.157758,1920.000000
2.853895,1920.000000
2.053204,1920.000000
7.121936,1920.000000
2.659724,1920.000000
1.443484,1920.000000
1.891039,1920.000000
8.369648,1920.000000
1.023135,1920.000000
1.237044,1920.000000
10.240950,1920.000000
3.690327,1920.000000
6.974174,1920.000000
7.479873,1920.000000
4.301114,1920.000000
3.839690,1920.000000
1.825426,1920.000000
1.288787,1920.000000
1.472823,1920.000000
4.901232,1920.000000
1.434949,1920.000000
1.152227,1920.000000
1.836628,1920.000000
0.541440,1920.000000
4.756670,1920.000000
1.027402,1920.000000
0.719075,1920.000000
1.320793,1920.000000
3.943177,1920.000000
0.731344,1920.000000
0.771885,1920.000000
5.637377,1920.000000
1.689399,1920.000000
6.056659,1920.000000
4.077070,1920.000000
3.340391,1920.000000
1.828627,1920.000000
1.445618,1920.000000
0.469959,1920.000000
0.644927,1920.000000
1.071144,1920.000000
0.674266,1920.000000
0.559577,1920.000000
0.793223,1920.000000
0.693470,1920.000000
1.274384,1920.000000
0.700405,1920.000000
0.577180,1920.000000
0.637459,1920.000000
2.210035,1920.000000
0.220843,1920.000000
0.463025,1920.000000
1.864901,1920.000000
0.977259,1920.000000
1.703802,1920.000000
1.753412,1920.000000
1.120221,1920.000000
0.991662,1920.000000
0.418749,1920.000000
0.389943,1920.000000
0.293925,1920.000000
3.084874,1920.000000
0.814560,1920.000000
0.778820,1920.000000
1.125555,1920.000000
0.312595,1920.000000
3.290781,1920.000000
0.710006,1920.000000
0.559043,1920.000000
0.779353,1920.000000
1.793953,1920.000000
0.300326,1920.000000
0.464625,1920.000000
2.686396,1920.000000
1.233310,1920.000000
3.161689,1920.000000
2.307654,1920.000000
1.647258,1920.000000
1.190101,1920.000000
0.608653,1920.000000
0.187770,1920.000000
0.753215,1920.000000
26.469001,1920.000000
6.369292,1920.000000
4.801778,1920.000000
7.647632,1920.000000
2.868796,1920.000000
22.402428,1920.000000
5.285157,1920.000000
2.900807,1920.000000
3.864898,1920.000000
16.212937,1920.000000
1.718503,1920.000000
2.054627,1920.000000
23.814685,1920.000000
7.379266,1920.000000
21.147030,1920.000000
17.230914,1920.000000
9.689988,1920.000000
8.751507,1920.000000
4.401096,1920.000000
1.532834,1920.000000
2.598829,1920.000000
5.958473,1920.000000
3.416198,1920.000000
1.349833,1920.000000
1.970330,1920.000000
1.270871,1920.000000
6.362356,1920.000000
2.028484,1920.000000
0.919807,1920.000000
1.383979,1920.000000
5.444149,1920.000000
0.761349,1920.000000
0.829107,1920.000000
8.107002,1920.000000
2.788766,1920.000000
7.000992,1920.000000
7.216539,1920.000000
3.374583,1920.000000
2.699133,1920.000000
1.986869,1920.000000
0.688788,1920.000000
1.130552,1920.000000
4.809247,1920.000000
1.378644,1920.000000
2.092508,1920.000000
2.973368,1920.000000
1.158296,1920.000000
5.415339,1920.000000
1.699296,1920.000000
1.136421,1920.000000
1.472012,1920.000000
4.227699,1920.000000
0.611426,1920.000000
1.026513,1920.000000
4.396295,1920.000000
2.125054,1920.000000
4.518473,1920.000000
3.652019,1920.000000
2.239229,1920.000000
2.532671,1920.000000
0.832842,1920.000000
0.734139,1920.000000
0.559140,1920.000000
7.752204,1920.000000
1.866825,1920.000000
2.684727,1920.000000
4.914887,1920.000000
1.441067,1920.000000
8.456998,1920.000000
2.075969,1920.000000
1.465609,1920.000000
2.365676,1920.000000
6.839866,1920.000000
0.845113,1920.000000
1.231389,1920.000000
7.227743,1920.000000
4.063371,1920.000000
7.189329,1920.000000
5.343845,1920.000000
3.361245,1920.000000
3.735783,1920.000000
1.660348,1920.000000
0.865387,1920.000000
0.968359,1920.000000
3.076339,1920.000000
1.177503,1920.000000
1.228722,1920.000000
1.604327,1920.000000
1.398918,1920.000000
3.095013,1920.000000
1.077732,1920.000000
0.939014,1920.000000
1.169500,1920.000000
3.765127,1920.000000
0.541000,1920.000000
0.931545,1920.000000
3.632278,1920.000000
1.443201,1920.000000
3.077940,1920.000000
3.293486,1920.000000
1.867892,1920.000000
1.993271,1920.000000
0.677584,1920.000000
0.632234,1920.000000
0.430559,1920.000000
21.495959,1920.000000
6.834531,1920.000000
5.159777,1920.000000
7.702052,1920.000000
3.105683,1920.000000
27.572343,1920.000000
5.868306,1920.000000
2.460111,1920.000000
4.275717,1920.000000
15.329943,1920.000000
1.608062,1920.000000
2.163468,1920.000000
19.188438,1920.000000
8.850744,1920.000000
22.791372,1920.000000
15.532151,1920.000000
8.182763,1920.000000
8.313478,1920.000000
5.469759,1920.000000
1.685424,1920.000000
2.939755,1920.000000
5.374257,1920.000000
1.971930,1920.000000
1.898303,1920.000000
2.141593,1920.000000
1.075065,1920.000000
6.252982,1920.000000
3.023520,1920.000000
1.004639,1920.000000
1.140689,1920.000000
5.970744,1920.000000
0.335591,1920.000000
0.693057,1920.000000
6.960977,1920.000000
3.287617,1920.000000
5.256346,1920.000000
4.095383,1920.000000
2.105846,1920.000000
2.544942,1920.000000
1.230322,1920.000000
0.647173,1920.000000
0.985965,1920.000000
2.871463,1920.000000
0.959822,1920.000000
1.086269,1920.000000
1.589389,1920.000000
1.014776,1920.000000
2.546543,1920.000000
0.805632,1920.000000
0.846180,1920.000000
1.424527,1920.000000
2.883734,1920.000000
0.573546,1920.000000
0.680785,1920.000000
2.543342,1920.000000
1.373309,1920.000000
2.366743,1920.000000
2.917347,1920.000000
1.828410,1920.000000
1.574450,1920.000000
0.639170,1920.000000
0.609826,1920.000000
0.418822,1920.000000
3.648818,1920.000000
1.197777,1920.000000
1.351434,1920.000000
2.241363,1920.000000
1.246862,1920.000000
3.724046,1920.000000
1.402119,1920.000000
1.275139,1920.000000
3.284950,1920.000000
3.995613,1920.000000
0.695724,1920.000000
0.961956,1920.000000
4.019088,1920.000000
2.208284,1920.000000
4.165276,1920.000000
3.704305,1920.000000
2.728477,1920.000000
2.114916,1920.000000
0.972093,1920.000000
0.633835,1920.000000
0.586884,1920.000000
17.183429,1920.000000
5.106424,1920.000000
4.675331,1920.000000
6.839866,1920.000000
3.719244,1920.000000
15.970714,1920.000000
5.341711,1920.000000
3.099281,1920.000000
4.122593,1920.000000
18.185934,1920.000000
2.036487,1920.000000
2.560415,1920.000000
19.375174,1920.000000
7.594812,1920.000000
15.182155,1920.000000
14.456553,1920.000000
8.162489,1920.000000
7.845038,1920.000000
3.578392,1920.000000
1.782527,1920.000000
2.193345,1920.000000
2.128788,1920.000000
0.625298,1920.000000
0.597021,1920.000000
0.888862,1920.000000
0.560207,1920.000000
1.631537,1920.000000
0.465239,1920.000000
0.514324,1920.000000
0.720800,1920.000000
1.862023,1920.000000
0.415621,1920.000000
0.356932,1920.000000
1.815072,1920.000000
0.757614,1920.000000
1.776124,1920.000000
2.098911,1920.000000
1.562712,1920.000000
1.087336,1920.000000
0.584216,1920.000000
0.220882,1920.000000
0.268900,1920.000000
2.274442,1920.000000
0.950219,1920.000000
0.811500,1920.000000
1.284742,1920.000000
0.746410,1920.000000
2.122386,1920.000000
0.742675,1920.000000
0.768284,1920.000000
1.087869,1920.000000
2.267506,1920.000000
0.364935,1920.000000
0.568744,1920.000000
1.985802,1920.000000
1.160430,1920.000000
2.162934,1920.000000
2.354472,1920.000000
1.510426,1920.000000
1.213783,1920.000000
0.496184,1920.000000
0.500452,1920.000000
0.401215,1920.000000
24.340746,1920.000000
7.691915,1920.000000
5.107491,1920.000000
7.016465,1920.000000
3.503697,1920.000000
20.817308,1920.000000
6.624320,1920.000000
2.778629,1920.000000
3.772063,1920.000000
18.932344,1920.000000
1.815072,1920.000000
2.209351,1920.000000
32.466955,1920.000000
8.586113,1920.000000
21.720576,1920.000000
20.496656,1920.000000
11.785164,1920.000000
8.277198,1920.000000
5.157643,1920.000000
1.666750,1920.000000
2.854390,1920.000000
7.198932,1920.000000
2.417428,1920.000000
2.109581,1920.000000
3.278014,1920.000000
1.687558,1920.000000
7.744201,1920.000000
3.337769,1920.000000
1.307684,1920.000000
1.962327,1920.000000
8.982526,1920.000000
0.862719,1920.000000
1.077199,1920.000000
9.738006,1920.000000
4.879140,1920.000000
8.132078,1920.000000
6.371426,1920.000000
3.280148,1920.000000
3.555450,1920.000000
2.015680,1920.000000
0.791226,1920.000000
1.229789,1920.000000
19.964192,1920.000000
7.020199,1920.000000
4.127395,1920.000000
7.576139,1920.000000
3.355909,1920.000000
20.217086,1920.000000
6.347951,1920.000000
2.570552,1920.000000
3.985476,1920.000000
16.579472,1920.000000
1.602727,1920.000000
2.059963,1920.000000
23.475893,1920.000000
8.465001,1920.000000
25.808490,1920.000000
16.539458,1920.000000
9.067357,1920.000000
7.083690,1920.000000
5.561526,1920.000000
1.625669,1920.000000
3.226795,1920.000000
17.060717,1920.000000
7.361126,1920.000000
3.857962,1920.000000
5.878443,1920.000000
3.400726,1920.000000
15.843200,1920.000000
4.472589,1920.000000
2.771159,1920.000000
3.809944,1920.000000
13.993982,1920.000000
2.024216,1920.000000
2.348603,1920.000000
19.614730,1920.000000
6.285527,1920.000000
16.946008,1920.000000
19.200176,1920.000000
10.312619,1920.000000
6.688343,1920.000000
5.053605,1920.000000
1.787862,1920.000000
2.639911,1920.000000
10.007972,1920.000000
3.837154,1920.000000
2.258970,1920.000000
3.434338,1920.000000
1.889233,1920.000000
8.247854,1920.000000
2.269640,1920.000000
1.787328,1920.000000
2.380081,1920.000000
7.566002,1920.000000
1.488018,1920.000000
1.514694,1920.000000
10.842948,1920.000000
3.588529,1920.000000
9.473908,1920.000000
10.728239,1920.000000
7.213871,1920.000000
4.015887,1920.000000
2.779162,1920.000000
0.973160,1920.000000
1.459207,1920.000000
8.798458,1920.000000
2.612701,1920.000000
2.371011,1920.000000
4.087380,1920.000000
1.928714,1920.000000
8.713093,1920.000000
2.399822,1920.000000
1.763853,1920.000000
2.219488,1920.000000
7.708988,1920.000000
1.007840,1920.000000
1.215917,1920.000000
7.939473,1920.000000
3.211856,1920.000000
7.040474,1920.000000
6.944972,1920.000000
4.410700,1920.000000
4.736154,1920.000000
1.646476,1920.000000
1.029181,1920.000000
0.966224,1920.000000
4.158873,1920.000000
2.075969,1920.000000
0.799763,1920.000000
1.592056,1920.000000
0.796028,1920.000000
4.372286,1920.000000
1.219118,1920.000000
0.601289,1920.000000
1.027580,1920.000000
4.234635,1920.000000
0.600222,1920.000000
0.566610,1920.000000
5.604208,1920.000000
1.943119,1920.000000
5.545520,1920.000000
5.141637,1920.000000
2.694331,1920.000000
1.828944,1920.000000
2.170937,1920.000000
0.368670,1920.000000
0.987032,1920.000000
1.633672,1920.000000
0.600756,1920.000000
0.734139,1920.000000
0.873924,1920.000000
0.640771,1920.000000
1.821474,1920.000000
0.519126,1920.000000
0.449233,1920.000000
0.738940,1920.000000
1.851886,1920.000000
0.274235,1920.000000
0.454568,1920.000000
1.656613,1920.000000
0.839244,1920.000000
1.685958,1920.000000
1.497088,1920.000000
0.894731,1920.000000
1.216450,1920.000000
0.388944,1920.000000
0.419889,1920.000000
0.195806,1920.000000
2.457443,1920.000000
1.116680,1920.000000
0.489248,1920.000000
0.855784,1920.000000
0.412953,1920.000000
2.806906,1920.000000
1.007306,1920.000000
0.434828,1920.000000
0.583149,1920.000000
2.351271,1920.000000
0.359600,1920.000000
0.370804,1920.000000
3.198518,1920.000000
1.315154,1920.000000
2.821311,1920.000000
2.631908,1920.000000
1.513094,1920.000000
1.027047,1920.000000
0.858985,1920.000000
0.227818,1920.000000
0.947551,1920.000000
25.198677,1920.000000
6.303538,1920.000000
4.652942,1920.000000
7.514936,1920.000000
3.237154,1920.000000
22.128023,1920.000000
5.246900,1920.000000
2.726979,1920.000000
3.833781,1920.000000
16.190039,1920.000000
2.043367,1920.000000
2.073251,1920.000000
24.406199,1920.000000
7.821254,1920.000000
20.769870,1920.000000
17.470812,1920.000000
10.342243,1920.000000
8.408275,1920.000000
4.700437,1920.000000
1.573750,1920.000000
2.511916,1920.000000
5.975874,1920.000000
3.738256,1920.000000
1.555606,1920.000000
2.024155,1920.000000
1.105734,1920.000000
6.053254,1920.000000
2.134622,1920.000000
1.095595,1920.000000
1.277038,1920.000000
5.184463,1920.000000
0.643055,1920.000000
0.859185,1920.000000
7.496792,1920.000000
2.477229,1920.000000
6.975410,1920.000000
7.615263,1920.000000
3.692362,1920.000000
2.801691,1920.000000
2.161305,1920.000000
0.629713,1920.000000
1.188984,1920.000000
4.920303,1920.000000
1.293581,1920.000000
1.864592,1920.000000
2.631455,1920.000000
1.070513,1920.000000
5.110285,1920.000000
1.669808,1920.000000
1.047566,1920.000000
1.485163,1920.000000
4.787423,1920.000000
0.527785,1920.000000
0.817560,1920.000000
5.031837,1920.000000
2.262699,1920.000000
4.228152,1920.000000
3.685425,1920.000000
2.414257,1920.000000
2.494839,1920.000000
0.897075,1920.000000
0.760993,1920.000000
0.593959,1920.000000
8.106760,1920.000000
1.746121,1920.000000
2.607974,1920.000000
4.816774,1920.000000
1.635654,1920.000000
8.187876,1920.000000
2.324070,1920.000000
1.372028,1920.000000
2.467089,1920.000000
6.712852,1920.000000
0.844777,1920.000000
1.286110,1920.000000
7.103488,1920.000000
3.724381,1920.000000
7.849538,1920.000000
5.683964,1920.000000
3.252096,1920.000000
3.500780,1920.000000
1.518783,1920.000000
0.815426,1920.000000
0.794613,1920.000000
3.016754,1920.000000
1.401379,1920.000000
1.128681,1920.000000
1.624447,1920.000000
1.299985,1920.000000
3.298524,1920.000000
1.082787,1920.000000
1.048099,1920.000000
1.099864,1920.000000
3.737189,1920.000000
0.477088,1920.000000
0.802084,1920.000000
3.615516,1920.000000
1.473423,1920.000000
2.910023,1920.000000
3.408991,1920.000000
1.925963,1920.000000
1.698092,1920.000000
0.773800,1920.000000
0.641988,1920.000000
0.579550,1920.000000
21.979667,1920.000000
6.069797,1920.000000
5.280521,1920.000000
8.704988,1920.000000
3.344952,1920.000000
26.480517,1920.000000
6.114091,1920.000000
2.597301,1920.000000
4.014156,1920.000000
15.600350,1920.000000
1.687419,1920.000000
2.074852,1920.000000
20.297585,1920.000000
7.955736,1920.000000
22.045307,1920.000000
15.584874,1920.000000
8.372520,1920.000000
8.864017,1920.000000
4.914433,1920.000000
1.652197,1920.000000
2.906821,1920.000000
5.490781,1920.000000
2.143694,1920.000000
1.746121,1920.000000
2.120747,1920.000000
1.140955,1920.000000
6.019100,1920.000000
2.757931,1920.000000
0.943503,1920.000000
1.179379,1920.000000
5.972138,1920.000000
0.508574,1920.000000
0.739646,1920.000000
7.049055,1920.000000
2.889211,1920.000000
5.313607,1920.000000
4.276181,1920.000000
2.518320,1920.000000
2.532729,1920.000000
1.066777,1920.000000
0.621709,1920.000000
0.970186,1920.000000
2.788350,1920.000000
0.961113,1920.000000
1.145225,1920.000000
1.254090,1920.000000
0.965916,1920.000000
2.367296,1920.000000
1.057705,1920.000000
0.937633,1920.000000
1.044364,1920.000000
3.251029,1920.000000
0.460011,1920.000000
0.790877,1920.000000
2.835311,1920.000000
1.289312,1920.000000
2.391310,1920.000000
2.828908,1920.000000
1.675144,1920.000000
1.783477,1920.000000
0.619574,1920.000000
0.675608,1920.000000
0.433328,1920.000000
3.692362,1920.000000
1.371495,1920.000000
1.302653,1920.000000
2.465488,1920.000000
1.185249,1920.000000
3.887680,1920.000000
1.332538,1920.000000
1.085455,1920.000000
3.476765,1920.000000
3.742526,1920.000000
0.725771,1920.000000
0.878931,1920.000000
3.816170,1920.000000
1.869929,1920.000000
4.144902,1920.000000
3.901555,1920.000000
2.546070,1920.000000
2.374233,1920.000000
1.005407,1920.000000
0.658531,1920.000000
0.622776,1920.000000
16.646315,1920.000000
5.395790,1920.000000
4.652942,1920.000000
6.631736,1920.000000
3.897819,1920.000000
16.248741,1920.000000
5.990816,1920.000000
2.878538,1920.000000
4.317806,1920.000000
18.526916,1920.000000
2.071650,1920.000000
2.613844,1920.000000
19.013610,1920.000000
7.746009,1920.000000
15.359671,1920.000000
13.738426,1920.000000
7.424215,1920.000000
7.942394,1920.000000
3.761737,1920.000000
1.845914,1920.000000
2.314997,1920.000000
1.825635,1920.000000
0.708161,1920.000000
0.652661,1920.000000
0.972854,1920.000000
0.556603,1920.000000
1.534259,1920.000000
0.494699,1920.000000
0.567809,1920.000000
0.675074,1920.000000
1.994804,1920.000000
0.453607,1920.000000
0.461612,1920.000000
1.709298,1920.000000
1.071046,1920.000000
1.610572,1920.000000
1.962785,1920.000000
1.495836,1920.000000
1.023018,1920.000000
0.565675,1920.000000
0.279102,1920.000000
0.326597,1920.000000
2.313930,1920.000000
0.765262,1920.000000
0.749252,1920.000000
1.269566,1920.000000
0.749786,1920.000000
2.092463,1920.000000
0.724170,1920.000000
0.882666,1920.000000
1.084922,1920.000000
2.526325,1920.000000
0.346342,1920.000000
0.640920,1920.000000
2.121814,1920.000000
1.037426,1920.000000
2.058309,1920.000000
2.244021,1920.000000
1.476625,1920.000000
1.461149,1920.000000
0.485626,1920.000000
0.418920,1920.000000
0.324996,1920.000000
24.044380,1920.000000
7.799374,1920.000000
4.834918,1920.000000
6.822251,1920.000000
3.476765,1920.000000
21.132756,1920.000000
6.408135,1920.000000
2.711503,1920.000000
3.982137,1920.000000
19.526453,1920.000000
1.991068,1920.000000
2.258430,1920.000000
31.432840,1920.000000
9.364052,1920.000000
22.741727,1920.000000
19.704160,1920.000000
11.120312,1920.000000
8.111563,1920.000000
5.336555,1920.000000
1.678346,1920.000000
3.160841,1920.000000
7.614196,1920.000000
2.601570,1920.000000
2.443075,1920.000000
3.723314,1920.000000
1.520918,1920.000000
8.614800,1920.000000
2.929235,1920.000000
1.420057,1920.000000
2.191723,1920.000000
8.039519,1920.000000
0.806887,1920.000000
1.077450,1920.000000
9.201287,1920.000000
4.433076,1920.000000
8.287669,1920.000000
6.360106,1920.000000
3.344419,1920.000000
3.590968,1920.000000
1.856587,1920.000000
0.733243,1920.000000
1.169773,1920.000000
20.746923,1920.000000
6.454029,1920.000000
4.545677,1920.000000
7.463172,1920.000000
3.335347,1920.000000
22.101341,1920.000000
5.762945,1920.000000
2.466556,1920.000000
3.988007,1920.000000
15.799937,1920.000000
1.592428,1920.000000
2.295786,1920.000000
22.433274,1920.000000
8.639348,1920.000000
25.372649,1920.000000
17.107393,1920.000000
9.393403,1920.000000
7.137642,1920.000000
5.397925,1920.000000
1.491567,1920.000000
2.752061,1920.000000
16.770123,1920.000000
7.168060,1920.000000
3.614448,1920.000000
5.916638,1920.000000
3.347621,1920.000000
14.864973,1920.000000
4.540341,1920.000000
2.854523,1920.000000
3.695030,1920.000000
13.881446,1920.000000
1.930765,1920.000000
2.230146,1920.000000
20.342946,1920.000000
6.772088,1920.000000
16.819219,1920.000000
19.086721,1920.000000
10.962350,1920.000000
6.625332,1920.000000
5.389386,1920.000000
1.694890,1920.000000
2.844917,1920.000000
9.147388,1920.000000
4.104878,1920.000000
2.146896,1920.000000
3.120283,1920.000000
1.751457,1920.000000
8.147318,1920.000000
2.636258,1920.000000
1.919025,1920.000000
2.572753,1920.000000
8.001096,1920.000000
1.218335,1920.000000
1.455812,1920.000000
11.566448,1920.000000
3.678487,1920.000000
9.518279,1920.000000
10.856153,1920.000000
6.745405,1920.000000
3.772944,1920.000000
2.734451,1920.000000
1.108402,1920.000000
1.563610,1920.000000
9.305350,1920.000000
2.562613,1920.000000
2.387041,1920.000000
3.846055,1920.000000
1.854453,1920.000000
8.479785,1920.000000
2.162906,1920.000000
1.726909,1920.000000
2.339012,1920.000000
7.939192,1920.000000
1.113205,1920.000000
1.312792,1920.000000
8.065669,1920.000000
3.642732,1920.000000
7.194743,1920.000000
6.585308,1920.000000
3.801761,1920.000000
4.766611,1920.000000
1.566279,1920.000000
1.069446,1920.000000
1.027287,1920.000000
4.655610,1920.000000
2.136223,1920.000000
1.045965,1920.000000
1.575885,1920.000000
0.820228,1920.000000
4.993414,1920.000000
1.150561,1920.000000
0.614237,1920.000000
0.960580,1920.000000
3.741458,1920.000000
0.552867,1920.000000
0.485093,1920.000000
5.116688,1920.000000
1.976126,1920.000000
5.380848,1920.000000
5.012092,1920.000000
2.824105,1920.000000
1.913688,1920.000000
2.008679,1920.000000
0.351145,1920.000000
1.021417,1920.000000
1.606303,1920.000000
0.614237,1920.000000
0.600896,1920.000000
0.860253,1920.000000
0.588088,1920.000000
1.519317,1920.000000
0.664401,1920.000000
0.584886,1920.000000
0.689483,1920.000000
1.894477,1920.000000
0.264693,1920.000000
0.442400,1920.000000
1.735981,1920.000000
0.956311,1920.000000
1.555072,1920.000000
1.631385,1920.000000
0.912551,1920.000000
1.004340,1920.000000
0.497367,1920.000000
0.561939,1920.000000
0.202789,1920.000000
2.536464,1920.000000
1.302119,1920.000000
0.615838,1920.000000
1.043296,1920.000000
0.426391,1920.000000
2.658671,1920.000000
0.855983,1920.000000
0.421588,1920.000000
0.664935,1920.000000
2.161305,1920.000000
0.283371,1920.000000
0.360751,1920.000000
3.175784,1920.000000
1.149494,1920.000000
2.949514,1920.000000
2.767004,1920.000000
1.547067,1920.000000
1.018215,1920.000000
0.869858,1920.000000
0.209193,1920.000000
0.765262,1920.000000
25.950714,1920.000000
6.185935,1920.000000
4.718991,1920.000000
7.405720,1920.000000
3.233363,1920.000000
21.920354,1920.000000
5.898205,1920.000000
2.627474,1920.000000
3.965234,1920.000000
16.522875,1920.000000
1.919626,1920.000000
2.115005,1920.000000
24.692495,1920.000000
7.697721,1920.000000
21.023532,1920.000000
16.699570,1920.000000
9.432110,1920.000000
8.373006,1920.000000
4.786787,1920.000000
1.579581,1920.000000
2.440637,1920.000000
6.875100,1920.000000
3.873950,1920.000000
1.304662,1920.000000
2.050412,1920.000000
1.251814,1920.000000
6.391991,1920.000000
1.961798,1920.000000
1.069247,1920.000000
1.450930,1920.000000
5.311000,1920.000000
0.780982,1920.000000
0.891484,1920.000000
7.036848,1920.000000
2.336007,1920.000000
6.453380,1920.000000
7.161763,1920.000000
3.723412,1920.000000
2.702743,1920.000000
2.210559,1920.000000
0.592009,1920.000000
1.264092,1920.000000
4.718457,1920.000000
1.382600,1920.000000
1.997564,1920.000000
2.530319,1920.000000
1.198432,1920.000000
5.020067,1920.000000
1.805922,1920.000000
1.018000,1920.000000
1.495237,1920.000000
4.524146,1920.000000
0.551972,1920.000000
0.840237,1920.000000
5.105479,1920.000000
2.494019,1920.000000
4.390690,1920.000000
3.674834,1920.000000
2.292234,1920.000000
2.302910,1920.000000
0.990775,1920.000000
0.704646,1920.000000
0.559446,1920.000000
7.240769,1920.000000
2.046676,1920.000000
2.688330,1920.000000
4.637850,1920.000000
1.506981,1920.000000
7.807154,1920.000000
2.220702,1920.000000
1.408758,1920.000000
2.439569,1920.000000
6.637015,1920.000000
1.021736,1920.000000
1.285445,1920.000000
7.575475,1920.000000
3.665759,1920.000000
8.042570,1920.000000
5.830943,1920.000000
3.227491,1920.000000
3.776261,1920.000000
1.481891,1920.000000
0.844507,1920.000000
0.964617,1920.000000
3.167703,1920.000000
1.197364,1920.000000
1.040420,1920.000000
1.542213,1920.000000
1.307865,1920.000000
2.980331,1920.000000
1.154124,1920.000000
1.003053,1920.000000
1.257686,1920.000000
3.865409,1920.000000
0.499658,1920.000000
0.815681,1920.000000
3.465042,1920.000000
1.481891,1920.000000
3.265926,1920.000000
3.214145,1920.000000
1.737058,1920.000000
2.064292,1920.000000
0.867995,1920.000000
0.650196,1920.000000
0.451614,1920.000000
22.162176,1920.000000
6.418682,1920.000000
5.218649,1920.000000
8.066592,1920.000000
3.039052,1920.000000
25.107809,1920.000000
5.931302,1920.000000
2.702210,1920.000000
3.907581,1920.000000
15.834244,1920.000000
1.693285,1920.000000
2.168921,1920.000000
22.657563,1920.000000
8.145064,1920.000000
21.454861,1920.000000
16.512732,1920.000000
8.519274,1920.000000
8.182965,1920.000000
4.302076,1920.000000
1.751472,1920.000000
2.782817,1920.000000
5.662255,1920.000000
1.916423,1920.000000
1.770689,1920.000000
2.149169,1920.000000
1.051630,1920.000000
5.971339,1920.000000
2.790824,1920.000000
0.823688,1920.000000
1.353240,1920.000000
5.475418,1920.000000
0.492184,1920.000000
0.729202,1920.000000
6.842537,1920.000000
3.052931,1920.000000
5.512785,1920.000000
4.358127,1920.000000
2.481741,1920.000000
2.669113,1920.000000
1.307331,1920.000000
0.635249,1920.000000
0.961414,1920.000000
2.491350,1920.000000
1.112486,1920.000000
0.992376,1920.000000
1.484560,1920.000000
1.016398,1920.000000
2.708082,1920.000000
0.807673,1920.000000
1.002519,1920.000000
1.051097,1920.000000
3.211476,1920.000000
0.539695,1920.000000
0.727066,1920.000000
2.781215,1920.000000
1.370856,1920.000000
2.405404,1920.000000
2.818049,1920.000000
1.781366,1920.000000
1.605738,1920.000000
0.710518,1920.000000
0.468162,1920.000000
0.461223,1920.000000
3.641737,1920.000000
1.334022,1920.000000
1.407690,1920.000000
2.482809,1920.000000
1.172808,1920.000000
3.905446,1920.000000
1.145583,1920.000000
1.315873,1920.000000
3.205604,1920.000000
3.909182,1920.000000
0.592543,1920.000000
0.973158,1920.000000
4.248693,1920.000000
2.211627,1920.000000
3.983917,1920.000000
3.737825,1920.000000
2.557544,1920.000000
2.013579,1920.000000
0.949670,1920.000000
0.653933,1920.000000
0.548770,1920.000000
15.326578,1920.000000
5.691082,1920.000000
4.672015,1920.000000
6.710149,1920.000000
3.957760,1920.000000
15.884957,1920.000000
5.919024,1920.000000
3.428208,1920.000000
4.159545,1920.000000
19.096433,1920.000000
1.904679,1920.000000
2.494019,1920.000000
18.285557,1920.000000
7.838650,1920.000000
15.600963,1920.000000
14.235445,1920.000000
7.810891,1920.000000
7.780997,1920.000000
3.979113,1920.000000
1.874785,1920.000000
2.375510,1920.000000
1.752006,1920.000000
0.560514,1920.000000
0.643790,1920.000000
0.935791,1920.000000
0.514605,1920.000000
1.840620,1920.000000
0.427058,1920.000000
0.515139,1920.000000
0.660338,1920.000000
2.132087,1920.000000
0.390224,1920.000000
0.378480,1920.000000
1.897205,1920.000000
0.825290,1920.000000
1.856635,1920.000000
2.033864,1920.000000
1.381533,1920.000000
1.054833,1920.000000
0.535424,1920.000000
0.313354,1920.000000
0.293069,1920.000000
2.085645,1920.000000
0.940595,1920.000000
0.846643,1920.000000
1.160530,1920.000000
0.704112,1920.000000
2.090983,1920.000000
0.716390,1920.000000
0.674752,1920.000000
0.943264,1920.000000
2.618933,1920.000000
0.398232,1920.000000
0.594144,1920.000000
2.230310,1920.000000
1.139177,1920.000000
2.281024,1920.000000
2.186537,1920.000000
1.350037,1920.000000
1.313737,1920.000000
0.579731,1920.000000
0.533823,1920.000000
0.383818,1920.000000
24.011337,1920.000000
7.228491,1920.000000
4.949602,1920.000000
7.291482,1920.000000
3.612377,1920.000000
22.361292,1920.000000
6.933287,1920.000000
2.691533,1920.000000
4.054382,1920.000000
19.285406,1920.000000
1.723713,1920.000000
2.366969,1920.000000
30.185528,1920.000000
9.104877,1920.000000
22.363427,1920.000000
19.991653,1920.000000
11.102975,1920.000000
8.385818,1920.000000
5.296587,1920.000000
1.525665,1920.000000
3.201334,1920.000000
7.854131,1920.000000
2.686729,1920.000000
2.496688,1920.000000
3.776794,1920.000000
1.469613,1920.000000
8.439734,1920.000000
2.884243,1920.000000
1.301993,1920.000000
2.036533,1920.000000
7.733487,1920.000000
0.767637,1920.000000
1.165335,1920.000000
8.870529,1920.000000
4.689097,1920.000000
8.052713,1920.000000
6.347150,1920.000000
3.654549,1920.000000
3.767186,1920.000000
1.911085,1920.000000
0.937926,1920.000000
1.120493,1920.000000
21.162860,1920.000000
6.446441,1920.000000
4.464892,1920.000000
7.587220,1920.000000
3.229626,1920.000000
21.760207,1920.000000
5.546416,1920.000000
2.561280,1920.000000
4.188372,1920.000000
15.700254,1920.000000
1.654316,1920.000000
2.037601,1920.000000
22.862551,1920.000000
8.525680,1920.000000
23.931264,1920.000000
17.381795,1920.000000
9.930167,1920.000000
7.471380,1920.000000
5.237867,1920.000000
1.488297,1920.000000
3.124997,1920.000000
17.568099,1920.000000
7.211408,1920.000000
3.554190,1920.000000
6.080239,1920.000000
3.166101,1920.000000
15.516619,1920.000000
4.118441,1920.000000
2.749186,1920.000000
3.884093,1920.000000
13.402148,1920.000000
2.047209,1920.000000
2.317857,1920.000000
19.690578,1920.000000
6.532920,1920.000000
17.410622,1920.000000
19.316368,1920.000000
10.444771,1920.000000
6.761396,1920.000000
5.040886,1920.000000
1.793110,1920.000000
2.747585,1920.000000
9.480688,1920.000000
3.775193,1920.000000
1.991692,1920.000000
3.370022,1920.000000
1.918024,1920.000000
8.602550,1920.000000
2.631211,1920.000000
1.856635,1920.000000
2.542063,1920.000000
7.678503,1920.000000
1.359646,1920.000000
1.534740,1920.000000
10.925746,1920.000000
3.655083,1920.000000
9.810590,1920.000000
10.428757,1920.000000
6.863356,1920.000000
3.996729,1920.000000
2.825523,1920.000000
1.067111,1920.000000
1.456268,1920.000000
8.531018,1920.000000
2.787621,1920.000000
2.483342,1920.000000
3.832312,1920.000000
1.868913,1920.000000
8.256633,1920.000000
2.505229,1920.000000
1.619618,1920.000000
2.237250,1920.000000
8.077269,1920.000000
1.052164,1920.000000
1.306798,1920.000000
8.584400,1920.000000
3.686578,1920.000000
7.462305,1920.000000
6.339142,1920.000000
3.848327,1920.000000
4.349586,1920.000000
1.813395,1920.000000
1.042555,1920.000000
1.067111,1920.000000
4.539627,1920.000000
2.030661,1920.000000
0.998248,1920.000000
1.569972,1920.000000
0.911769,1920.000000
4.658135,1920.000000
1.186154,1920.000000
0.650730,1920.000000
1.107682,1920.000000
4.098156,1920.000000
0.531687,1920.000000
0.565318,1920.000000
5.156726,1920.000000
1.888664,1920.000000
5.288046,1920.000000
5.084126,1920.000000
2.898656,1920.000000
1.912152,1920.000000
1.921761,1920.000000
0.372608,1920.000000
0.971023,1920.000000
1.427975,1920.000000
0.677955,1920.000000
0.684894,1920.000000
0.884010,1920.000000
0.638986,1920.000000
1.541146,1920.000000
0.610159,1920.000000
0.504462,1920.000000
0.705713,1920.000000
1.954324,1920.000000
0.351255,1920.000000
0.434532,1920.000000
1.546484,1920.000000
0.842372,1920.000000
1.744532,1920.000000
1.466410,1920.000000
1.141313,1920.000000
1.189890,1920.000000
0.386488,1920.000000
0.433464,1920.000000
0.217266,1920.000000
2.608257,1920.000000
1.156260,1920.000000
0.632046,1920.000000
0.839703,1920.000000
0.588272,1920.000000
2.926415,1920.000000
0.885078,1920.000000
0.430261,1920.000000
0.653399,1920.000000
2.214296,1920.000000
0.256769,1920.000000
0.300542,1920.000000
2.888514,1920.000000
1.124764,1920.000000
2.854883,1920.000000
2.636549,1920.000000
1.642572,1920.000000
1.156793,1920.000000
0.919242,1920.000000
0.219935,1920.000000
0.831695,1920.000000
199.127290,1920.000000
66.678368,1920.000000
49.588872,1920.000000
76.349081,1920.000000
37.084868,1920.000000
196.582130,1920.000000
58.032678,1920.000000
31.590966,1920.000000
46.270615,1920.000000
169.106531,1920.000000
20.959240,1920.000000
25.798535,1920.000000
217.708785,1920.000000
81.997591,1920.000000
196.320052,1920.000000
171.437705,1920.000000
97.811831,1920.000000
82.795120,1920.000000
48.348861,1920.000000
19.407351,1920.000000
27.840491,1920.000000
