2,20,0,2,134709883,0.975987
3,3,2,0,1,0.648648
3,8,19,0,3,0.296242
2,20,1,0,3,0.236978
3,3,2,0,1,0.301197
3,10,11,0,0,0.217701
3,3,2,0,1,0.183940
2,7,1,0,1,0.165950
3,1,18,2,2,0.156324
0,3,0,2,2,0.145142
0,0,1,0,2,0.137170
2,20,1,2,2,0.133212
0,3,2,0,2,0.174414
2,14,1,2,2,0.128322
0,3,1,2,2,0.132932
3,1,1,2,2,0.105948
2,20,2,0,2,0.126703
3,19,11,3,2,0.120350
0,3,2,2,2,0.104117
2,17,3,3,2,0.096698
0,2,3,3,2,0.093205
3,8,10,2,0,0.092868
2,0,2,3,0,0.088577
3,2,19,2,0,0.074317
0,3,2,3,0,0.080490
3,11,11,2,2,0.074405
0,0,0,2,2,0.076365
3,6,6,2,3,0.065918
0,1,3,3,3,0.070764
2,12,1,2,3,0.069352
2,18,2,0,3,0.061187
3,1,18,2,2,0.059741
3,8,8,2,0,0.056372
0,0,2,0,0,0.059980
3,3,2,2,2,0.062040
2,9,2,3,2,0.062949
2,1,1,2,2,0.061430
0,2,1,2,2,0.054724
0,2,2,3,2,0.051156
3,4,4,2,2,0.052614
2,9,3,2,2,0.047723
2,18,3,2,2,0.049333
0,3,2,1,2,0.054500
0,3,3,2,2,0.046917
0,1,3,0,2,0.045014
3,3,3,3,1,0.041480
3,3,2,3,0,0.046833
2,2,1,3,0,0.052177
0,2,1,3,0,0.046290
0,0,1,0,0,0.040834
2,7,1,3,0,0.041684
0,0,1,3,0,0.040765
2,14,3,2,0,0.046494
2,8,0,1,0,0.049169
2,5,1,3,0,0.041592
0,0,3,3,0,0.037086
2,20,0,2,0,0.037923
2,19,0,3,0,0.050135
3,3,2,2,0,0.042474
3,2,19,1,0,0.043738
2,20,0,2,0,0.046545
0,1,0,1,0,0.040696
0,3,0,2,0,0.040181
2,6,1,2,0,0.035844
0,2,3,2,0,0.036653
0,3,3,3,0,0.032768
0,3,1,3,0,0.035635
0,1,1,2,0,0.033086
2,16,0,3,0,0.031416
0,2,3,1,0,0.031558
2,13,0,3,0,0.037168
0,0,2,2,0,0.033752
0,2,0,3,0,0.031811
0,0,0,2,0,0.034499
0,2,0,3,0,0.037387
2,18,3,0,0,0.030726
3,3,3,3,1,0.037069
0,0,3,0,1,0.030461
3,3,3,3,1,0.032042
0,3,0,2,1,0.029553
3,1,18,0,2,0.028408
2,18,1,0,2,0.030074
0,0,1,0,2,0.029001
0,3,1,2,2,0.025393
0,3,1,2,2,0.030663
2,20,2,0,2,0.035285
0,2,2,3,2,0.033425
2,14,2,0,2,0.030020
3,11,2,3,3,0.031843
0,0,2,0,3,0.027078
0,2,2,0,3,0.028561
0,2,2,1,3,0.027697
0,2,1,0,3,0.026757
0,3,0,3,3,0.024582
0,0,0,2,3,0.025921
3,11,2,0,3,0.023451
2,6,3,0,3,0.029051
2,4,2,3,3,0.022737
2,10,3,0,3,0.021813
2,13,2,3,3,0.026722
2,18,3,0,3,0.028705
3,2,19,3,0,0.030465
3,8,8,0,1,0.026900
0,3,3,0,1,0.021047
2,7,2,3,1,0.021865
0,0,0,0,1,0.024104
2,17,1,1,1,0.021013
0,3,1,1,1,0.021534
2,5,3,3,1,0.019958
0,2,2,3,1,0.018906
2,20,3,2,1,0.025204
2,3,2,3,1,0.023680
2,10,3,2,1,0.022652
0,3,2,3,1,0.023721
0,1,3,2,1,0.022623
3,2,19,0,0,0.018372
0,0,3,1,0,0.018445
0,1,3,3,0,0.018895
0,2,1,0,0,0.020736
2,14,1,0,0,0.022352
2,14,2,0,0,0.020369
2,14,2,2,0,0.019425
0,3,2,2,0,0.018512
0,3,2,0,0,0.018622
3,8,3,0,0,0.019494
0,3,2,2,0,0.024262
2,18,1,0,0,0.021059
2,13,1,3,0,0.021512
2,14,1,0,0,0.022521
0,1,1,3,0,0.020800
0,1,1,1,0,0.021357
0,0,2,0,0,0.021221
3,1,18,0,2,0.018017
2,1,1,0,2,0.022046
3,2,1,0,0,0.023968
3,8,3,3,0,0.019530
2,18,1,0,0,0.020212
2,0,2,3,0,0.018541
2,10,1,0,0,0.019214
0,1,1,0,0,0.016294
2,19,2,3,0,0.019555
3,8,3,0,0,0.020834
3,3,8,1,0,0.018158
0,1,3,1,0,0.016979
0,3,2,3,0,0.015134
2,10,1,0,0,0.019690
2,13,3,3,0,0.021054
2,10,1,0,0,0.019756
2,9,3,3,0,0.019795
2,14,1,0,0,0.019390
2,14,3,3,0,0.016556
0,0,1,1,0,0.015983
3,2,19,1,0,0.016298
0,0,3,3,0,0.015068
2,14,0,1,0,0.018837
2,9,3,3,0,0.014701
0,0,0,0,0,0.017391
0,0,0,0,0,0.015996
2,13,0,0,0,0.014430
0,2,3,3,0,0.014454
0,2,3,0,0,0.016216
0,0,0,0,0,0.018504
3,8,8,2,3,0.019614
3,8,3,3,0,0.016634
2,10,0,3,0,0.013803
0,2,0,3,0,0.015859
2,12,1,2,0,0.015785
0,3,1,2,0,0.017209
2,20,0,1,0,0.017909
0,2,1,0,0,0.019063
2,1,3,2,0,0.018326
3,1,2,3,3,0.015049
2,10,3,2,3,0.018724
0,2,2,3,3,0.018064
3,8,3,2,0,0.016006
2,11,3,3,0,0.014097
0,2,3,2,0,0.015615
2,7,2,2,0,0.014605
2,7,0,1,0,0.014247
0,3,0,1,0,0.014272
0,0,0,1,0,0.013739
0,2,1,2,0,0.014733
0,3,1,2,0,0.014201
0,3,1,2,0,0.018307
0,2,3,2,0,0.014912
2,13,1,2,0,0.015288
0,3,1,2,0,0.014068
3,3,8,2,0,0.014052
0,3,1,2,0,0.011742
2,13,1,0,0,0.014194
2,14,2,0,0,0.016948
2,14,1,0,0,0.017666
0,0,2,0,0,0.014360
2,0,2,2,0,0.012959
0,2,2,2,0,0.012782
0,0,0,2,0,0.012750
2,14,2,1,0,0.012050
3,7,7,3,3,0.024835
2,7,3,3,3,0.017131
0,0,1,0,3,0.013385
3,7,7,3,3,0.016555
0,0,1,0,3,0.017004
2,7,1,3,3,0.012306
2,14,2,0,3,0.015946
0,2,1,0,3,0.015650
2,20,2,0,3,0.016189
0,1,0,2,3,0.015547
2,10,2,0,3,0.015395
2,13,3,1,3,0.015982
2,18,2,0,3,0.015798
0,0,1,3,3,0.015258
3,3,8,2,0,0.012704
0,3,3,1,0,0.013831
0,3,2,0,0,0.015209
0,3,2,0,0,0.014202
0,0,2,0,0,0.012369
2,14,1,0,0,0.013368
0,2,3,3,0,0.013576
0,2,3,3,0,0.014777
2,12,3,3,0,0.012934
2,12,1,0,0,0.012089
0,1,1,3,0,0.013544
0,1,1,1,0,0.012911
2,14,1,0,0,0.013923
0,2,3,3,0,0.015594
2,0,1,0,0,0.013338
0,2,1,1,0,0.013250
0,0,1,0,0,0.012334
0,2,1,3,0,0.012378
3,2,19,2,0,0.011218
0,1,2,1,0,0.012513
0,3,0,2,0,0.011256
0,3,0,0,0,0.016679
0,3,1,0,0,0.013846
0,3,0,2,0,0.012316
0,3,1,1,0,0.012552
0,3,0,0,0,0.011578
0,2,1,0,0,0.014855
2,10,0,2,0,0.014549
2,13,3,3,0,0.014864
0,2,0,2,0,0.014045
2,7,2,2,0,0.010825
2,11,2,1,0,0.011781
2,17,2,1,0,0.011461
2,10,3,2,0,0.013015
0,3,3,3,0,0.013955
2,20,2,2,0,0.013051
0,3,1,1,0,0.012986
0,0,2,2,0,0.012923
2,14,3,1,0,0.012241
0,3,2,2,0,0.013064
3,2,1,1,3,0.012459
3,2,1,1,3,0.012436
3,2,19,1,0,0.012042
2,19,2,1,0,0.011388
0,0,2,1,0,0.009883
2,15,1,0,0,0.011148
0,1,1,0,0,0.010182
0,1,3,1,0,0.011356
2,19,3,1,0,0.012394
2,19,2,3,0,0.010300
2,10,3,2,0,0.014241
2,9,2,0,0,0.013227
2,14,3,2,0,0.012762
2,14,2,0,0,0.013757
2,6,3,1,0,0.011162
0,2,2,3,0,0.011158
0,0,2,0,0,0.010737
0,3,2,3,0,0.010205
0,3,3,2,0,0.012093
0,0,0,3,0,0.010134
0,3,3,1,0,0.010151
0,2,2,0,0,0.010536
2,14,1,3,0,0.012801
2,12,2,0,0,0.012716
2,18,2,0,0,0.012555
0,2,0,2,0,0.012366
0,0,2,0,0,0.010260
0,0,3,3,0,0.009869
2,7,3,3,0,0.009600
0,0,2,2,0,0.012281
0,2,1,1,0,0.010503
0,2,3,2,0,0.012336
0,1,3,3,0,0.009733
0,1,3,3,0,0.010000
0,2,3,2,0,0.011295
2,12,1,3,0,0.011407
0,2,0,3,0,0.009830
2,1,1,3,0,0.010615
0,3,1,2,0,0.009296
0,3,1,2,0,0.010781
0,1,1,3,0,0.010250
0,1,1,1,0,0.010033
2,10,2,0,0,0.010588
2,19,1,0,0,0.012163
0,3,2,0,0,0.011137
0,3,2,0,0,0.011169
0,3,2,2,0,0.010331
0,0,0,0,0,0.009542
0,0,3,0,0,0.009289
0,2,1,0,0,0.009504
2,14,2,0,0,0.011844
2,2,1,1,0,0.011082
2,20,2,0,0,0.011743
0,3,1,1,0,0.010826
0,3,2,0,0,0.010075
2,13,0,0,0,0.009766
2,10,0,1,0,0.011150
0,1,0,0,0,0.010896
0,0,0,1,0,0.010256
3,8,11,0,0,0.045039
2,11,2,2,0,0.022863
3,8,8,3,1,0.014467
0,0,3,3,1,0.009554
0,2,3,3,1,0.009249
0,2,3,3,1,0.014554
0,2,3,3,1,0.010282
0,3,3,3,1,0.008633
0,3,3,0,1,0.010597
0,3,3,0,1,0.010565
2,12,1,3,1,0.009696
2,14,3,2,1,0.010725
0,3,2,2,1,0.009550
0,0,0,0,1,0.009254
0,0,0,2,1,0.009368
2,11,1,0,1,0.010831
2,20,3,2,1,0.010261
0,1,0,0,1,0.010024
2,12,3,2,1,0.009249
0,3,1,3,1,0.008197
0,2,2,1,1,0.008769
0,2,1,2,1,0.008091
2,4,0,0,1,0.009078
2,2,1,0,1,0.010369
2,10,0,0,1,0.010513
0,0,1,0,1,0.010422
0,0,1,0,1,0.010824
0,0,1,0,1,0.009857
0,0,1,1,1,0.010131
0,2,1,1,1,0.008716
0,0,1,3,1,0.008277
2,10,1,3,1,0.010037
0,2,1,0,1,0.010042
3,2,1,3,3,0.009714
3,1,2,2,2,0.008868
0,3,0,2,2,0.008293
0,3,0,0,2,0.010736
0,1,1,3,2,0.009410
0,3,3,0,2,0.008634
0,3,3,0,2,0.008726
0,1,1,1,2,0.009027
2,12,2,0,2,0.009989
3,8,3,3,0,0.008948
3,8,3,2,0,0.008974
2,6,0,2,0,0.007921
2,6,1,2,0,0.008430
0,2,3,2,0,0.010011
0,2,3,2,0,0.008658
2,18,1,2,0,0.010776
2,12,0,3,0,0.009523
3,8,3,2,0,0.008851
0,0,0,3,0,0.009111
0,0,0,1,0,0.008602
0,2,0,0,0,0.009906
0,2,0,2,0,0.008667
0,2,2,0,0,0.010017
0,2,1,2,0,0.008875
3,2,19,0,0,0.008272
0,3,0,2,0,0.008186
0,3,0,0,0,0.008009
0,2,1,1,0,0.009702
2,10,1,3,0,0.009538
0,2,1,0,0,0.009583
2,14,3,3,0,0.008959
2,14,1,2,0,0.010331
0,0,2,2,0,0.008596
0,0,1,0,0,0.007799
0,2,3,3,0,0.008003
0,3,2,0,0,0.007573
2,14,2,2,0,0.008346
2,2,3,2,0,0.010525
0,0,2,2,0,0.009976
0,1,1,2,0,0.008921
0,2,2,2,0,0.007584
0,2,2,0,0,0.008406
0,2,2,3,0,0.007302
0,1,1,2,0,0.008550
2,14,3,0,0,0.008690
0,2,3,3,0,0.007233
2,14,2,3,0,0.007361
2,0,3,0,0,0.007379
2,0,3,0,0,0.009761
0,0,3,0,0,0.007631
2,16,2,0,0,0.009360
0,2,0,0,0,0.007538
0,2,0,2,0,0.009549
0,0,2,3,0,0.007136
2,15,3,0,0,0.007480
0,1,3,3,0,0.007587
0,1,3,0,0,0.008986
0,0,2,1,0,0.008199
2,14,3,0,0,0.008737
0,1,3,1,0,0.009953
0,2,3,0,0,0.008283
0,2,3,0,0,0.007189
0,3,2,1,0,0.006867
2,16,2,0,0,0.008049
0,3,2,3,0,0.008878
2,20,2,0,0,0.008825
0,1,3,3,0,0.009226
2,4,2,1,0,0.009247
2,4,0,0,0,0.008765
2,9,1,3,0,0.007309
0,2,0,0,0,0.007626
2,14,2,0,0,0.008008
2,4,1,1,0,0.007777
2,0,2,0,0,0.007155
2,7,2,0,0,0.007328
2,7,2,0,0,0.007325
2,1,1,3,0,0.006687
2,3,2,0,0,0.008083
3,8,3,3,0,0.007682
2,8,2,0,0,0.008480
2,8,2,0,0,0.008153
2,8,3,3,0,0.007561
2,14,2,0,0,0.007413
2,1,2,2,0,0.009174
0,3,2,0,0,0.009345
3,3,8,3,0,0.008096
3,3,8,1,0,0.006943
2,10,2,1,0,0.008786
0,2,1,3,0,0.009109
3,3,8,1,0,0.007818
0,1,1,1,0,0.007199
0,1,1,3,0,0.007649
0,1,2,1,0,0.006814
2,5,2,1,0,0.007336
0,3,3,3,0,0.008134
0,3,2,1,0,0.008657
0,3,2,2,0,0.008421
2,6,1,3,0,0.008343
0,2,3,2,0,0.008464
2,10,1,3,0,0.008679
0,1,3,3,0,0.008570
2,17,1,3,0,0.008402
2,13,1,1,0,0.008180
2,18,1,3,0,0.008246
2,1,1,1,0,0.008244
2,4,1,3,0,0.008266
2,9,1,1,0,0.007613
2,11,1,3,0,0.007937
2,12,3,0,0,0.007719
2,3,1,1,0,0.007008
3,3,3,1,2,0.017171
2,10,1,0,2,0.013678
3,3,3,1,2,0.009858
0,3,3,0,2,0.008087
3,3,3,2,2,0.007164
2,3,1,0,2,0.008469
2,20,0,2,2,0.006644
3,3,3,0,2,0.008129
0,3,1,2,2,0.007793
0,3,3,0,2,0.008244
2,17,1,1,2,0.006340
2,17,1,1,2,0.007253
2,11,0,2,2,0.007217
2,19,3,3,2,0.008340
3,3,8,1,0,0.006668
2,10,0,0,0,0.006807
0,3,1,1,0,0.006280
0,3,1,2,0,0.006694
2,19,0,2,0,0.007479
0,0,1,0,0,0.007917
0,0,1,0,0,0.008243
0,3,3,3,0,0.008609
0,3,3,3,0,0.006773
0,0,2,2,0,0.007702
0,1,0,2,0,0.007113
0,0,2,0,0,0.007830
2,14,0,0,0,0.006995
2,14,2,0,0,0.008083
0,3,1,1,0,0.008828
0,0,2,0,0,0.007972
0,0,2,0,0,0.007873
0,2,0,0,0,0.005849
0,1,0,0,0,0.007242
2,14,1,0,0,0.008609
2,2,3,2,0,0.008378
2,6,1,0,0,0.007855
2,19,3,2,0,0.007664
2,18,1,0,0,0.007684
0,2,3,2,0,0.007656
0,3,1,0,0,0.007743
2,1,1,0,0,0.007693
0,0,1,0,0,0.007747
0,0,1,0,0,0.008079
2,20,2,1,0,0.008127
0,2,1,0,0,0.007095
2,14,1,0,0,0.007528
0,2,0,2,0,0.007073
1,0.300000
1,0.900000
1,0.300000
0,0.300000
1,0.300000
0,0.300000
0,0.300000
0,0.300000
1,0.600000
1,0.600000
0,0.200000
1,0.300000
1,0.300000
1,0.300000
1,0.300000
1,0.100000
0,0.400000
1,0.100000
1,0.100000
1,0.300000
1,0.300000
1,0.200000
1,0.100000
1,0.500000
1,0.100000
1,0.500000
1,0.500000
1,0.300000
1,0.300000
1,0.300000
0,0.100000
1,0.300000
1,0.300000
0,0.100000
1,0.300000
1,0.500000
1,0.300000
1,0.300000
1,0.300000
0,0.100000
0,0.100000
0,0.100000
1,0.200000
0,0.100000
0,0.100000
1,0.300000
1,0.100000
1,0.300000
1,0.300000
1,0.200000
1,0.400000
1,0.400000
0,0.100000
0,0.300000
1,0.100000
1,0.300000
0,0.600000
1,0.700000
0,0.300000
0,0.200000
1,0.200000
0,0.200000
0,0.600000
0,0.300000
0,0.100000
1,0.400000
1,0.100000
1,0.100000
0,0.200000
1,0.100000
0,0.200000
0,0.400000
0,0.200000
1,0.200000
1,0.900000
0,0.500000
1,0.500000
0,0.500000
1,0.500000
1,0.400000
1,0.100000
1,0.100000
1,0.100000
0,0.300000
1,0.500000
0,0.500000
1,0.500000
0,0.500000
1,0.400000
0,0.500000
1,0.300000
1,0.300000
0,0.200000
1,0.600000
0,0.500000
0,0.400000
0,0.400000
1,0.600000
0,0.400000
1,0.400000
0,0.400000
1,0.400000
0,0.400000
0,0.400000
1,0.600000
0,0.800000
1,0.300000
1,0.300000
0,0.300000
1,0.600000
0,0.100000
1,0.400000
0,0.100000
1,0.400000
0,0.100000
1,0.100000
1,0.300000
0,0.300000
1,0.900000
0,0.200000
1,0.100000
0,0.100000
0,0.100000
1,0.100000
0,0.200000
1,0.300000
0,0.200000
1,0.500000
0,0.200000
1,0.500000
1,0.900000
1,0.100000
0,0.200000
0,0.200000
0,0.200000
1,0.200000
0,0.200000
1,0.200000
0,0.200000
0,0.200000
1,0.200000
0,0.500000
1,0.400000
1,0.100000
1,0.200000
0,0.500000
1,0.500000
0,0.500000
1,0.500000
0,0.500000
1,0.500000
1,0.400000
0,0.500000
1,0.500000
0,0.500000
0,0.300000
0,0.100000
1,0.400000
0,0.300000
0,0.300000
0,0.400000
0,0.300000
1,0.100000
0,0.200000
0,0.200000
0,0.200000
1,0.100000
1,0.500000
0,0.500000
1,0.900000
0,0.200000
1,0.400000
0,0.200000
1,0.600000
0,0.200000
1,0.600000
0,0.200000
1,0.300000
1,0.900000
0,0.500000
1,0.900000
1,0.200000
0,0.300000
1,0.200000
1,0.300000
0,0.300000
0,0.300000
1,0.400000
1,0.100000
1,0.900000
0,0.300000
1,0.900000
0,0.500000
1,0.300000
1,0.300000
0,0.500000
0,0.400000
1,0.100000
1,0.100000
1,0.100000
1,0.600000
0,0.400000
1,0.600000
0,0.300000
1,0.900000
0,0.300000
1,0.600000
0,0.300000
1,0.900000
0,0.300000
1,0.700000
0,0.200000
1,0.900000
0,0.300000
1,0.100000
1,0.200000
1,0.200000
1,0.100000
0,0.300000
1,0.600000
1,0.200000
1,0.300000
1,0.900000
0,0.200000
1,0.600000
0,0.200000
1,0.400000
1,0.200000
1,0.100000
0,0.500000
0,0.400000
0,0.500000
0,0.200000
0,0.200000
0,0.600000
0,0.100000
0,0.500000
1,0.900000
0,0.700000
1,0.900000
0,0.700000
1,0.200000
1,0.200000
1,0.200000
0,0.200000
1,0.900000
1,0.100000
1,0.600000
1,0.100000
1,0.100000
1,0.300000
1,0.100000
1,0.200000
1,0.100000
1,0.200000
1,0.100000
0,0.100000
0,0.100000
1,0.400000
1,0.100000
1,0.400000
0,0.300000
1,0.700000
0,0.200000
1,0.700000
1,0.100000
1,0.400000
1,0.100000
1,0.200000
0,0.200000
1,0.500000
1,0.100000
1,0.700000
1,0.300000
1,0.100000
0,0.400000
1,0.900000
0,0.400000
0,0.300000
1,0.200000
0,0.600000
1,0.900000
0,0.200000
1,0.200000
0,0.300000
1,0.300000
1,0.300000
1,0.900000
1,0.300000
0,0.300000
1,0.400000
1,0.300000
1,0.900000
0,0.300000
1,0.900000
0,0.300000
1,0.100000
0,0.100000
0,0.300000
0,0.500000
1,0.900000
0,0.300000
1,0.400000
0,0.300000
1,0.400000
0,0.300000
1,0.600000
1,0.200000
1,0.600000
1,0.200000
1,0.200000
1,0.500000
1,0.100000
1,0.500000
0,0.300000
1,0.200000
0,0.300000
1,0.300000
1,0.200000
0,0.100000
1,0.100000
0,0.200000
1,0.300000
1,0.400000
1,0.200000
1,0.900000
0,0.200000
0,0.100000
0,0.200000
1,0.100000
1,0.200000
1,0.500000
1,0.200000
1,0.900000
1,0.200000
1,0.900000
0,0.500000
1,0.900000
1,0.200000
1,0.200000
1,0.600000
1,0.300000
1,0.900000
1,0.300000
0,0.500000
0,0.500000
0,0.200000
1,0.300000
1,0.200000
0,0.100000
1,0.100000
1,0.700000
1,0.500000
0,0.600000
0,0.600000
1,0.100000
0,0.200000
1,0.300000
1,0.100000
1,0.500000
1,0.100000
1,0.500000
1,0.900000
1,0.200000
1,0.300000
1,0.700000
1,0.100000
1,0.200000
0,0.600000
0,0.500000
1,0.900000
0,0.400000
1,0.900000
1,0.200000
1,0.200000
1,0.100000
1,0.200000
1,0.200000
1,0.100000
0,0.700000
1,0.800000
0,0.700000
1,0.200000
1,0.300000
1,0.200000
1,0.400000
0,0.400000
1,0.900000
0,0.300000
1,0.200000
0,0.400000
0,0.400000
1,0.900000
0,0.300000
0,0.100000
0,0.600000
1,0.200000
0,0.400000
1,0.200000
1,0.100000
1,0.300000
0,0.400000
1,0.400000
0,0.400000
1,0.300000
1,0.100000
0,0.300000
1,0.400000
0,0.300000
1,0.700000
0,0.400000
0,0.100000
1,0.100000
0,0.100000
0,0.300000
1,0.900000
1,0.100000
0,0.300000
1,0.100000
1,0.500000
0,0.300000
1,0.500000
0,0.300000
1,0.100000
1,0.100000
0,0.300000
1,0.500000
0,0.300000
1,0.500000
0,0.400000
0,0.400000
1,0.500000
0,0.400000
1,0.900000
1,0.300000
1,0.800000
0,0.400000
1,0.900000
0,0.400000
1,0.500000
0,0.400000
1,0.800000
0,0.400000
1,0.700000
0,0.400000
1,0.600000
0,0.400000
1,0.600000
0,0.400000
1,0.600000
0,0.400000
1,0.200000
1,0.200000
1,0.600000
0,0.500000
1,0.600000
1,0.200000
1,0.300000
0,0.500000
1,0.300000
0,0.100000
0,0.700000
0,0.100000
1,0.200000
1,0.200000
1,0.600000
0,0.600000
1,0.200000
1,0.200000
1,0.200000
1,0.100000
1,0.600000
0,0.500000
1,0.900000
0,0.600000
1,0.900000
0,0.700000
1,0.600000
0,0.700000
1,0.600000
1,0.100000
1,0.600000
1,0.100000
0,0.300000
1,0.200000
1,0.600000
0,0.500000
1,0.800000
0,0.500000
1,0.800000
0,0.700000
1,0.800000
0,0.500000
1,0.900000
0,0.700000
1,0.900000
0,0.400000
1,0.900000
0,0.700000
1,0.900000
1,2.751708
0,0.965347
0,0.965275
0,0.816802
1,1.315347
0,1.217564
0,1.115347
0,1.373972
1,1.115719
1,1.800676
0,1.160679
1,1.800676
0,1.077714
0,1.337678
1,1.800676
1,1.800676
0,1.277714
0,1.127714
1,1.650351
0,1.765345
0,1.157645
0,1.341391
1,1.550351
0,1.210679
1,1.650351
0,1.455165
1,1.650351
1,1.550351
0,1.515345
0,1.765345
0,1.765345
0,1.115719
0,1.765345
1,1.044407
1,1.044407
0,1.373832
1,1.500676
0,1.554149
0,1.554149
0,1.554149
0,1.400830
0,1.400830
0,1.250830
1,1.273832
0,1.400830
0,1.400830
1,1.273832
0,0.862133
0,1.373832
1,1.273832
1,1.273832
0,1.373832
1,1.273832
0,1.077557
1,1.273832
1,1.273832
1,1.273832
0,1.077557
1,1.273832
1,1.510679
1,0.915719
0,1.127557
1,1.650351
1,1.650351
0,1.277557
1,1.062133
1,0.965719
1,1.650830
1,1.650830
1,1.650830
1,1.650830
0,0.935274
1,1.650830
0,1.115719
1,1.650830
0,0.935274
1,1.650830
0,1.115719
0,1.250830
0,1.115719
0,1.115719
1,1.062133
0,0.935274
1,1.062133
1,1.062133
1,0.915719
1,1.062133
0,0.935274
1,1.062133
0,0.935274
0,0.862133
0,0.862133
0,0.899616
0,0.862133
0,1.732316
0,0.862133
0,1.845094
1,1.003406
0,1.845094
1,1.003406
0,1.845094
1,1.510679
0,1.845094
0,1.177557
1,1.510679
1,1.110679
1,1.210679
1,1.410679
1,1.110679
0,1.262972
1,0.915719
1,1.510679
0,1.581004
1,1.410679
1,1.110679
1,1.210679
0,1.115719
0,1.115719
0,1.262972
0,1.581004
0,1.262972
0,1.115719
0,0.899616
0,1.115719
0,1.581004
1,1.381004
1,0.915719
1,1.381004
0,0.899616
0,1.262972
0,1.115719
1,0.915719
0,1.115719
1,1.650676
0,0.935274
1,1.381004
0,1.581004
0,1.262972
0,1.581004
0,1.581004
1,1.153406
0,1.581004
0,1.262972
1,1.110679
1,1.281004
1,1.110679
1,1.510679
1,1.110679
1,1.410679
1,1.110679
1,1.110679
1,1.110679
1,1.110679
1,1.003406
1,1.281004
1,1.281004
1,1.153406
1,1.281004
1,1.281004
1,1.281004
1,1.281004
1,1.003406
0,1.582316
1,1.281004
0,1.260679
0,1.131004
0,1.260679
1,1.462972
0,1.581004
0,1.131004
0,1.581004
1,1.003406
0,1.581004
1,1.153406
0,1.581004
1,1.462972
0,1.260679
1,1.462972
1,1.462972
1,1.462972
1,1.462972
0,1.260679
1,1.462972
1,1.462972
1,1.462972
0,1.260679
1,1.462972
1,1.462972
0,1.662972
1,1.153406
0,1.662972
1,1.003406
0,1.662972
0,0.799616
0,0.799616
0,1.662972
0,0.799616
0,1.277557
0,1.662972
0,1.260679
0,1.177557
0,1.662972
0,0.799616
0,1.662972
1,1.003406
0,1.662972
1,1.003406
0,1.662972
1,1.153406
0,1.662972
1,1.153406
0,1.662972
1,1.153406
0,1.260679
1,1.153406
0,1.260679
0,0.799616
0,1.260679
0,0.799616
0,0.799616
0,1.260679
0,1.260679
0,0.799616
0,1.260679
1,1.153406
0,1.260679
1,1.153406
0,1.260679
0,1.260679
0,1.260679
1,1.153406
1,1.160679
1,1.160679
1,0.725596
0,1.131004
1,1.410679
0,1.231004
1,1.410679
1,0.725596
1,1.410679
1,0.725596
1,1.160679
0,1.231004
1,1.410679
1,0.725596
1,1.410679
1,0.725596
1,1.410679
1,0.725596
1,1.160679
1,1.510679
1,0.725596
0,0.775596
1,1.160679
0,1.231004
1,1.645094
1,1.645094
1,1.645094
1,1.895094
1,1.645094
0,1.262972
0,1.845094
1,1.895094
1,1.645094
1,1.895094
1,1.645094
0,1.131004
1,1.645094
0,1.231004
0,1.845094
0,1.131004
1,1.645094
0,1.131004
1,1.645094
0,1.131004
1,1.645094
0,1.131004
1,1.645094
0,1.231004
0,1.231004
0,1.845094
0,1.131004
0,1.845094
0,1.231004
0,1.231004
0,1.131004
0,1.845094
0,1.131004
1,1.645094
1,1.645094
0,0.802778
1,1.645094
1,1.153406
0,0.902778
0,0.625596
0,0.902778
1,1.003406
1,1.645094
0,0.802778
1,1.645094
0,1.131004
0,0.902778
0,1.131004
0,0.902778
0,1.131004
0,0.902778
0,1.131004
0,0.902778
0,1.131004
0,0.902778
0,1.348588
0,0.625596
1,1.645094
0,1.131004
0,1.531004
0,1.531004
0,1.231004
0,1.231004
0,1.231004
0,1.231004
0,1.531004
0,0.902778
0,1.131004
0,0.902778
0,1.231004
0,1.131004
0,1.531004
0,1.131004
0,0.902778
0,1.231004
0,1.131004
0,1.231004
0,1.531004
0,1.131004
0,1.531004
0,1.131004
0,1.531004
0,1.131004
0,1.531004
0,1.231004
1,1.210679
1,0.725596
0,1.131004
1,0.725596
0,0.802778
1,1.210679
1,1.210679
0,1.531004
0,1.231004
0,1.131004
1,1.210679
0,1.131004
0,1.231004
1,1.281004
0,1.531004
0,1.231004
0,1.531004
1,1.210679
0,1.531004
0,1.131004
0,1.531004
1,1.210679
1,1.210679
1,1.110679
1,1.210679
0,1.081004
1,1.110679
1,1.210679
1,1.331004
1,1.331004
0,1.081004
0,1.662972
0,1.081004
0,1.662972
0,1.081004
0,1.662972
1,1.331004
1,1.462972
0,1.262972
0,1.662972
0,1.081004
0,1.662972
0,1.081004
0,1.131004
0,1.662972
1,1.331004
0,1.662972
0,1.081004
0,1.262972
0,1.131004
0,1.662972
0,1.662972
0,1.131004
0,1.662972
0,1.131004
0,1.662972
0,1.131004
1,1.462972
0,1.131004
1,1.462972
0,1.131004
0,1.662972
0,1.081004
0,1.662972
0,1.131004
1,1.331004
0,1.662972
0,1.081004
0,1.662972
0,1.081004
0,1.662972
0,1.081004
1,1.462972
0,1.081004
0,1.662972
0,1.081004
0,1.662972
0,1.662972
0,1.662972
1,1.331004
0,1.662972
0,1.131004
0,1.662972
0,1.262972
1,1.331004
0,0.902778
0,1.262972
0,1.662972
0,1.262972
1,1.462972
0,1.662972
0,1.081004
0,1.662972
1,1.381004
0,0.902778
0,0.625596
0,0.902778
1,1.381004
0,0.902778
1,1.381004
0,0.902778
1,1.381004
0,0.902778
1,1.381004
0,0.902778
1,1.381004
0,0.902778
1,1.381004
0,0.902778
1,1.381004
0,0.902778
0,0.902778
1,1.462972
1,1.663451
1,1.162972
1,1.663451
0,1.413451
0,1.413451
1,1.331004
1,1.462972
1,1.613451
0,0.902778
1,1.462972
1,1.462972
1,1.462972
1,1.462972
0,0.902778
1,1.462972
0,1.662972
0,1.413451
0,1.662972
0,1.413451
0,1.662972
0,1.413451
0,1.662972
0,1.413451
0,1.662972
0,1.413451
0,1.662972
0,1.413451
0,1.662972
0,1.081004
0,1.662972
0,1.662972
0,1.412972
0,1.262972
0,1.662972
0,1.081004
0,1.662972
0,1.081004
0,1.662972
0,1.081004
0,1.662972
0,1.081004
0,1.662972
1,1.381004
0,1.662972
1,1.381004
0,1.662972
1,1.381004
0,0
1,4
1,1
0,1
1,2
1,1
1,1
1,2
0,0
0,1
0,1
0,1
1,3
0,4
1,3
1,3
0,1
1,1
1,3
1,3
0,4
0,4
1,3
0,4
0,1
0,4
0,1
0,4
1,5
0,4
0,0
0,5
0,5
0,5
0,2
0,2
0,2
1,2
1,2
0,2
0,5
0,2
1,3
0,1
0,2
0,2
0,1
1,2
0,2
0,2
0,2
0,7
0,7
1,5
1,3
0,1
0,1
1,3
0,3
0,1
0,2
1,3
0,1
0,1
1,3
1,3
0,3
1,3
1,3
1,4
1,4
0,3
1,4
0,3
1,4
0,3
1,4
0,2
1,5
0,2
1,5
0,0
0,3
1,3
1,4
0,2
1,4
0,8
1,4
0,3
1,3
1,3
0,3
1,3
0,3
0,3
0,3
1,3
0,2
1,8
0,3
1,5
0,2
0,3
1,5
0,2
0,3
1,8
1,2
1,8
0,2
1,8
0,4
1,8
0,8
1,8
1,0
1,0
1,8
0,8
1,4
0,2
1,0
0,7
1,0
1,8
0,3
1,8
1,0
0,1
1,0
0,5
1,0
0,1
0,1
1,6
0,1
1,6
1,0
0,1
1,4
0,4
0,1
0,1
0,1
0,5
1,8
0,5
0,1
0,6
1,4
0,5
0,5
0,2
0,5
0,7
1,4
0,1
0,2
0,1
0,1
1,6
0,6
0,1
0,1
1,4
0,6
1,6
0,2
1,8
0,3
0,2
0,5
1,8
1,0
1,4
1,0
0,2
1,3
1,1
0,3
1,1
0,3
1,3
1,8
1,1
0,3
1,8
0,3
1,8
1,0
0,1
1,0
0,3
1,4
1,0
1,4
1,1
0,2
1,5
1,5
0,2
1,5
1,0
1,8
0,2
1,8
0,5
1,8
0,3
0,1
1,2
0,1
0,5
0,1
0,5
0,2
0,2
1,4
1,4
0,2
1,0
1,1
1,0
0,1
1,1
0,1
1,1
1,1
1,1
0,1
0,2
0,2
0,5
0,1
1,6
0,2
1,6
0,5
1,6
0,5
0,2
1,1
1,6
0,5
1,4
0,2
1,4
0,5
0,5
0,1
1,0
0,1
0,5
1,1
0,2
0,5
0,2
0,1
0,2
1,4
0,4
0,1
1,0
0,1
0,3
1,5
0,3
1,1
1,0
0,0
0,2
0,0
1,0
0,0
0,3
1,5
0,2
0,5
1,5
0,6
1,4
0,6
1,3
0,2
1,4
0,6
1,4
0,2
1,1
1,7
0,5
1,1
0,5
1,4
1,0
1,7
1,1
1,4
1,0
1,7
1,0
1,7
0,2
1,8
0,5
1,8
0,5
1,8
0,7
1,1
0,0
0,2
1,5
0,6
0,1
1,4
1,4
1,1
1,4
1,4
0,7
1,5
0,5
0,5
1,5
0,1
1,7
0,5
1,4
0,1
0,2
0,6
1,7
0,5
1,8
0,5
0,1
0,5
1,1
0,2
0,5
0,1
0,3
0,1
0,2
1,4
0,3
1,1
0,1
1,4
1,4
0,1
0,3
1,1
0,0
0,3
0,1
0,3
0,1
1,1
0,1
1,0
0,5
0,3
1,8
0,5
0,3
0,3
0,3
1,8
0,5
1,8
1,0
0,1
0,6
0,6
0,6
0,3
1,0
1,7
1,0
1,8
0,3
0,6
0,2
1,0
0,2
1,4
1,4
0,3
1,2
1,8
1,1
1,3
1,0
0,6
0,6
1,3
0,7
0,0
1,0
1,8
0,6
0,0
0,7
0,6
1,8
0,2
1,8
0,6
1,3
0,7
0,0
0,5
0,1
0,3
0,2
1,1
0,0
0,5
1,8
0,4
1,3
0,2
1,0
1,8
0,5
1,8
0,2
0,5
1,8
0,7
1,8
0,7
1,8
0,7
1,8
0,6
1,8
0,6
1,8
0,5
1,8
0,8
1,8
0,4
1,8
0,6
0,1
0,2
0,5
0,3
1,2
0,5
1,5
0,2
0,2
0,3
0,0
1,4
0,2
1,5
0,3
1,2
1,5
0,2
1,3
1,0
1,4
0,4
1,3
1,0
1,4
1,0
1,5
1,0
1,5
1,0
0,1
1,0
1,8
0,6
0,1
0,1
1,8
1,0
1,8
0,6
1,5
0,4
1,8
0,8
1,8
0,8
0,0
0,2
0,0
0,8
0,1
12.152400,1920.000000
3.294729,1920.000000
3.705596,1920.000000
6.180216,1920.000000
4.651727,1920.000000
9.860316,1920.000000
3.180564,1920.000000
4.155439,1920.000000
4.751277,1920.000000
11.472440,1920.000000
2.146901,1920.000000
2.835306,1920.000000
8.068579,1920.000000
4.923094,1920.000000
7.701885,1920.000000
11.127507,1920.000000
6.241602,1920.000000
7.342985,1920.000000
2.396019,1920.000000
2.093309,1920.000000
1.600594,1920.000000
2.972857,1920.000000
2.993156,1920.000000
1.645416,1920.000000
2.120592,1920.000000
3.156042,1920.000000
4.622170,1920.000000
2.399592,1920.000000
2.594632,1920.000000
2.455944,1920.000000
7.190169,1920.000000
0.958960,1920.000000
1.753411,1920.000000
4.360060,1920.000000
2.639129,1920.000000
3.947732,1920.000000
6.581501,1920.000000
3.028884,1920.000000
3.225710,1920.000000
1.735384,1920.000000
1.460932,1920.000000
1.528814,1920.000000
3.380963,1920.000000
1.906389,1920.000000
2.433046,1920.000000
3.233343,1920.000000
2.941839,1920.000000
4.096975,1920.000000
2.028837,1920.000000
3.123237,1920.000000
2.829947,1920.000000
6.584100,1920.000000
1.244780,1920.000000
1.839644,1920.000000
4.059786,1920.000000
2.510347,1920.000000
3.455503,1920.000000
5.658594,1920.000000
3.127622,1920.000000
3.588832,1920.000000
1.069228,1920.000000
1.796608,1920.000000
0.848042,1920.000000
6.955341,1920.000000
2.710584,1920.000000
4.728054,1920.000000
8.463531,1920.000000
2.877367,1920.000000
6.076769,1920.000000
2.399754,1920.000000
4.323845,1920.000000
7.051806,1920.000000
7.793640,1920.000000
2.207962,1920.000000
4.231766,1920.000000
4.735199,1920.000000
3.815540,1920.000000
6.320853,1920.000000
6.573869,1920.000000
5.314148,1920.000000
5.440169,1920.000000
1.325654,1920.000000
1.915159,1920.000000
1.202394,1920.000000
3.118528,1920.000000
3.075492,1920.000000
1.956895,1920.000000
2.663813,1920.000000
5.159707,1920.000000
3.945783,1920.000000
2.628248,1920.000000
4.003921,1920.000000
3.410357,1920.000000
10.507472,1920.000000
1.369502,1920.000000
2.177594,1920.000000
5.397296,1920.000000
3.622936,1920.000000
3.749931,1920.000000
8.199959,1920.000000
3.930842,1920.000000
3.844771,1920.000000
1.643630,1920.000000
2.493783,1920.000000
2.095745,1920.000000
8.656785,1920.000000
3.944484,1920.000000
4.360385,1920.000000
6.444600,1920.000000
4.725455,1920.000000
10.743923,1920.000000
3.962347,1920.000000
5.046841,1920.000000
6.945273,1920.000000
11.392053,1920.000000
2.178081,1920.000000
4.050854,1920.000000
7.805819,1920.000000
5.335584,1920.000000
10.066561,1920.000000
11.485919,1920.000000
6.730095,1920.000000
6.452395,1920.000000
2.607624,1920.000000
2.637180,1920.000000
2.066839,1920.000000
2.800552,1920.000000
2.393258,1920.000000
1.454436,1920.000000
1.994247,1920.000000
2.740140,1920.000000
3.661586,1920.000000
2.908385,1920.000000
2.438567,1920.000000
2.103541,1920.000000
7.390568,1920.000000
0.976499,1920.000000
1.455086,1920.000000
4.551527,1920.000000
3.247309,1920.000000
4.045495,1920.000000
5.651773,1920.000000
3.467846,1920.000000
2.856417,1920.000000
1.218147,1920.000000
1.357972,1920.000000
1.228540,1920.000000
3.592567,1920.000000
2.991045,1920.000000
2.156320,1920.000000
2.917317,1920.000000
4.672514,1920.000000
3.454854,1920.000000
2.844075,1920.000000
4.257424,1920.000000
4.119549,1920.000000
9.656182,1920.000000
1.693648,1920.000000
2.758004,1920.000000
4.990002,1920.000000
3.856139,1920.000000
4.098924,1920.000000
7.691978,1920.000000
4.536262,1920.000000
3.748144,1920.000000
1.641843,1920.000000
2.731209,1920.000000
1.871961,1920.000000
6.016357,1920.000000
2.789997,1920.000000
3.809044,1920.000000
6.642725,1920.000000
2.950283,1920.000000
5.409313,1920.000000
2.621103,1920.000000
4.929427,1920.000000
8.816097,1920.000000
8.236824,1920.000000
2.581478,1920.000000
4.242809,1920.000000
5.417595,1920.000000
4.219910,1920.000000
6.490234,1920.000000
7.313266,1920.000000
5.689937,1920.000000
5.081919,1920.000000
1.580944,1920.000000
2.579042,1920.000000
1.881543,1920.000000
10.527122,1920.000000
7.066909,1920.000000
5.682791,1920.000000
9.552247,1920.000000
8.440471,1920.000000
11.810228,1920.000000
6.563800,1920.000000
7.589018,1920.000000
9.890684,1920.000000
22.674650,1920.000000
3.562036,1920.000000
5.691561,1920.000000
14.503435,1920.000000
10.232694,1920.000000
11.968241,1920.000000
17.024501,1920.000000
9.346164,1920.000000
9.310112,1920.000000
4.317999,1920.000000
4.849852,1920.000000
4.500697,1920.000000
2.500603,1920.000000
1.026842,1920.000000
1.448427,1920.000000
2.458542,1920.000000
1.324518,1920.000000
2.200167,1920.000000
0.835375,1920.000000
1.534661,1920.000000
2.574332,1920.000000
3.567558,1920.000000
1.081408,1920.000000
1.493249,1920.000000
2.057257,1920.000000
1.449889,1920.000000
1.995708,1920.000000
2.825075,1920.000000
2.178568,1920.000000
2.161029,1920.000000
0.789254,1920.000000
0.964319,1920.000000
0.723158,1920.000000
2.980327,1920.000000
1.991973,1920.000000
1.793198,1920.000000
2.594307,1920.000000
2.911470,1920.000000
3.412143,1920.000000
1.912723,1920.000000
3.448520,1920.000000
3.217590,1920.000000
6.542851,1920.000000
1.446966,1920.000000
2.139430,1920.000000
3.795402,1920.000000
2.606649,1920.000000
3.140451,1920.000000
5.698381,1920.000000
3.384211,1920.000000
3.738888,1920.000000
1.089690,1920.000000
1.724179,1920.000000
1.226267,1920.000000
10.002576,1920.000000
3.899662,1920.000000
3.814240,1920.000000
6.239329,1920.000000
4.549254,1920.000000
11.036726,1920.000000
3.762273,1920.000000
3.543848,1920.000000
4.785705,1920.000000
11.734875,1920.000000
1.799532,1920.000000
3.029209,1920.000000
10.357741,1920.000000
5.615234,1920.000000
9.415508,1920.000000
12.977057,1920.000000
6.272458,1920.000000
6.842800,1920.000000
2.791296,1920.000000
2.445063,1920.000000
2.136183,1920.000000
5.417920,1920.000000
2.380591,1920.000000
3.195017,1920.000000
5.521368,1920.000000
2.395694,1920.000000
5.480931,1920.000000
2.754107,1920.000000
3.581037,1920.000000
5.248377,1920.000000
7.822059,1920.000000
1.852311,1920.000000
3.214667,1920.000000
5.551249,1920.000000
4.509466,1920.000000
6.414231,1920.000000
6.265962,1920.000000
4.352102,1920.000000
4.603657,1920.000000
1.573798,1920.000000
1.664416,1920.000000
1.518908,1920.000000
8.565842,1920.000000
3.831942,1920.000000
4.342196,1920.000000
6.768909,1920.000000
3.587858,1920.000000
9.665925,1920.000000
3.786633,1920.000000
4.808116,1920.000000
7.649105,1920.000000
10.764385,1920.000000
2.412097,1920.000000
4.771576,1920.000000
8.340433,1920.000000
5.015823,1920.000000
12.310738,1920.000000
10.656390,1920.000000
6.648409,1920.000000
5.992322,1920.000000
2.605837,1920.000000
2.231835,1920.000000
2.104677,1920.000000
10.725247,1920.000000
6.292271,1920.000000
4.928453,1920.000000
7.280300,1920.000000
7.670867,1920.000000
11.568255,1920.000000
5.515359,1920.000000
6.458566,1920.000000
7.033292,1920.000000
18.528468,1920.000000
2.928197,1920.000000
4.523757,1920.000000
12.528027,1920.000000
7.901309,1920.000000
11.168106,1920.000000
19.997845,1920.000000
9.331873,1920.000000
9.420867,1920.000000
4.216663,1920.000000
3.775265,1920.000000
3.715340,1920.000000
6.930819,1920.000000
3.368620,1920.000000
3.200539,1920.000000
4.871613,1920.000000
4.225594,1920.000000
6.961025,1920.000000
3.190470,1920.000000
3.828207,1920.000000
4.563869,1920.000000
10.115118,1920.000000
2.044915,1920.000000
2.924137,1920.000000
6.587185,1920.000000
4.433464,1920.000000
6.041041,1920.000000
10.026124,1920.000000
5.855745,1920.000000
6.103727,1920.000000
2.377831,1920.000000
2.293871,1920.000000
1.943254,1920.000000
6.251184,1920.000000
3.617739,1920.000000
3.301713,1920.000000
4.752738,1920.000000
4.829228,1920.000000
6.088624,1920.000000
3.094980,1920.000000
4.706292,1920.000000
4.836048,1920.000000
11.100386,1920.000000
2.003503,1920.000000
3.105211,1920.000000
6.691770,1920.000000
4.453439,1920.000000
5.437408,1920.000000
9.180518,1920.000000
5.797119,1920.000000
5.604515,1920.000000
2.037607,1920.000000
2.543801,1920.000000
1.906877,1920.000000
2.280392,1920.000000
1.177223,1920.000000
1.389802,1920.000000
2.066189,1920.000000
1.233250,1920.000000
2.518467,1920.000000
1.083032,1920.000000
1.696409,1920.000000
2.516681,1920.000000
3.751555,1920.000000
0.888642,1920.000000
1.453299,1920.000000
2.627274,1920.000000
1.563730,1920.000000
3.428708,1920.000000
3.335004,1920.000000
2.346163,1920.000000
1.796121,1920.000000
1.017910,1920.000000
0.676063,1920.000000
0.770416,1920.000000
1.849875,1920.000000
1.468402,1920.000000
1.366579,1920.000000
1.910612,1920.000000
2.700191,1920.000000
2.451235,1920.000000
1.420657,1920.000000
2.528861,1920.000000
2.239955,1920.000000
5.124629,1920.000000
0.844794,1920.000000
1.521019,1920.000000
2.526100,1920.000000
1.944553,1920.000000
2.516518,1920.000000
4.072940,1920.000000
2.295982,1920.000000
2.353309,1920.000000
0.823845,1920.000000
1.439983,1920.000000
0.896599,1920.000000
2.048325,1920.000000
1.171864,1920.000000
1.044219,1920.000000
1.768026,1920.000000
1.344168,1920.000000
2.371822,1920.000000
1.040808,1920.000000
1.795309,1920.000000
2.528049,1920.000000
3.197940,1920.000000
0.884094,1920.000000
1.646390,1920.000000
2.008051,1920.000000
1.427965,1920.000000
3.021901,1920.000000
3.181213,1920.000000
2.014384,1920.000000
1.759419,1920.000000
0.741834,1920.000000
0.688080,1920.000000
1.715085,1920.000000
11.060708,1920.000000
3.644190,1920.000000
3.597743,1920.000000
5.915740,1920.000000
4.096162,1920.000000
9.242592,1920.000000
3.418448,1920.000000
4.546996,1920.000000
4.983701,1920.000000
11.458924,1920.000000
2.125872,1920.000000
3.195792,1920.000000
8.525577,1920.000000
5.079520,1920.000000
8.532885,1920.000000
10.875730,1920.000000
6.185006,1920.000000
6.774371,1920.000000
2.526362,1920.000000
2.259369,1920.000000
1.838417,1920.000000
3.474965,1920.000000
2.883651,1920.000000
1.877881,1920.000000
3.012113,1920.000000
2.797739,1920.000000
4.150080,1920.000000
2.216819,1920.000000
2.482675,1920.000000
3.134403,1920.000000
6.543107,1920.000000
1.040037,1920.000000
1.805611,1920.000000
4.266361,1920.000000
2.730341,1920.000000
4.065467,1920.000000
5.965598,1920.000000
3.108094,1920.000000
3.292260,1920.000000
1.476580,1920.000000
1.524652,1920.000000
1.522703,1920.000000
3.737898,1920.000000
1.833707,1920.000000
2.841426,1920.000000
3.959904,1920.000000
2.601068,1920.000000
4.136763,1920.000000
1.804637,1920.000000
2.877480,1920.000000
3.290311,1920.000000
5.956665,1920.000000
1.132445,1920.000000
2.150396,1920.000000
3.464409,1920.000000
2.709066,1920.000000
3.578092,1920.000000
5.263199,1920.000000
3.070091,1920.000000
3.733838,1920.000000
1.049457,1920.000000
1.694364,1920.000000
0.873898,1920.000000
6.152200,1920.000000
2.557543,1920.000000
3.615770,1920.000000
7.031132,1920.000000
3.601965,1920.000000
6.635353,1920.000000
2.604640,1920.000000
4.305501,1920.000000
5.554390,1920.000000
9.796553,1920.000000
1.984418,1920.000000
3.189621,1920.000000
5.753173,1920.000000
4.661004,1920.000000
6.013020,1920.000000
7.720539,1920.000000
4.807168,1920.000000
5.181347,1920.000000
1.700536,1920.000000
2.177030,1920.000000
1.422012,1920.000000
3.875292,1920.000000
2.729205,1920.000000
2.710041,1920.000000
3.660106,1920.000000
5.264336,1920.000000
4.420970,1920.000000
2.429081,1920.000000
3.810005,1920.000000
4.283901,1920.000000
8.393542,1920.000000
1.527900,1920.000000
3.028516,1920.000000
4.446468,1920.000000
3.201151,1920.000000
4.483821,1920.000000
7.120617,1920.000000
4.035260,1920.000000
4.328237,1920.000000
1.396515,1920.000000
2.220554,1920.000000
1.632001,1920.000000
8.791920,1920.000000
4.439322,1920.000000
4.160636,1920.000000
6.026824,1920.000000
4.533516,1920.000000
11.909920,1920.000000
3.986051,1920.000000
4.741069,1920.000000
5.744728,1920.000000
11.410202,1920.000000
2.114017,1920.000000
3.345691,1920.000000
8.363010,1920.000000
5.509566,1920.000000
10.132243,1920.000000
11.622302,1920.000000
6.416107,1920.000000
6.710871,1920.000000
2.835579,1920.000000
2.575895,1920.000000
2.272848,1920.000000
3.619018,1920.000000
2.188398,1920.000000
1.958596,1920.000000
2.813817,1920.000000
2.344956,1920.000000
4.585648,1920.000000
2.736838,1920.000000
2.317510,1920.000000
2.627215,1920.000000
6.072622,1920.000000
0.937073,1920.000000
1.873009,1920.000000
4.207084,1920.000000
2.882839,1920.000000
4.066604,1920.000000
4.986137,1920.000000
2.747881,1920.000000
3.071390,1920.000000
1.176457,1920.000000
1.454655,1920.000000
1.274874,1920.000000
4.539525,1920.000000
2.399524,1920.000000
2.864325,1920.000000
4.229496,1920.000000
3.752189,1920.000000
4.618291,1920.000000
2.394976,1920.000000
4.075699,1920.000000
4.848743,1920.000000
7.918510,1920.000000
1.765660,1920.000000
3.128232,1920.000000
4.285200,1920.000000
3.458725,1920.000000
4.441433,1920.000000
6.975915,1920.000000
4.745129,1920.000000
4.563399,1920.000000
1.402524,1920.000000
2.226076,1920.000000
1.648404,1920.000000
5.163808,1920.000000
2.873257,1920.000000
3.011138,1920.000000
5.447366,1920.000000
4.603025,1920.000000
5.151465,1920.000000
2.790756,1920.000000
4.939852,1920.000000
8.712017,1920.000000
10.303742,1920.000000
2.227862,1920.000000
3.729290,1920.000000
4.949271,1920.000000
4.547970,1920.000000
6.061091,1920.000000
8.028945,1920.000000
5.176638,1920.000000
5.007087,1920.000000
1.854820,1920.000000
2.791893,1920.000000
1.892660,1920.000000
11.453239,1920.000000
6.277739,1920.000000
6.279688,1920.000000
9.507798,1920.000000
8.476368,1920.000000
11.853729,1920.000000
6.140020,1920.000000
8.478642,1920.000000
10.259405,1920.000000
21.651418,1920.000000
3.939929,1920.000000
6.510464,1920.000000
13.242610,1920.000000
8.737677,1920.000000
11.990960,1920.000000
18.186685,1920.000000
9.995661,1920.000000
10.194931,1920.000000
3.722794,1920.000000
4.395635,1920.000000
3.813416,1920.000000
2.134805,1920.000000
1.028344,1920.000000
1.126112,1920.000000
1.851572,1920.000000
1.521404,1920.000000
1.979059,1920.000000
1.019087,1920.000000
1.820877,1920.000000
2.354863,1920.000000
3.877565,1920.000000
1.044097,1920.000000
1.308492,1920.000000
2.111743,1920.000000
1.574672,1920.000000
2.232085,1920.000000
3.460024,1920.000000
2.227213,1920.000000
2.178167,1920.000000
0.769309,1920.000000
0.870000,1920.000000
0.700937,1920.000000
3.084870,1920.000000
1.925303,1920.000000
2.154943,1920.000000
3.145122,1920.000000
2.678859,1920.000000
3.466195,1920.000000
1.800901,1920.000000
3.109393,1920.000000
3.729453,1920.000000
5.994668,1920.000000
1.323595,1920.000000
2.407319,1920.000000
3.216417,1920.000000
2.705656,1920.000000
3.510207,1920.000000
5.576802,1920.000000
3.581990,1920.000000
3.392789,1920.000000
1.068620,1920.000000
1.698424,1920.000000
1.222742,1920.000000
9.120951,1920.000000
4.270421,1920.000000
3.574032,1920.000000
5.527593,1920.000000
4.454750,1920.000000
8.719650,1920.000000
3.978094,1920.000000
4.372574,1920.000000
5.054509,1920.000000
12.891654,1920.000000
2.044833,1920.000000
3.318570,1920.000000
12.211668,1920.000000
5.270020,1920.000000
8.728420,1920.000000
12.743704,1920.000000
7.117369,1920.000000
6.214564,1920.000000
2.866599,1920.000000
2.383608,1920.000000
2.191321,1920.000000
4.969897,1920.000000
2.762010,1920.000000
2.606752,1920.000000
4.269285,1920.000000
3.227623,1920.000000
5.380130,1920.000000
3.038260,1920.000000
3.616419,1920.000000
4.241838,1920.000000
9.498541,1920.000000
1.589613,1920.000000
2.600093,1920.000000
5.953093,1920.000000
4.950733,1920.000000
5.558937,1920.000000
7.208965,1920.000000
4.183698,1920.000000
4.398396,1920.000000
1.701997,1920.000000
1.925466,1920.000000
1.638497,1920.000000
8.469710,1920.000000
4.202861,1920.000000
3.399122,1920.000000
5.801732,1920.000000
4.406191,1920.000000
9.171946,1920.000000
4.544560,1920.000000
4.360718,1920.000000
6.037218,1920.000000
12.594617,1920.000000
2.143412,1920.000000
3.264976,1920.000000
9.235446,1920.000000
5.976479,1920.000000
11.378371,1920.000000
11.398834,1920.000000
6.162269,1920.000000
5.988009,1920.000000
3.045731,1920.000000
2.631600,1920.000000
2.650438,1920.000000
10.541989,1920.000000
6.295278,1920.000000
5.707050,1920.000000
8.005883,1920.000000
7.133122,1920.000000
11.323803,1920.000000
5.299902,1920.000000
6.648021,1920.000000
8.014491,1920.000000
18.091353,1920.000000
3.295184,1920.000000
5.224547,1920.000000
12.419708,1920.000000
7.264183,1920.000000
11.220514,1920.000000
19.035572,1920.000000
9.824162,1920.000000
8.827811,1920.000000
4.009925,1920.000000
3.762421,1920.000000
3.565912,1920.000000
6.692844,1920.000000
3.101922,1920.000000
3.068305,1920.000000
5.464093,1920.000000
3.895105,1920.000000
6.366574,1920.000000
2.873257,1920.000000
4.213093,1920.000000
5.343589,1920.000000
9.865575,1920.000000
2.110606,1920.000000
3.212682,1920.000000
6.726137,1920.000000
4.187108,1920.000000
6.398080,1920.000000
9.986241,1920.000000
6.772098,1920.000000
5.367463,1920.000000
2.034764,1920.000000
2.220879,1920.000000
1.990590,1920.000000
6.428937,1920.000000
3.064732,1920.000000
3.495428,1920.000000
5.292107,1920.000000
4.507369,1920.000000
6.885618,1920.000000
2.988239,1920.000000
4.561288,1920.000000
5.262549,1920.000000
10.495054,1920.000000
2.261967,1920.000000
3.545773,1920.000000
5.989146,1920.000000
4.292833,1920.000000
6.084315,1920.000000
8.618472,1920.000000
5.323126,1920.000000
6.203033,1920.000000
1.967691,1920.000000
2.339434,1920.000000
1.736752,1920.000000
2.211135,1920.000000
1.494769,1920.000000
1.155182,1920.000000
1.695176,1920.000000
1.501103,1920.000000
2.539354,1920.000000
1.191723,1920.000000
1.442150,1920.000000
1.849785,1920.000000
4.136113,1920.000000
0.814133,1920.000000
1.170123,1920.000000
2.861239,1920.000000
1.880317,1920.000000
2.977358,1920.000000
3.693724,1920.000000
2.230461,1920.000000
1.769070,1920.000000
1.200493,1920.000000
0.881531,1920.000000
0.923593,1920.000000
2.256283,1920.000000
1.965742,1920.000000
1.658148,1920.000000
2.309714,1920.000000
2.166798,1920.000000
2.532046,1920.000000
1.448322,1920.000000
2.144224,1920.000000
2.590186,1920.000000
4.366078,1920.000000
0.928628,1920.000000
1.757377,1920.000000
2.336511,1920.000000
1.886164,1920.000000
2.531558,1920.000000
3.621616,1920.000000
2.208861,1920.000000
2.383283,1920.000000
0.810885,1920.000000
1.519780,1920.000000
0.874710,1920.000000
1.815518,1920.000000
1.452707,1920.000000
0.875197,1920.000000
1.451245,1920.000000
1.578245,1920.000000
2.171670,1920.000000
1.258796,1920.000000
1.632326,1920.000000
1.866675,1920.000000
3.859214,1920.000000
0.771420,1920.000000
1.190099,1920.000000
2.292012,1920.000000
1.840041,1920.000000
2.563390,1920.000000
3.416337,1920.000000
1.968178,1920.000000
1.653601,1920.000000
0.984008,1920.000000
0.874872,1920.000000
1.882753,1920.000000
9.945265,1920.000000
3.686638,1920.000000
3.609978,1920.000000
5.995516,1920.000000
4.136525,1920.000000
9.017231,1920.000000
3.598934,1920.000000
4.358382,1920.000000
5.128063,1920.000000
11.500217,1920.000000
2.165630,1920.000000
3.390881,1920.000000
8.857578,1920.000000
5.185882,1920.000000
8.623864,1920.000000
11.019309,1920.000000
6.638839,1920.000000
6.374591,1920.000000
2.424193,1920.000000
2.350294,1920.000000
1.881405,1920.000000
3.796429,1920.000000
3.452436,1920.000000
1.840152,1920.000000
2.594565,1920.000000
2.694612,1920.000000
4.177940,1920.000000
2.193240,1920.000000
2.467070,1920.000000
2.773221,1920.000000
6.518815,1920.000000
1.056341,1920.000000
1.928505,1920.000000
4.175991,1920.000000
2.625586,1920.000000
3.882671,1920.000000
6.171736,1920.000000
3.293271,1920.000000
3.236263,1920.000000
1.524419,1920.000000
1.514674,1920.000000
1.453931,1920.000000
3.746893,1920.000000
1.716717,1920.000000
2.755355,1920.000000
3.778564,1920.000000
2.465284,1920.000000
4.124831,1920.000000
1.943934,1920.000000
2.825356,1920.000000
3.617449,1920.000000
5.858926,1920.000000
1.135762,1920.000000
2.132335,1920.000000
3.542251,1920.000000
2.733267,1920.000000
3.760049,1920.000000
5.317438,1920.000000
3.284338,1920.000000
3.562716,1920.000000
1.053093,1920.000000
1.549593,1920.000000
0.856734,1920.000000
6.097350,1920.000000
2.577674,1920.000000
3.861070,1920.000000
7.092299,1920.000000
3.554757,1920.000000
6.386285,1920.000000
2.782641,1920.000000
3.784411,1920.000000
6.480647,1920.000000
9.075537,1920.000000
1.776648,1920.000000
3.148072,1920.000000
5.479527,1920.000000
4.579428,1920.000000
6.626658,1920.000000
7.996133,1920.000000
4.675415,1920.000000
5.141218,1920.000000
1.615695,1920.000000
2.359877,1920.000000
1.378246,1920.000000
4.093160,1920.000000
2.782316,1920.000000
2.534797,1920.000000
3.588377,1920.000000
5.053352,1920.000000
4.358057,1920.000000
2.541943,1920.000000
3.913692,1920.000000
4.171444,1920.000000
8.817136,1920.000000
1.607412,1920.000000
2.765262,1920.000000
4.471260,1920.000000
3.099511,1920.000000
4.239658,1920.000000
7.129004,1920.000000
4.048496,1920.000000
4.335157,1920.000000
1.473746,1920.000000
2.243751,1920.000000
1.728736,1920.000000
9.174610,1920.000000
4.212210,1920.000000
4.188822,1920.000000
6.251968,1920.000000
5.039872,1920.000000
11.820498,1920.000000
3.990677,1920.000000
4.451608,1920.000000
5.286741,1920.000000
12.065743,1920.000000
2.152474,1920.000000
3.303178,1920.000000
8.879503,1920.000000
5.356092,1920.000000
9.599323,1920.000000
11.254810,1920.000000
6.112455,1920.000000
6.717285,1920.000000
2.809601,1920.000000
2.657582,1920.000000
2.321385,1920.000000
3.416543,1920.000000
2.065745,1920.000000
1.936301,1920.000000
3.244871,1920.000000
2.301570,1920.000000
3.907683,1920.000000
2.378392,1920.000000
2.645563,1920.000000
2.657257,1920.000000
6.378976,1920.000000
0.935018,1920.000000
1.827808,1920.000000
4.118984,1920.000000
2.917120,1920.000000
3.727241,1920.000000
5.187344,1920.000000
3.359698,1920.000000
3.189001,1920.000000
1.184648,1920.000000
1.373374,1920.000000
1.190658,1920.000000
4.442026,1920.000000
2.508811,1920.000000
2.783128,1920.000000
3.805200,1920.000000
4.103717,1920.000000
4.627990,1920.000000
2.471455,1920.000000
4.325250,1920.000000
4.615321,1920.000000
8.565557,1920.000000
1.873447,1920.000000
3.068814,1920.000000
4.256386,1920.000000
3.305939,1920.000000
4.353023,1920.000000
6.945314,1920.000000
4.309171,1920.000000
4.546133,1920.000000
1.446947,1920.000000
2.344935,1920.000000
1.583213,1920.000000
5.220801,1920.000000
2.714264,1920.000000
3.442204,1920.000000
5.993567,1920.000000
4.168033,1920.000000
5.529875,1920.000000
2.665540,1920.000000
4.724464,1920.000000
8.438874,1920.000000
9.807538,1920.000000
2.090757,1920.000000
3.694271,1920.000000
5.141705,1920.000000
4.389728,1920.000000
6.285426,1920.000000
8.390962,1920.000000
5.249548,1920.000000
5.208458,1920.000000
1.788991,1920.000000
2.360526,1920.000000
1.913076,1920.000000
11.693490,1920.000000
6.335936,1920.000000
5.947117,1920.000000
9.230155,1920.000000
8.554513,1920.000000
11.777945,1920.000000
6.447840,1920.000000
8.467946,1920.000000
9.547513,1920.000000
22.563703,1920.000000
4.140747,1920.000000
6.196910,1920.000000
12.641014,1920.000000
8.885188,1920.000000
11.643304,1920.000000
17.786942,1920.000000
9.977098,1920.000000
10.616035,1920.000000
4.034204,1920.000000
4.610936,1920.000000
4.014552,1920.000000
2.136882,1920.000000
1.105553,1920.000000
1.190983,1920.000000
1.869224,1920.000000
1.628201,1920.000000
2.120154,1920.000000
1.048870,1920.000000
1.796625,1920.000000
2.170989,1920.000000
3.981906,1920.000000
1.097107,1920.000000
1.290380,1920.000000
2.053077,1920.000000
1.490637,1920.000000
2.202173,1920.000000
3.374153,1920.000000
2.136720,1920.000000
2.070942,1920.000000
0.768056,1920.000000
0.914067,1920.000000
0.744344,1920.000000
3.093501,1920.000000
1.802634,1920.000000
2.161244,1920.000000
3.047051,1920.000000
2.710529,1920.000000
3.601695,1920.000000
1.760082,1920.000000
3.331276,1920.000000
3.837845,1920.000000
6.240274,1920.000000
1.241006,1920.000000
2.706144,1920.000000
3.167725,1920.000000
2.628510,1920.000000
3.547124,1920.000000
5.411313,1920.000000
3.291484,1920.000000
3.335173,1920.000000
1.059914,1920.000000
1.724188,1920.000000
1.096295,1920.000000
8.904190,1920.000000
4.629776,1920.000000
3.434084,1920.000000
5.298435,1920.000000
4.576829,1920.000000
8.510986,1920.000000
4.018450,1920.000000
4.302349,1920.000000
5.226486,1920.000000
12.698996,1920.000000
2.106998,1920.000000
3.145961,1920.000000
12.226208,1920.000000
5.560571,1920.000000
9.058809,1920.000000
12.537719,1920.000000
6.789721,1920.000000
6.352178,1920.000000
2.775170,1920.000000
2.548440,1920.000000
2.357278,1920.000000
5.140569,1920.000000
2.535934,1920.000000
2.823244,1920.000000
4.803884,1920.000000
3.134917,1920.000000
5.556998,1920.000000
3.086680,1920.000000
3.355150,1920.000000
4.635948,1920.000000
8.720987,1920.000000
1.578503,1920.000000
2.693963,1920.000000
5.647788,1920.000000
4.870474,1920.000000
5.832615,1920.000000
7.231325,1920.000000
4.189796,1920.000000
4.342953,1920.000000
1.738643,1920.000000
1.833005,1920.000000
1.570707,1920.000000
8.529663,1920.000000
4.124831,1920.000000
3.750304,1920.000000
6.284938,1920.000000
4.437965,1920.000000
9.585193,1920.000000
3.737798,1920.000000
4.404508,1920.000000
6.110343,1920.000000
12.046416,1920.000000
2.288415,1920.000000
3.450650,1920.000000
8.990920,1920.000000
5.953776,1920.000000
11.195041,1920.000000
11.379544,1920.000000
6.661577,1920.000000
6.034171,1920.000000
2.906725,1920.000000
2.364262,1920.000000
2.633057,1920.000000
10.366567,1920.000000
6.026213,1920.000000
5.263678,1920.000000
8.126552,1920.000000
6.996962,1920.000000
11.155899,1920.000000
5.243702,1920.000000
6.977472,1920.000000
8.280033,1920.000000
17.524968,1920.000000
3.191112,1920.000000
5.499016,1920.000000
12.900064,1920.000000
7.779798,1920.000000
11.538547,1920.000000
18.760939,1920.000000
9.836122,1920.000000
8.609571,1920.000000
3.932208,1920.000000
3.875363,1920.000000
3.630442,1920.000000
6.206817,1920.000000
3.291484,1920.000000
3.204593,1920.000000
4.671029,1920.000000
4.025921,1920.000000
6.343407,1920.000000
3.196959,1920.000000
4.410842,1920.000000
5.557810,1920.000000
9.907747,1920.000000
2.092056,1920.000000
3.383573,1920.000000
6.825777,1920.000000
4.521284,1920.000000
6.626982,1920.000000
9.988954,1920.000000
6.207467,1920.000000
5.074304,1920.000000
2.111058,1920.000000
2.298484,1920.000000
1.948157,1920.000000
6.861508,1920.000000
3.366682,1920.000000
3.392018,1920.000000
5.124814,1920.000000
4.329310,1920.000000
6.732714,1920.000000
3.134430,1920.000000
4.568059,1920.000000
5.111984,1920.000000
10.623019,1920.000000
2.155560,1920.000000
3.338584,1920.000000
6.148023,1920.000000
4.294229,1920.000000
5.796072,1920.000000
8.627112,1920.000000
5.397995,1920.000000
6.271620,1920.000000
1.919410,1920.000000
2.414935,1920.000000
1.737181,1920.000000
2.331942,1920.000000
1.567134,1920.000000
1.092560,1920.000000
1.771288,1920.000000
1.508177,1920.000000
2.807977,1920.000000
1.142258,1920.000000
1.404882,1920.000000
1.725487,1920.000000
4.033879,1920.000000
0.767569,1920.000000
1.120008,1920.000000
2.711016,1920.000000
1.698039,1920.000000
2.934498,1920.000000
3.745431,1920.000000
2.202010,1920.000000
1.991684,1920.000000
1.301587,1920.000000
0.811258,1920.000000
0.951584,1920.000000
2.338276,1920.000000
1.405694,1920.000000
1.661983,1920.000000
2.286790,1920.000000
2.141917,1920.000000
2.566143,1920.000000
1.391889,1920.000000
2.479414,1920.000000
2.627373,1920.000000
4.436666,1920.000000
0.946712,1920.000000
1.792889,1920.000000
2.343311,1920.000000
1.851196,1920.000000
2.355167,1920.000000
3.750791,1920.000000
2.314726,1920.000000
2.431014,1920.000000
0.788358,1920.000000
1.561612,1920.000000
0.825551,1920.000000
1.860291,1920.000000
1.490961,1920.000000
0.858846,1920.000000
1.509477,1920.000000
1.662308,1920.000000
2.343635,1920.000000
1.220055,1920.000000
1.588572,1920.000000
2.006301,1920.000000
3.828100,1920.000000
0.712835,1920.000000
1.158662,1920.000000
2.217764,1920.000000
1.598480,1920.000000
2.581410,1920.000000
3.455035,1920.000000
1.931104,1920.000000
1.771288,1920.000000
0.938104,1920.000000
0.808660,1920.000000
1.853794,1920.000000
10.593317,1920.000000
3.682054,1920.000000
3.704957,1920.000000
5.888461,1920.000000
4.171284,1920.000000
9.428392,1920.000000
3.486655,1920.000000
4.219525,1920.000000
5.148769,1920.000000
11.737777,1920.000000
2.070942,1920.000000
3.228234,1920.000000
8.822702,1920.000000
5.097929,1920.000000
8.584747,1920.000000
10.800087,1920.000000
6.388736,1920.000000
6.283970,1920.000000
2.439651,1920.000000
2.320105,1920.000000
1.798390,1920.000000
3.628454,1920.000000
2.701646,1920.000000
1.841433,1920.000000
2.602890,1920.000000
3.281672,1920.000000
4.655154,1920.000000
2.076790,1920.000000
2.604677,1920.000000
2.762881,1920.000000
6.194473,1920.000000
1.107264,1920.000000
1.865310,1920.000000
4.131652,1920.000000
2.590384,1920.000000
4.298464,1920.000000
6.030422,1920.000000
3.308310,1920.000000
3.081725,1920.000000
1.649770,1920.000000
1.460542,1920.000000
1.499037,1920.000000
3.787307,1920.000000
1.784746,1920.000000
2.619620,1920.000000
3.838634,1920.000000
2.397096,1920.000000
3.884114,1920.000000
1.954970,1920.000000
2.735756,1920.000000
3.505009,1920.000000
6.170109,1920.000000
1.176620,1920.000000
2.186103,1920.000000
3.729483,1920.000000
2.941388,1920.000000
3.811996,1920.000000
5.307135,1920.000000
2.958768,1920.000000
3.428344,1920.000000
1.048141,1920.000000
1.660490,1920.000000
0.838772,1920.000000
6.105951,1920.000000
2.828664,1920.000000
3.716651,1920.000000
7.078400,1920.000000
3.444424,1920.000000
6.111960,1920.000000
2.839709,1920.000000
3.888012,1920.000000
6.195123,1920.000000
9.195634,1920.000000
1.931905,1920.000000
3.327477,1920.000000
5.453319,1920.000000
4.759757,1920.000000
6.327501,1920.000000
8.031196,1920.000000
4.751960,1920.000000
5.160301,1920.000000
1.629954,1920.000000
2.254160,1920.000000
1.441701,1920.000000
4.022826,1920.000000
2.754110,1920.000000
2.530123,1920.000000
3.525800,1920.000000
4.883526,1920.000000
4.556886,1920.000000
2.271702,1920.000000
3.747188,1920.000000
4.252498,1920.000000
8.886698,1920.000000
1.586748,1920.000000
2.657953,1920.000000
4.454232,1920.000000
3.047778,1920.000000
4.327701,1920.000000
7.507207,1920.000000
3.993427,1920.000000
4.422721,1920.000000
1.556049,1920.000000
2.258058,1920.000000
1.750799,1920.000000
9.141871,1920.000000
4.471287,1920.000000
4.074153,1920.000000
6.251647,1920.000000
4.654504,1920.000000
11.098303,1920.000000
3.929755,1920.000000
4.389423,1920.000000
5.356838,1920.000000
12.041515,1920.000000
2.082312,1920.000000
3.451084,1920.000000
9.006732,1920.000000
5.382826,1920.000000
9.388110,1920.000000
11.829873,1920.000000
6.331399,1920.000000
6.826476,1920.000000
2.676307,1920.000000
2.919623,1920.000000
2.347880,1920.000000
3.475935,1920.000000
2.109925,1920.000000
1.795304,1920.000000
2.705219,1920.000000
2.350966,1920.000000
3.901493,1920.000000
3.276475,1920.000000
2.389949,1920.000000
3.132564,1920.000000
6.220949,1920.000000
1.037096,1920.000000
1.798390,1920.000000
4.180543,1920.000000
2.938302,1920.000000
3.882489,1920.000000
5.133014,1920.000000
2.791955,1920.000000
3.025688,1920.000000
1.212517,1920.000000
1.409865,1920.000000
1.178569,1920.000000
4.124505,1920.000000
2.605489,1920.000000
2.815182,1920.000000
3.979296,1920.000000
3.854714,1920.000000
4.488341,1920.000000
2.374681,1920.000000
4.458292,1920.000000
4.672858,1920.000000
8.526760,1920.000000
1.832662,1920.000000
3.157741,1920.000000
4.249412,1920.000000
3.313995,1920.000000
4.418011,1920.000000
6.910451,1920.000000
4.539993,1920.000000
4.579950,1920.000000
1.564171,1920.000000
2.183179,1920.000000
1.635638,1920.000000
5.120019,1920.000000
3.369708,1920.000000
3.422984,1920.000000
6.089058,1920.000000
4.142859,1920.000000
5.351965,1920.000000
2.717239,1920.000000
4.732956,1920.000000
8.132388,1920.000000
9.584484,1920.000000
2.101479,1920.000000
3.665162,1920.000000
5.126679,1920.000000
4.673021,1920.000000
6.144933,1920.000000
8.401692,1920.000000
5.139186,1920.000000
5.084286,1920.000000
1.804400,1920.000000
2.441925,1920.000000
1.915338,1920.000000
11.308808,1920.000000
6.345693,1920.000000
6.187976,1920.000000
9.168671,1920.000000
8.822215,1920.000000
12.205729,1920.000000
6.239628,1920.000000
8.587995,1920.000000
9.778747,1920.000000
22.416369,1920.000000
3.945998,1920.000000
6.215426,1920.000000
12.887922,1920.000000
8.915286,1920.000000
11.854887,1920.000000
17.024609,1920.000000
9.890984,1920.000000
10.712214,1920.000000
4.025912,1920.000000
4.646870,1920.000000
3.935603,1920.000000
2.113661,1920.000000
1.104015,1920.000000
1.212679,1920.000000
1.878304,1920.000000
1.580088,1920.000000
2.185129,1920.000000
1.074291,1920.000000
1.837373,1920.000000
2.154105,1920.000000
3.855526,1920.000000
1.015168,1920.000000
1.393460,1920.000000
2.047066,1920.000000
1.640024,1920.000000
2.285833,1920.000000
3.247400,1920.000000
2.123244,1920.000000
2.014580,1920.000000
0.781273,1920.000000
0.925996,1920.000000
0.722800,1920.000000
3.219788,1920.000000
1.858651,1920.000000
1.979659,1920.000000
3.082212,1920.000000
2.923683,1920.000000
3.266729,1920.000000
1.859463,1920.000000
3.041930,1920.000000
3.718113,1920.000000
6.105138,1920.000000
1.306237,1920.000000
2.517291,1920.000000
3.392935,1920.000000
2.666237,1920.000000
3.374418,1920.000000
5.545740,1920.000000
3.300676,1920.000000
3.643234,1920.000000
1.102716,1920.000000
1.732607,1920.000000
1.158266,1920.000000
9.137323,1920.000000
4.039881,1920.000000
3.755959,1920.000000
5.770052,1920.000000
4.450496,1920.000000
9.117507,1920.000000
4.008695,1920.000000
4.337934,1920.000000
5.547689,1920.000000
12.499234,1920.000000
2.094494,1920.000000
3.409502,1920.000000
11.404315,1920.000000
5.681367,1920.000000
9.201157,1920.000000
12.502808,1920.000000
6.795940,1920.000000
6.000211,1920.000000
2.642523,1920.000000
2.360874,1920.000000
2.307274,1920.000000
5.056348,1920.000000
2.587947,1920.000000
2.934891,1920.000000
4.776812,1920.000000
3.200296,1920.000000
5.457380,1920.000000
2.837597,1920.000000
3.558610,1920.000000
4.541780,1920.000000
8.879064,1920.000000
1.607376,1920.000000
2.665750,1920.000000
5.524787,1920.000000
4.819043,1920.000000
5.533071,1920.000000
7.343481,1920.000000
4.546815,1920.000000
4.196460,1920.000000
1.674296,1920.000000
1.884314,1920.000000
1.701259,1920.000000
8.587346,1920.000000
4.295866,1920.000000
3.650219,1920.000000
6.346830,1920.000000
4.278973,1920.000000
9.645394,1920.000000
3.798027,1920.000000
4.670097,1920.000000
6.166536,1920.000000
12.027384,1920.000000
2.200072,1920.000000
3.564295,1920.000000
9.197421,1920.000000
5.597717,1920.000000
10.999872,1920.000000
11.531820,1920.000000
6.527286,1920.000000
6.050238,1920.000000
2.796178,1920.000000
2.432017,1920.000000
2.511282,1920.000000
10.863108,1920.000000
5.849803,1920.000000
5.280172,1920.000000
7.824752,1920.000000
6.934328,1920.000000
11.203068,1920.000000
5.304212,1920.000000
6.937414,1920.000000
8.491027,1920.000000
17.397541,1920.000000
3.325690,1920.000000
5.390947,1920.000000
12.400479,1920.000000
7.509319,1920.000000
11.586070,1920.000000
18.735938,1920.000000
10.152328,1920.000000
8.921295,1920.000000
4.001223,1920.000000
3.852278,1920.000000
3.561046,1920.000000
6.256033,1920.000000
3.290443,1920.000000
3.035271,1920.000000
4.724835,1920.000000
4.015517,1920.000000
6.034483,1920.000000
3.052975,1920.000000
4.599929,1920.000000
5.335398,1920.000000
10.187575,1920.000000
2.161252,1920.000000
3.424445,1920.000000
7.041529,1920.000000
4.270527,1920.000000
6.497724,1920.000000
9.790441,1920.000000
6.435190,1920.000000
5.206431,1920.000000
2.192275,1920.000000
2.314258,1920.000000
2.031635,1920.000000
6.296965,1920.000000
3.280535,1920.000000
3.670035,1920.000000
5.222511,1920.000000
4.326077,1920.000000
6.816730,1920.000000
3.004410,1920.000000
4.537882,1920.000000
5.061871,1920.000000
10.992238,1920.000000
2.106189,1920.000000
3.264455,1920.000000
6.288518,1920.000000
4.249736,1920.000000
5.947259,1920.000000
8.602289,1920.000000
5.513580,1920.000000
6.119919,1920.000000
1.903805,1920.000000
2.381340,1920.000000
1.761194,1920.000000
2.382477,1920.000000
1.557674,1920.000000
1.111974,1920.000000
1.711329,1920.000000
1.515930,1920.000000
2.666724,1920.000000
1.270016,1920.000000
1.486855,1920.000000
1.749012,1920.000000
4.001548,1920.000000
0.733032,1920.000000
1.117659,1920.000000
2.689626,1920.000000
1.745277,1920.000000
2.835323,1920.000000
3.797865,1920.000000
2.196498,1920.000000
2.143547,1920.000000
1.167199,1920.000000
0.771365,1920.000000
0.970500,1920.000000
2.130553,1920.000000
1.500499,1920.000000
1.591134,1920.000000
2.370295,1920.000000
2.290056,1920.000000
2.563908,1920.000000
1.468501,1920.000000
2.303700,1920.000000
2.573166,1920.000000
4.401443,1920.000000
0.941751,1920.000000
1.617934,1920.000000
2.435916,1920.000000
1.864498,1920.000000
2.473111,1920.000000
3.725747,1920.000000
2.236780,1920.000000
2.544904,1920.000000
0.814571,1920.000000
1.554912,1920.000000
0.893510,1920.000000
1.852478,1920.000000
1.392810,1920.000000
0.836336,1920.000000
1.495789,1920.000000
1.783447,1920.000000
2.263581,1920.000000
1.176458,1920.000000
1.637263,1920.000000
1.928169,1920.000000
3.869820,1920.000000
0.750412,1920.000000
1.174833,1920.000000
2.225573,1920.000000
1.580088,1920.000000
2.451509,1920.000000
3.639824,1920.000000
2.005160,1920.000000
1.781823,1920.000000
0.893835,1920.000000
0.830326,1920.000000
1.823404,1920.000000
119.880336,1920.000000
63.369837,1920.000000
61.757757,1920.000000
96.461733,1920.000000
79.012178,1920.000000
127.652960,1920.000000
59.950317,1920.000000
80.298659,1920.000000
99.337455,1920.000000
195.135338,1920.000000
37.196422,1920.000000
60.808227,1920.000000
127.064066,1920.000000
85.330000,1920.000000
126.876650,1920.000000
175.531373,1920.000000
101.903645,1920.000000
101.356989,1920.000000
39.621318,1920.000000
44.305610,1920.000000
37.408800,1920.000000
