2,20,0,2,134709851,0.987308
3,3,2,2,2,0.658577
3,1,20,0,3,0.370184
3,11,2,0,2,0.322197
3,7,19,0,0,0.241066
2,3,1,0,0,0.221432
3,18,14,0,3,0.203141
0,3,0,0,3,0.154549
3,6,20,0,1,0.151086
2,14,1,0,1,0.154407
0,0,1,0,1,0.143564
3,1,1,0,2,0.143518
3,3,2,0,0,0.132917
2,20,2,0,0,0.135898
0,3,2,0,0,0.149043
3,8,10,2,0,0.125148
0,3,2,2,0,0.123624
3,19,11,3,3,0.109735
2,9,3,3,3,0.104905
0,2,3,3,3,0.098026
3,1,1,3,0,0.089177
2,20,1,2,0,0.112968
0,3,2,3,0,0.109368
2,14,1,2,0,0.102641
2,8,1,2,0,0.081166
3,18,4,2,3,0.090536
2,3,1,2,3,0.091488
0,3,1,2,3,0.087196
2,17,1,2,3,0.071875
0,0,3,3,3,0.067644
3,2,3,0,2,0.069977
3,3,2,0,2,0.199580
3,3,2,2,2,0.213847
3,7,19,2,0,0.070910
2,19,1,2,0,0.069502
0,2,1,2,0,0.066786
3,19,7,1,0,0.062375
3,11,2,0,0,0.069079
3,3,2,0,0,0.081988
2,20,2,2,0,0.069477
3,6,6,0,1,0.073330
3,3,11,1,0,0.063851
0,1,3,1,0,0.062868
0,1,3,0,0,0.059378
2,16,2,2,0,0.058371
3,8,2,0,0,0.058013
0,2,2,2,0,0.056308
0,3,2,0,0,0.057062
2,18,3,1,0,0.048542
2,20,2,0,0,0.052409
0,2,2,3,0,0.057854
3,11,10,2,0,0.053940
0,2,3,1,0,0.054438
3,11,2,3,0,0.058503
0,3,2,3,0,0.045886
3,2,2,2,2,0.043965
2,12,3,1,2,0.041486
3,7,19,0,0,0.048936
2,9,3,1,0,0.041520
3,2,3,2,2,0.047838
0,3,2,1,2,0.053159
0,3,3,2,2,0.047793
0,2,1,0,2,0.040648
0,3,2,2,2,0.046045
2,0,3,2,2,0.050313
0,1,1,1,2,0.046571
2,1,1,0,2,0.039029
2,3,0,3,2,0.037677
3,8,8,0,3,0.039935
2,20,1,0,3,0.035794
3,1,4,3,3,0.054804
2,4,0,2,3,0.046433
0,1,0,3,3,0.043346
0,2,0,0,3,0.037434
0,3,0,2,3,0.039582
0,0,3,1,3,0.040184
0,3,0,2,3,0.040784
0,0,1,0,3,0.035970
2,10,2,0,3,0.034985
3,6,6,3,3,0.034573
2,20,2,0,3,0.039114
0,2,3,3,3,0.047207
0,0,2,0,3,0.033300
2,1,3,1,3,0.032747
2,11,3,1,3,0.036599
2,0,2,3,3,0.032976
3,7,7,3,3,0.035035
3,18,4,1,2,0.031376
0,3,3,1,2,0.032997
0,0,2,3,2,0.031956
0,1,1,2,2,0.032735
0,3,1,0,2,0.030260
3,11,19,3,0,0.029314
3,11,19,2,1,0.030937
2,20,2,0,1,0.036632
3,19,11,3,3,0.039648
0,3,2,0,3,0.035967
0,1,2,3,3,0.028645
0,0,2,2,3,0.031823
3,2,3,2,2,0.026180
2,14,3,2,2,0.033553
2,9,3,0,2,0.029467
3,7,19,2,0,0.028257
0,2,3,2,0,0.028229
3,2,2,0,1,0.027552
2,20,0,2,1,0.032590
2,1,3,2,1,0.031298
2,4,0,2,1,0.029777
3,19,7,2,0,0.028745
0,3,1,2,0,0.026580
3,10,13,0,3,0.026450
3,1,2,3,2,0.028355
2,13,3,3,2,0.026724
3,5,5,0,2,0.024091
0,0,3,0,2,0.023333
0,2,3,3,2,0.024431
3,2,3,2,1,0.023917
3,3,3,1,0,0.026243
0,0,2,1,0,0.026072
2,0,0,0,0,0.022332
3,1,4,2,3,0.027441
0,3,0,0,3,0.025228
0,2,1,1,3,0.022164
3,19,11,2,3,0.022004
2,11,3,2,3,0.020793
2,14,1,3,3,0.019960
2,12,2,2,3,0.022647
2,8,1,3,3,0.018563
0,3,2,2,3,0.022130
2,20,3,2,3,0.026759
2,8,3,2,3,0.026885
2,18,3,2,3,0.022656
2,12,3,2,3,0.027091
2,14,3,2,3,0.022473
0,2,3,2,3,0.024872
2,6,3,2,3,0.023813
2,1,1,3,3,0.022746
2,1,3,2,3,0.024329
0,1,3,2,3,0.019230
2,1,1,3,3,0.021802
2,10,0,2,3,0.025016
0,2,1,3,3,0.019848
2,18,3,3,3,0.017676
2,16,0,1,3,0.017432
2,18,0,2,3,0.023407
2,3,2,2,3,0.021618
2,20,0,2,3,0.023528
2,1,2,2,3,0.023214
2,4,0,2,3,0.023326
2,19,0,1,3,0.020649
3,2,2,2,1,0.022664
0,1,0,1,1,0.018464
2,12,0,2,1,0.016403
0,2,0,0,1,0.019230
0,0,0,2,1,0.018335
0,2,0,1,1,0.017366
0,3,3,3,1,0.015150
0,1,1,3,1,0.015409
0,2,2,3,1,0.017888
0,1,1,1,1,0.021280
0,1,0,1,1,0.017083
2,20,3,0,1,0.016380
0,3,2,2,1,0.021609
2,0,1,3,1,0.019892
0,3,2,3,1,0.018162
2,4,1,3,1,0.020217
0,1,3,2,1,0.019185
2,9,1,2,1,0.018046
2,9,0,1,1,0.015589
3,13,10,1,2,0.015553
2,10,0,1,2,0.019279
2,5,3,2,2,0.016521
0,0,0,1,2,0.015395
3,19,11,0,3,0.015922
0,3,0,0,3,0.015358
0,3,0,2,3,0.016480
0,1,3,3,3,0.014962
0,3,0,0,3,0.014842
0,1,3,1,3,0.014089
2,17,2,3,3,0.013620
2,17,2,3,3,0.013304
0,1,2,3,3,0.015350
3,2,3,2,2,0.016169
2,13,1,2,2,0.019239
2,18,1,3,2,0.019081
2,3,3,2,2,0.020440
2,20,1,3,2,0.018030
2,1,1,2,2,0.019001
3,1,4,3,3,0.018962
2,11,1,2,3,0.017096
2,5,1,2,3,0.014104
0,0,3,2,3,0.016490
2,18,1,0,3,0.016534
2,1,1,2,3,0.018701
2,14,1,0,3,0.017735
0,3,1,2,3,0.016657
0,3,1,2,3,0.020720
2,18,1,2,3,0.015555
2,9,3,0,3,0.015079
0,3,1,2,3,0.013549
2,18,1,0,3,0.017752
0,0,3,3,3,0.018073
2,17,1,3,3,0.015946
3,5,5,2,2,0.015710
0,3,1,3,2,0.014407
2,12,2,3,2,0.015315
2,3,1,0,2,0.015915
2,3,2,1,2,0.016409
2,3,2,1,2,0.017966
3,1,4,1,3,0.013617
0,0,1,1,3,0.013199
2,2,2,3,3,0.012355
2,15,3,0,3,0.013281
0,0,2,3,3,0.016229
2,18,3,0,3,0.014394
2,13,3,2,3,0.017438
2,20,2,3,3,0.016765
3,1,4,2,3,0.016987
2,18,3,0,3,0.014314
0,2,3,2,3,0.016198
0,2,3,2,3,0.014988
0,2,3,0,3,0.013703
2,16,0,2,3,0.014644
2,15,3,1,3,0.014205
3,18,4,1,1,0.014242
0,1,0,2,1,0.016607
2,8,3,1,1,0.014407
3,18,4,1,3,0.013806
3,18,4,1,1,0.015840
2,0,3,3,1,0.016021
0,0,2,3,1,0.015581
2,17,3,3,1,0.015136
2,20,2,0,1,0.015167
0,2,1,2,1,0.014823
0,3,2,0,1,0.013531
0,3,2,0,1,0.015352
0,3,2,2,1,0.014918
0,3,2,2,1,0.013798
0,3,2,0,1,0.014074
0,3,1,1,1,0.012516
2,1,2,0,1,0.012568
2,3,2,0,1,0.012916
0,1,2,1,1,0.011428
0,0,2,0,1,0.013588
2,12,3,3,1,0.014330
2,14,3,1,1,0.013833
0,2,1,0,1,0.015692
3,19,7,1,0,0.015049
2,6,1,2,0,0.012242
0,1,3,0,0,0.012466
3,8,8,1,3,0.010818
0,1,1,2,3,0.012839
0,2,3,1,3,0.012607
0,2,3,1,3,0.013547
2,7,1,0,3,0.010628
2,8,1,0,3,0.012303
2,4,1,0,3,0.011883
0,1,1,0,3,0.015011
2,18,1,0,3,0.013773
2,1,2,3,3,0.014445
2,10,1,0,3,0.014281
0,3,2,3,3,0.012830
2,5,1,0,3,0.013959
2,2,2,0,3,0.012147
0,3,2,0,3,0.011260
0,3,2,2,3,0.011229
0,3,1,2,3,0.011359
0,3,1,2,3,0.013248
0,3,2,2,3,0.012972
3,1,4,0,3,0.012529
2,14,3,2,3,0.013376
2,14,1,0,3,0.012545
3,13,10,1,2,0.010583
3,19,11,0,3,0.010860
0,3,3,3,3,0.012517
2,14,1,0,3,0.013338
0,2,3,2,3,0.013120
0,0,1,0,3,0.013426
0,0,1,0,3,0.013095
0,0,1,3,3,0.013155
0,2,3,0,3,0.012212
0,2,2,1,3,0.010688
2,0,2,2,3,0.011026
0,2,2,2,3,0.012815
0,2,2,3,3,0.011525
2,20,1,3,3,0.013709
3,5,5,0,2,0.013296
0,2,2,0,2,0.011113
0,1,1,1,2,0.010971
3,18,4,1,1,0.011080
2,4,1,3,1,0.011896
2,5,1,2,1,0.011734
2,18,1,3,1,0.011892
2,1,2,2,1,0.013380
2,4,1,3,1,0.013277
0,3,2,2,1,0.012891
0,1,1,3,1,0.012541
0,3,3,2,1,0.010338
0,3,2,0,1,0.009928
0,3,2,0,1,0.011338
0,3,1,3,1,0.013185
2,9,1,0,1,0.012407
2,14,1,3,1,0.010818
0,2,1,0,1,0.012168
2,18,3,1,1,0.012292
2,1,1,0,1,0.012500
2,0,3,1,1,0.012452
0,3,1,2,1,0.011021
2,8,1,2,1,0.010647
0,0,1,1,1,0.010592
0,2,1,2,1,0.009253
0,2,1,2,1,0.013395
0,0,1,0,1,0.011515
0,0,3,1,1,0.012121
0,3,3,0,1,0.010965
2,17,1,0,1,0.010729
2,14,2,3,1,0.009561
0,3,3,0,1,0.010476
2,15,3,0,1,0.009183
0,1,3,0,1,0.010579
3,11,19,0,0,0.008860
2,19,3,0,0,0.009600
0,3,3,1,0,0.011185
0,2,2,3,0,0.011325
2,12,2,3,0,0.011360
3,19,11,1,3,0.008839
0,2,2,1,3,0.009174
3,19,11,1,3,0.008910
0,0,2,3,3,0.009140
2,6,1,2,3,0.009128
0,1,3,2,3,0.010794
0,0,2,3,3,0.011852
0,0,3,2,3,0.011263
3,1,4,2,3,0.010788
2,1,1,0,3,0.011430
0,3,1,2,3,0.009239
0,3,1,2,3,0.009617
0,2,1,2,3,0.008556
2,1,3,2,3,0.008717
0,3,3,1,3,0.007911
0,3,3,1,3,0.009582
0,3,3,0,3,0.011171
0,0,1,0,3,0.009223
0,0,1,0,3,0.011065
0,0,1,3,3,0.010273
0,1,3,2,3,0.010229
0,1,3,2,3,0.009316
2,20,1,3,3,0.011547
3,19,11,3,3,0.011798
2,15,1,3,3,0.011156
2,17,2,1,3,0.008644
2,13,2,1,3,0.009961
2,14,1,3,3,0.011638
2,1,1,0,3,0.010940
2,18,2,2,3,0.011719
0,2,1,0,3,0.011493
0,0,2,2,3,0.011042
2,0,2,1,3,0.010392
3,11,19,3,0,0.010964
0,0,2,1,0,0.009653
0,2,0,0,0,0.009632
0,0,2,0,0,0.010100
0,2,3,3,0,0.008886
0,3,2,3,0,0.010517
0,3,2,3,0,0.010593
0,2,3,3,0,0.011515
0,2,3,2,0,0.010467
3,4,11,3,2,0.012411
3,4,11,0,2,0.012456
3,4,11,3,2,0.012214
0,2,3,0,2,0.009919
0,2,1,3,2,0.010822
2,1,0,0,2,0.009536
2,20,3,1,2,0.011134
0,3,1,1,2,0.010990
0,2,1,0,2,0.010384
3,4,11,3,2,0.010414
3,4,11,0,2,0.010771
0,0,0,3,2,0.011005
0,3,2,3,2,0.008432
2,14,2,2,2,0.010077
2,16,2,2,2,0.008638
2,16,1,1,2,0.009095
2,17,1,0,2,0.010897
2,14,2,3,2,0.011770
0,0,1,0,2,0.011130
0,0,1,0,2,0.010772
0,1,0,0,2,0.009974
0,3,2,3,2,0.011398
0,2,0,2,2,0.009470
0,3,2,0,2,0.008800
0,3,2,0,2,0.011500
0,3,2,2,2,0.008991
2,0,1,1,2,0.008636
2,7,2,3,2,0.008410
0,3,2,0,2,0.010481
0,3,2,0,2,0.010079
2,14,2,2,2,0.010729
2,8,1,0,2,0.010460
0,0,2,2,2,0.010155
0,0,1,0,2,0.010230
0,2,0,1,2,0.010057
2,9,3,1,2,0.007914
2,9,3,1,2,0.013144
2,9,3,2,2,0.009734
2,9,3,2,2,0.012566
2,9,2,3,2,0.009629
2,9,3,1,2,0.007973
2,10,3,2,2,0.008411
3,13,10,3,2,0.009151
3,13,10,3,3,0.007948
2,13,3,3,3,0.010931
2,18,0,2,3,0.010888
0,3,3,3,3,0.010601
2,20,3,2,3,0.009974
0,2,1,0,3,0.009751
2,4,3,2,3,0.010367
2,1,1,0,3,0.010404
0,2,3,2,3,0.010202
0,3,2,3,3,0.007920
0,3,0,2,3,0.008784
2,0,3,2,3,0.009529
2,18,1,3,3,0.010737
0,2,3,2,3,0.010739
0,3,2,3,3,0.009277
0,3,0,0,3,0.009169
2,14,1,0,3,0.009419
0,3,2,3,3,0.009473
2,14,1,0,3,0.009868
0,2,2,3,3,0.008212
0,2,3,1,3,0.008160
0,2,2,2,3,0.008148
0,3,1,2,3,0.008560
0,2,3,3,3,0.008057
2,20,3,1,3,0.009934
0,2,3,0,3,0.010707
2,4,1,3,3,0.009470
0,3,1,2,3,0.009955
0,2,0,1,3,0.008226
0,2,0,3,3,0.008912
0,3,1,3,3,0.009881
0,0,3,3,3,0.009366
0,0,3,3,3,0.009391
0,0,3,0,3,0.008668
0,0,3,0,3,0.009583
0,0,1,0,3,0.009843
0,2,0,2,3,0.008729
0,1,1,1,3,0.008403
2,17,3,1,3,0.007641
2,17,3,1,3,0.008512
0,0,1,0,3,0.009509
2,3,0,0,3,0.009605
2,3,3,1,3,0.008962
2,3,3,1,3,0.009135
0,3,2,0,3,0.007604
0,3,2,0,3,0.009337
0,3,3,1,3,0.007203
0,3,2,0,3,0.008272
0,3,2,0,3,0.008386
2,14,3,1,3,0.008475
2,12,1,0,3,0.009501
0,0,3,1,3,0.008063
2,0,1,0,3,0.009142
0,2,3,1,3,0.009151
2,19,3,1,3,0.008934
0,2,0,0,3,0.007250
0,1,0,0,3,0.008492
2,18,0,2,3,0.008389
2,12,1,0,3,0.009460
2,20,0,2,3,0.008733
0,1,1,0,3,0.009501
2,10,0,2,3,0.009497
0,2,3,1,3,0.009105
0,2,3,1,3,0.008410
0,1,1,2,3,0.008895
0,3,0,2,3,0.008295
0,3,0,0,3,0.008171
3,11,19,1,0,0.008466
3,19,7,0,0,0.007547
3,1,4,0,3,0.007153
2,1,2,0,3,0.007448
2,15,3,2,3,0.007708
2,15,2,0,3,0.008351
0,2,2,0,3,0.006912
2,3,3,3,3,0.007016
2,4,0,0,3,0.007118
2,5,0,0,3,0.008037
0,2,2,1,3,0.007497
0,1,3,3,3,0.006931
0,2,2,3,3,0.006917
2,12,2,0,3,0.006839
0,0,2,3,3,0.008736
0,0,2,3,3,0.007743
0,1,3,2,3,0.009120
2,20,3,1,3,0.009055
2,1,1,0,3,0.009224
2,18,3,1,3,0.009159
0,1,1,0,3,0.008959
2,6,3,1,3,0.009034
3,11,19,2,0,0.008731
1,0.300000
1,0.900000
0,0.300000
1,0.300000
0,0.300000
0,0.300000
0,0.300000
0,0.300000
0,0.300000
0,0.200000
0,0.300000
1,0.100000
1,0.100000
0,0.400000
1,0.200000
1,0.100000
1,0.100000
1,0.300000
1,0.300000
1,0.300000
1,0.200000
1,0.100000
1,0.300000
1,0.300000
1,0.400000
1,0.300000
1,0.400000
1,0.400000
1,0.300000
1,0.300000
0,0.200000
0,0.100000
1,0.600000
1,0.300000
1,0.300000
1,0.300000
1,0.100000
1,0.100000
1,0.100000
0,0.300000
1,0.100000
1,0.100000
1,0.100000
0,0.100000
0,0.300000
1,0.100000
0,0.300000
1,0.100000
1,0.300000
0,0.400000
1,0.500000
0,0.100000
1,0.400000
1,0.100000
1,0.100000
0,0.100000
1,0.300000
0,0.200000
1,0.300000
0,0.100000
1,0.200000
0,0.100000
0,0.200000
1,0.400000
0,0.100000
1,0.900000
1,0.300000
1,0.500000
1,0.500000
1,0.300000
1,0.500000
1,0.400000
1,0.500000
1,0.500000
1,0.400000
1,0.400000
0,0.700000
1,0.300000
0,0.400000
1,0.500000
0,0.400000
1,0.500000
0,0.400000
1,0.200000
1,0.200000
1,0.300000
0,0.100000
1,0.200000
1,0.200000
1,0.300000
1,0.100000
0,0.100000
0,0.100000
0,0.100000
0,0.200000
0,0.100000
0,0.200000
0,0.100000
0,0.400000
0,0.100000
0,0.100000
0,0.200000
0,0.100000
0,0.100000
0,0.200000
1,0.300000
1,0.400000
1,0.300000
1,0.400000
1,0.200000
0,0.200000
0,0.300000
0,0.300000
0,0.200000
0,0.200000
0,0.300000
0,0.100000
1,0.300000
1,0.300000
0,0.500000
1,0.500000
0,0.500000
1,0.300000
1,0.200000
0,0.100000
1,0.300000
1,0.400000
1,0.300000
1,0.400000
0,0.100000
1,0.400000
0,0.100000
1,0.400000
0,0.100000
1,0.400000
0,0.100000
1,0.300000
0,0.100000
0,0.100000
1,0.300000
1,0.200000
1,0.300000
0,0.200000
1,0.600000
1,0.200000
1,0.500000
1,0.200000
1,0.500000
1,0.200000
1,0.500000
1,0.200000
1,0.500000
1,0.200000
0,0.200000
1,0.200000
1,0.500000
0,0.200000
1,0.300000
1,0.600000
1,0.100000
0,0.300000
0,0.200000
1,0.500000
0,0.600000
1,0.500000
0,0.600000
1,0.200000
0,0.400000
1,0.500000
1,0.500000
1,0.500000
1,0.300000
1,0.500000
0,0.200000
1,0.200000
1,0.500000
1,0.200000
1,0.300000
1,0.200000
1,0.500000
1,0.500000
1,0.500000
0,0.400000
1,0.500000
0,0.400000
1,0.400000
0,0.400000
1,0.500000
0,0.400000
1,0.500000
0,0.400000
1,0.300000
0,0.500000
1,0.500000
0,0.500000
1,0.500000
0,0.400000
1,0.500000
0,0.400000
1,0.500000
0,0.500000
1,0.700000
0,0.400000
1,0.400000
0,0.400000
1,0.400000
0,0.500000
1,0.500000
1,0.500000
1,0.300000
1,0.300000
1,0.200000
0,0.400000
1,0.400000
0,0.400000
1,0.400000
0,0.600000
0,0.100000
0,0.400000
1,0.400000
0,0.100000
0,0.400000
0,0.100000
0,0.400000
0,0.400000
0,0.100000
0,0.400000
1,0.200000
0,0.400000
1,0.800000
0,0.600000
1,0.800000
0,0.200000
1,0.800000
0,0.200000
1,0.100000
0,0.100000
1,0.200000
0,0.200000
1,0.200000
0,0.500000
0,0.500000
1,0.500000
0,0.500000
1,0.800000
0,0.400000
1,0.900000
0,0.900000
1,0.300000
0,0.200000
0,0.400000
1,0.300000
0,0.400000
1,0.300000
1,0.300000
1,0.400000
0,0.500000
1,0.400000
0,0.500000
1,0.500000
0,0.500000
1,0.500000
0,0.500000
1,0.100000
1,0.100000
0,0.100000
1,0.300000
0,0.400000
1,0.300000
0,0.500000
1,0.400000
0,0.500000
1,0.200000
0,0.500000
1,0.800000
0,0.500000
1,0.400000
0,0.500000
1,0.300000
1,0.500000
1,0.100000
1,0.200000
1,0.300000
1,0.300000
1,0.400000
0,0.600000
1,0.900000
1,0.300000
0,0.800000
1,0.400000
0,0.600000
1,0.500000
0,0.700000
1,0.500000
0,0.600000
1,0.500000
0,0.700000
1,0.100000
0,0.200000
1,0.400000
0,0.600000
1,0.900000
0,0.600000
1,0.900000
0,0.800000
1,0.900000
0,0.800000
1,0.500000
0,0.400000
1,0.400000
0,0.300000
1,0.100000
1,0.900000
0,0.800000
1,0.700000
0,0.400000
1,0.600000
0,0.400000
1,0.100000
1,0.100000
1,0.500000
1,0.500000
0,0.900000
1,0.700000
0,0.300000
1,0.100000
1,0.200000
0,0.700000
1,0.300000
0,0.400000
1,0.300000
0,0.600000
1,0.400000
0,0.100000
1,0.900000
0,0.400000
1,0.300000
0,0.300000
0,0.100000
1,0.400000
0,0.600000
1,0.500000
0,0.400000
1,0.300000
1,0.500000
0,0.100000
1,0.200000
0,0.600000
1,0.700000
0,0.600000
1,0.300000
1,0.300000
0,0.600000
1,0.900000
0,0.800000
1,0.900000
0,0.800000
1,0.300000
0,0.300000
1,0.300000
1,0.300000
0,0.300000
1,0.500000
0,0.300000
1,0.500000
0,0.900000
1,0.400000
0,0.600000
1,0.900000
0,0.600000
1,0.900000
0,0.600000
1,0.900000
0,0.900000
1,0.500000
0,0.100000
0,0.800000
1,0.900000
0,0.800000
1,0.100000
0,0.100000
1,0.300000
0,0.600000
1,0.900000
0,0.300000
1,0.900000
0,0.500000
1,0.900000
0,0.300000
1,0.900000
0,0.200000
1,0.100000
0,0.100000
0,0.600000
1,0.400000
0,0.200000
1,0.300000
0,0.800000
1,0.900000
0,0.800000
1,0.900000
0,0.700000
1,0.200000
1,0.200000
0,0.100000
0,0.100000
1,0.100000
1,0.200000
0,0.100000
1,0.100000
1,0.100000
1,0.800000
1,0.300000
1,0.800000
0,0.100000
1,0.900000
0,0.100000
1,0.800000
0,0.100000
1,0.100000
1,0.300000
1,0.300000
0,0.600000
1,0.300000
0,0.300000
1,0.900000
0,0.500000
1,0.500000
0,0.500000
1,0.400000
1,0.200000
1,0.300000
0,0.400000
1,0.600000
0,0.900000
1,0.900000
0,0.600000
1,0.500000
1,0.400000
1,0.900000
0,0.600000
1,0.700000
0,0.300000
0,0.500000
1,0.900000
0,0.500000
0,0.300000
0,0.600000
1,0.400000
1,0.400000
1,0.900000
0,0.900000
1,0.400000
1,0.400000
0,0.200000
1,0.100000
1,0.400000
0,0.200000
1,0.300000
0,0.900000
1,0.800000
0,0.800000
1,0.800000
0,0.900000
1,0.700000
0,0.900000
0,0.100000
1,0.300000
1,0.800000
1,0.300000
1,0.800000
1,0.300000
1,0.700000
0,0.900000
1,0.400000
1,0.300000
1,0.900000
0,0.500000
1,0.600000
1,0.300000
1,0.300000
1,0.300000
1,0.300000
1,0.300000
1,0.100000
0,0.400000
1,0.600000
1,0.100000
1,0.100000
1,0.300000
0,0.200000
1,0.400000
0,0.600000
1,0.300000
0,0.900000
1,0.800000
0,0.900000
1,0.800000
0,0.900000
1,0.600000
1,3.118808
0,1.033698
1,1.182202
0,1.000762
0,1.298951
0,1.333189
1,1.014208
1,1.156210
1,1.056210
1,1.778675
0,1.333189
1,1.778675
0,1.333189
0,1.538757
1,1.599624
0,1.268065
0,1.160712
0,1.128232
1,0.848462
0,1.160712
0,1.160712
1,0.848462
1,1.648951
1,0.848462
1,0.898462
1,0.848462
1,1.648951
1,1.648951
0,1.203079
1,1.298951
0,1.253079
1,1.033698
1,1.383698
1,1.298951
0,1.418360
0,1.468360
0,1.468360
1,0.813519
1,1.583189
0,1.276327
0,1.240113
0,1.276327
0,1.179790
1,0.971710
0,1.179790
0,1.129790
1,0.971710
1,0.971710
1,1.298951
1,1.053079
1,1.515737
0,1.230955
1,1.515737
1,0.813519
1,1.403079
0,1.435603
1,1.298951
1,1.298951
0,1.419620
1,1.053079
0,1.083863
0,1.519620
0,1.419620
0,1.419620
1,0.800767
1,1.782293
0,1.519620
0,1.519620
0,1.419620
1,1.582293
1,1.515737
1,0.798462
1,1.782293
1,1.582293
1,1.582293
1,1.782293
1,1.582293
1,1.128232
1,1.582293
1,1.782293
0,1.433863
1,1.428232
1,1.128232
0,1.191196
1,0.798462
1,0.971710
0,1.191196
1,0.971710
1,1.230469
1,1.230469
1,1.230469
1,1.230469
1,1.230469
0,1.133863
1,1.065737
1,1.328232
0,1.237209
1,1.403079
1,1.298951
1,1.403079
1,1.298951
1,1.298951
1,1.298951
0,1.237209
1,1.613585
1,1.213585
1,1.428232
1,1.213585
0,1.168360
1,0.953870
1,0.953870
1,0.851549
0,1.237209
0,1.593668
0,1.237209
0,1.237209
0,1.237209
1,1.538396
1,1.515737
1,1.128232
1,1.515737
1,1.128232
1,1.128232
1,1.128232
0,1.383863
1,0.950265
0,1.126327
1,0.950265
0,1.126327
0,1.426327
0,1.126327
0,1.426327
0,1.126327
0,1.426327
0,1.126327
0,1.426327
1,1.387432
1,1.065737
1,0.950265
1,1.387432
1,1.015737
1,1.387432
0,1.215737
1,1.387432
0,1.433863
1,1.387432
0,1.433863
1,1.387432
0,1.433863
1,1.387432
1,1.213585
1,1.387432
0,1.215737
1,1.387432
1,1.053079
1,1.387432
1,0.950265
1,0.950265
1,1.387432
1,1.015737
1,1.387432
1,1.015737
1,1.387432
1,1.015737
1,1.387432
1,1.015737
1,1.387432
1,1.015737
1,1.128232
1,0.950265
1,1.128232
1,1.128232
1,1.128232
1,1.128232
0,1.569620
0,1.215737
0,1.215737
0,1.075929
0,1.215737
0,1.569620
0,1.569620
1,1.743668
1,1.053079
1,1.743668
1,1.015737
1,1.530469
1,1.015737
1,1.515737
1,1.015737
1,1.743668
0,1.569620
1,1.743668
0,1.225929
1,1.743668
0,1.225929
1,1.743668
0,1.569620
1,1.743668
0,1.569620
1,1.743668
0,1.225929
1,1.743668
0,1.225929
1,1.743668
0,1.569620
0,1.393668
0,1.225929
0,1.215737
0,1.215737
0,1.215737
1,1.065737
1,1.515737
0,1.569620
1,1.515737
1,1.065737
1,1.515737
1,1.065737
1,1.515737
0,1.569620
0,1.393668
0,1.569620
0,1.569620
0,1.393668
0,1.569620
1,0.750767
0,0.850767
0,1.569620
0,0.848462
1,0.800767
1,0.998462
1,1.065737
1,0.998462
1,1.065737
1,1.000767
0,1.278232
1,1.000767
0,1.278232
1,1.000265
0,1.278232
1,1.000767
1,1.065737
0,1.569620
0,1.569620
0,1.569620
1,1.000265
0,1.518360
1,1.530469
0,1.518360
1,1.000767
0,1.569620
0,1.569620
1,1.000265
1,1.015737
1,0.950265
1,0.950265
1,1.000265
1,1.015737
1,1.530469
1,1.015737
1,1.000265
1,1.015737
1,1.000265
1,1.015737
1,1.000265
1,1.000265
1,1.015737
1,0.950265
1,1.015737
1,1.000265
1,1.015737
1,1.000265
1,0.950265
1,1.000265
0,1.278232
0,1.393668
1,1.015737
0,1.393668
1,1.015737
0,1.393668
0,1.393668
1,0.848152
0,1.393668
1,1.419620
0,1.393668
1,1.419620
1,1.015737
0,1.393668
1,0.950767
1,1.419620
1,1.000767
1,0.848152
1,1.328232
1,1.065737
1,1.428232
1,1.015737
1,1.328232
1,1.030469
1,1.230469
1,0.848152
1,1.428232
1,0.848152
1,1.428232
1,0.848152
1,1.428232
1,0.848152
1,1.328232
1,0.848152
1,1.428232
1,1.419620
1,1.328232
1,1.078232
1,1.078232
1,1.428232
1,1.065737
1,1.328232
1,1.065737
1,1.428232
1,1.065737
1,1.078232
1,1.078232
1,1.230469
1,1.328232
1,1.030469
1,1.328232
1,0.848152
1,1.078232
0,1.178232
0,1.178232
1,1.468360
1,1.065737
1,1.328232
1,1.065737
1,1.428232
1,1.065737
1,1.428232
1,1.030469
1,1.328232
1,1.428232
1,1.428232
1,1.428232
1,1.030469
1,1.428232
1,1.030469
1,1.428232
1,1.328232
1,1.030469
1,1.428232
1,1.030469
1,1.328232
1,1.030469
0,1.215737
1,1.668360
1,1.030469
1,1.668360
1,1.030469
1,1.668360
1,1.030469
1,1.668360
1,1.030469
1,1.668360
0,1.380469
0,1.215737
1,1.328232
0,1.380469
1,1.428232
0,1.380469
1,1.428232
0,1.225929
1,1.375929
1,0.925929
0,1.165737
0,1.380469
1,1.328232
0,1.380469
1,1.530469
0,1.380469
0,1.225929
1,1.375929
0,1.225929
0,1.215737
0,1.380469
1,1.428232
0,1.380469
1,1.328232
1,1.015737
1,1.428232
1,1.015737
1,1.328232
1,1.015737
1,1.428232
1,1.015737
1,1.428232
0,1.215737
0,1.215737
0,1.165737
1,1.015737
1,1.468360
1,1.015737
1,1.668360
1,1.015737
1,1.668360
1,1.015737
0,1.215737
1,1.468360
0,1.380469
0,1.380469
0,1.215737
0,1.215737
0,1.215737
1,0.950265
1,0.848152
1,1.428232
0,1.380469
1,1.668360
0,1.380469
1,1.428232
0,1.380469
1,1.428232
0,1.380469
0,1.215737
0,1.380469
1,1.428232
0,1.380469
1,1.328232
1,1.419620
1,1.428232
0,1.380469
1,1.428232
0,1.380469
1,1.468360
0,1.380469
0,1.215737
1,1.015737
1,1.468360
1,1.015737
1,1.428232
1,1.015737
1,1.328232
0,1.380469
1,1.468360
1,1.015737
1,1.328232
1,1.015737
0,1.380469
1,1.468360
1,1.015737
1,1.468360
0,1.380469
0,1.215737
0,1.215737
1,1.428232
0,1.380469
1,1.468360
1,1.468360
0,1.215737
1,1.428232
0,1.215737
0,1.215737
1,1.428232
0,1.380469
1,1.428232
0,1.380469
1,1.328232
0,1.380469
1,1.428232
0,1.215737
0,1.165737
0,1.380469
1,1.428232
0,1.380469
1,1.428232
0,1.380469
1,1.328232
0,1.380469
1,1.428232
0,1.380469
0,1.165737
0,1.380469
1,1.468360
0,1.215737
1,1.015737
1,1.530469
1,1.030469
1,1.130469
1,1.130469
1,1.130469
1,1.515737
1,1.130469
1,1.130469
0,1.493668
1,1.030469
1,1.530469
1,1.030469
1,1.530469
1,1.030469
1,1.530469
1,1.030469
1,1.530469
1,1.030469
1,1.530469
0,0
1,3
1,2
1,2
1,1
1,3
0,4
1,4
1,3
0,2
1,3
1,4
0,1
0,1
1,4
1,0
0,6
1,0
0,6
1,2
1,2
0,1
1,5
0,5
1,4
0,3
0,3
1,4
1,3
1,2
0,1
1,3
1,8
0,0
1,1
0,0
0,0
0,0
0,3
0,0
0,0
1,2
1,2
1,3
1,2
0,0
0,0
0,0
0,0
0,1
0,3
1,0
0,3
0,4
0,3
0,3
0,3
0,4
0,4
0,6
1,3
0,6
0,1
0,1
0,8
1,3
0,1
0,3
1,2
0,2
1,2
0,4
1,2
0,6
0,2
1,2
0,6
1,0
1,0
1,2
0,2
1,2
0,6
1,2
1,0
1,3
1,3
1,5
0,6
1,5
0,6
0,2
0,3
1,2
0,2
1,6
0,6
0,3
0,6
0,3
0,6
0,3
0,2
0,8
1,6
0,2
1,6
0,6
1,3
0,2
0,1
1,2
1,2
1,2
1,2
0,8
0,8
0,3
1,2
0,8
1,2
0,2
0,2
1,2
1,1
1,2
0,2
0,4
1,8
0,2
1,6
0,3
1,8
0,8
1,7
0,3
1,2
0,1
1,0
1,7
0,2
1,5
1,0
1,5
0,2
1,8
0,2
1,7
0,5
1,3
0,8
1,2
0,5
1,1
0,2
1,8
1,1
1,1
1,7
0,2
1,1
0,2
1,7
0,8
1,8
0,6
1,7
0,8
1,6
1,4
1,0
1,4
1,6
0,3
0,5
0,3
0,3
0,3
0,3
0,3
1,2
1,6
0,6
1,6
0,4
1,8
0,2
1,7
0,4
1,3
0,6
1,1
0,4
1,7
0,8
1,8
0,6
1,1
0,7
1,2
0,3
0,0
0,6
1,8
1,1
1,8
1,1
0,3
1,4
1,3
1,3
1,2
1,3
1,8
0,4
1,8
0,2
0,0
0,4
1,5
1,1
0,5
1,5
0,5
0,3
0,0
0,4
0,3
0,1
0,0
0,1
0,0
0,1
0,1
1,0
0,1
1,0
0,1
1,0
0,1
0,1
0,3
0,1
1,0
0,1
1,0
1,7
0,7
0,0
0,3
0,3
1,5
0,3
1,5
0,3
1,5
0,7
1,7
0,4
1,7
0,3
0,1
0,7
0,1
0,1
1,0
1,6
0,2
0,1
0,2
0,1
1,2
1,2
0,8
1,7
0,8
1,8
0,2
1,8
1,2
0,8
0,5
0,5
0,2
1,3
0,2
1,8
0,4
0,4
0,1
1,0
0,1
0,4
1,8
0,7
0,2
1,0
1,2
1,0
1,2
1,0
0,2
1,0
1,8
0,4
1,8
0,8
0,1
0,4
1,6
1,6
1,2
0,1
0,2
1,8
0,5
0,1
1,0
0,5
1,4
0,2
1,2
0,2
1,8
0,5
1,3
0,2
0,3
0,2
0,3
1,8
0,2
1,8
0,5
1,2
0,1
1,8
1,8
0,1
1,6
1,3
1,8
1,3
1,8
1,6
0,2
1,8
0,2
1,8
1,3
1,2
1,8
1,0
1,8
0,4
0,0
0,3
0,0
0,3
1,4
0,4
1,6
1,4
0,7
1,8
0,7
1,8
0,7
1,8
0,7
1,4
0,3
1,8
0,3
1,8
0,4
0,4
1,4
0,4
1,3
0,4
0,2
1,1
0,0
1,0
1,7
0,7
1,7
0,7
1,4
0,1
1,4
1,0
1,3
1,4
1,0
1,7
1,0
1,7
0,7
1,8
0,7
1,6
0,5
1,6
0,7
1,6
0,5
1,0
0,3
0,3
1,8
0,4
1,8
0,1
1,8
0,7
1,8
0,4
0,3
1,1
0,0
0,4
0,0
0,6
0,0
1,0
0,0
0,6
1,8
1,1
0,3
1,1
0,3
0,3
1,8
0,7
1,8
1,1
0,3
0,4
0,0
1,1
0,3
0,0
0,4
0,0
0,3
0,3
1,2
0,0
1,1
0,3
1,4
0,3
1,8
0,3
1,0
1,8
1,0
1,8
0,6
0,0
0,4
1,2
0,3
0,0
0,4
0,0
0,3
1,8
0,4
1,8
0,4
1,8
0,6
1,8
0,3
1,8
0,4
0,3
1,8
0,6
0,3
0,3
0,2
0,2
1,0
0,4
0,1
0,7
1,7
0,4
1,7
0,3
1,8
0,4
1,7
0,6
1,7
12.198773,1920.000000
3.209034,1920.000000
3.915191,1920.000000
6.526935,1920.000000
4.223825,1920.000000
9.649324,1920.000000
3.241067,1920.000000
4.086589,1920.000000
4.923127,1920.000000
11.131262,1920.000000
2.077456,1920.000000
3.056904,1920.000000
8.344457,1920.000000
5.214148,1920.000000
7.541608,1920.000000
11.412591,1920.000000
6.663698,1920.000000
7.405554,1920.000000
2.195661,1920.000000
1.970125,1920.000000
1.352740,1920.000000
2.880660,1920.000000
2.549922,1920.000000
1.716457,1920.000000
2.178048,1920.000000
2.834442,1920.000000
3.994507,1920.000000
2.218593,1920.000000
2.472497,1920.000000
2.397555,1920.000000
6.684029,1920.000000
0.955216,1920.000000
1.733242,1920.000000
4.191437,1920.000000
2.765646,1920.000000
3.731264,1920.000000
6.162981,1920.000000
3.121562,1920.000000
3.355254,1920.000000
1.464562,1920.000000
1.330636,1920.000000
1.244346,1920.000000
3.515540,1920.000000
1.834071,1920.000000
2.905128,1920.000000
3.636582,1920.000000
2.926642,1920.000000
4.532695,1920.000000
2.016344,1920.000000
3.310690,1920.000000
3.080899,1920.000000
6.821147,1920.000000
1.236662,1920.000000
2.167528,1920.000000
4.118741,1920.000000
2.753826,1920.000000
3.625116,1920.000000
6.209672,1920.000000
3.486816,1920.000000
3.749586,1920.000000
1.046116,1920.000000
1.809366,1920.000000
0.688900,1920.000000
7.189120,1920.000000
2.521434,1920.000000
5.000078,1920.000000
9.204754,1920.000000
2.900282,1920.000000
6.577290,1920.000000
2.408194,1920.000000
4.610829,1920.000000
7.493853,1920.000000
8.410534,1920.000000
2.279468,1920.000000
4.615794,1920.000000
5.319942,1920.000000
4.304914,1920.000000
6.598567,1920.000000
7.060631,1920.000000
5.581766,1920.000000
5.818295,1920.000000
1.279571,1920.000000
2.124856,1920.000000
1.011009,1920.000000
3.013404,1920.000000
2.924159,1920.000000
1.912914,1920.000000
2.627819,1920.000000
4.888020,1920.000000
3.559276,1920.000000
2.438336,1920.000000
3.703604,1920.000000
3.334331,1920.000000
9.652752,1920.000000
1.292692,1920.000000
2.108544,1920.000000
5.023956,1920.000000
3.539772,1920.000000
3.777010,1920.000000
7.873173,1920.000000
3.805142,1920.000000
3.821337,1920.000000
1.433356,1920.000000
2.257009,1920.000000
1.801683,1920.000000
8.348122,1920.000000
3.545328,1920.000000
4.544870,1920.000000
6.843370,1920.000000
4.422292,1920.000000
10.026399,1920.000000
3.787293,1920.000000
4.875963,1920.000000
6.606132,1920.000000
10.716953,1920.000000
2.154526,1920.000000
4.244393,1920.000000
8.282518,1920.000000
5.505524,1920.000000
9.565044,1920.000000
11.505263,1920.000000
6.853181,1920.000000
6.263810,1920.000000
2.327460,1920.000000
2.470133,1920.000000
1.682060,1920.000000
2.691650,1920.000000
2.276395,1920.000000
1.419289,1920.000000
2.054524,1920.000000
2.590584,1920.000000
3.392843,1920.000000
2.750516,1920.000000
2.406775,1920.000000
2.079583,1920.000000
7.196094,1920.000000
0.985595,1920.000000
1.430992,1920.000000
4.526667,1920.000000
3.247923,1920.000000
3.904198,1920.000000
5.606235,1920.000000
3.248751,1920.000000
2.888816,1920.000000
1.108055,1920.000000
1.351085,1920.000000
1.030394,1920.000000
3.811526,1920.000000
2.726048,1920.000000
2.485145,1920.000000
3.366601,1920.000000
4.192264,1920.000000
3.466366,1920.000000
2.699806,1920.000000
4.174770,1920.000000
4.209759,1920.000000
9.154044,1920.000000
1.554043,1920.000000
2.927942,1920.000000
5.168521,1920.000000
3.957982,1920.000000
4.205622,1920.000000
7.831210,1920.000000
4.741918,1920.000000
3.927248,1920.000000
1.439975,1920.000000
2.504886,1920.000000
1.592224,1920.000000
6.016288,1920.000000
2.625455,1920.000000
4.208813,1920.000000
7.185101,1920.000000
2.850754,1920.000000
5.759310,1920.000000
2.606187,1920.000000
4.991922,1920.000000
8.347885,1920.000000
8.469164,1920.000000
2.542830,1920.000000
4.238364,1920.000000
5.624320,1920.000000
4.425247,1920.000000
6.215228,1920.000000
7.482387,1920.000000
5.822905,1920.000000
5.344292,1920.000000
1.571065,1920.000000
2.447556,1920.000000
1.583004,1920.000000
10.279712,1920.000000
6.479298,1920.000000
6.115344,1920.000000
10.151814,1920.000000
7.972820,1920.000000
10.673454,1920.000000
6.174920,1920.000000
7.347869,1920.000000
10.196614,1920.000000
21.734620,1920.000000
3.531852,1920.000000
5.900565,1920.000000
14.360036,1920.000000
10.549338,1920.000000
11.437295,1920.000000
16.952039,1920.000000
9.467997,1920.000000
9.285843,1920.000000
3.735165,1920.000000
4.492387,1920.000000
3.759161,1920.000000
2.425806,1920.000000
1.044815,1920.000000
1.506288,1920.000000
2.493420,1920.000000
1.263850,1920.000000
2.135731,1920.000000
0.868335,1920.000000
1.457824,1920.000000
2.538456,1920.000000
3.377122,1920.000000
1.124249,1920.000000
1.471181,1920.000000
2.118709,1920.000000
1.576266,1920.000000
2.001804,1920.000000
2.922386,1920.000000
2.219184,1920.000000
2.152043,1920.000000
0.697174,1920.000000
0.882756,1920.000000
0.629561,1920.000000
3.123453,1920.000000
1.917879,1920.000000
1.960551,1920.000000
2.925578,1920.000000
2.728648,1920.000000
3.803606,1920.000000
1.890101,1920.000000
3.553247,1920.000000
3.423340,1920.000000
6.560741,1920.000000
1.368225,1920.000000
2.309138,1920.000000
3.820746,1920.000000
2.898272,1920.000000
3.263172,1920.000000
6.101751,1920.000000
3.650412,1920.000000
3.714834,1920.000000
1.078977,1920.000000
1.800619,1920.000000
1.043870,1920.000000
10.381250,1920.000000
3.767080,1920.000000
3.995098,1920.000000
6.608260,1920.000000
4.279618,1920.000000
11.594154,1920.000000
3.799823,1920.000000
3.750413,1920.000000
5.028211,1920.000000
11.740964,1920.000000
1.893174,1920.000000
3.100640,1920.000000
12.126786,1920.000000
5.944892,1920.000000
9.308302,1920.000000
13.391345,1920.000000
6.735921,1920.000000
7.562885,1920.000000
2.478881,1920.000000
2.306419,1920.000000
1.773314,1920.000000
5.781769,1920.000000
2.375569,1920.000000
3.393434,1920.000000
5.879525,1920.000000
2.505595,1920.000000
5.554106,1920.000000
2.889643,1920.000000
3.707032,1920.000000
5.213084,1920.000000
8.131097,1920.000000
2.018235,1920.000000
3.402536,1920.000000
6.103169,1920.000000
5.232588,1920.000000
6.274212,1920.000000
6.487218,1920.000000
4.737308,1920.000000
4.885183,1920.000000
1.590923,1920.000000
1.801447,1920.000000
1.298602,1920.000000
8.374481,1920.000000
3.568850,1920.000000
4.282100,1920.000000
6.814410,1920.000000
3.423340,1920.000000
9.213265,1920.000000
3.568732,1920.000000
4.707875,1920.000000
7.476240,1920.000000
10.604185,1920.000000
2.450275,1920.000000
4.382457,1920.000000
8.295047,1920.000000
5.156464,1920.000000
11.674533,1920.000000
10.409501,1920.000000
6.717836,1920.000000
6.194660,1920.000000
2.399092,1920.000000
2.153462,1920.000000
1.798492,1920.000000
11.127125,1920.000000
5.911795,1920.000000
5.586613,1920.000000
7.896814,1920.000000
7.383213,1920.000000
11.225472,1920.000000
5.408359,1920.000000
6.486390,1920.000000
7.224700,1920.000000
18.425703,1920.000000
3.019315,1920.000000
4.803385,1920.000000
13.429880,1920.000000
8.179088,1920.000000
11.011048,1920.000000
20.709900,1920.000000
9.780886,1920.000000
9.729704,1920.000000
3.933277,1920.000000
3.753487,1920.000000
2.997683,1920.000000
7.425057,1920.000000
3.378776,1920.000000
3.551947,1920.000000
5.356349,1920.000000
4.025832,1920.000000
7.121270,1920.000000
3.061396,1920.000000
4.192264,1920.000000
4.854213,1920.000000
10.126400,1920.000000
1.995421,1920.000000
3.094375,1920.000000
7.263235,1920.000000
4.537542,1920.000000
6.003995,1920.000000
10.628299,1920.000000
6.570552,1920.000000
6.799043,1920.000000
2.349800,1920.000000
2.195543,1920.000000
1.642461,1920.000000
6.138158,1920.000000
3.847578,1920.000000
3.491071,1920.000000
5.320178,1920.000000
4.731989,1920.000000
5.797254,1920.000000
3.090947,1920.000000
4.754212,1920.000000
5.194053,1920.000000
10.904072,1920.000000
1.970362,1920.000000
3.560340,1920.000000
7.020205,1920.000000
4.661184,1920.000000
5.427508,1920.000000
9.617409,1920.000000
6.636629,1920.000000
5.852929,1920.000000
1.872370,1920.000000
2.609615,1920.000000
1.669293,1920.000000
2.067290,1920.000000
1.097299,1920.000000
1.229216,1920.000000
1.864923,1920.000000
1.140089,1920.000000
2.273440,1920.000000
1.030985,1920.000000
1.506998,1920.000000
2.419305,1920.000000
3.366956,1920.000000
0.889612,1920.000000
1.411251,1920.000000
2.371314,1920.000000
1.510071,1920.000000
2.982789,1920.000000
3.074635,1920.000000
2.227695,1920.000000
1.623903,1920.000000
0.870699,1920.000000
0.674360,1920.000000
0.622705,1920.000000
1.745772,1920.000000
1.423190,1920.000000
1.405814,1920.000000
1.982773,1920.000000
2.402756,1920.000000
2.196607,1920.000000
1.346475,1920.000000
2.539638,1920.000000
2.281005,1920.000000
4.738490,1920.000000
0.813015,1920.000000
1.570947,1920.000000
2.334434,1920.000000
2.008069,1920.000000
2.599804,1920.000000
3.979732,1920.000000
2.359020,1920.000000
2.302518,1920.000000
0.739137,1920.000000
1.376381,1920.000000
0.753676,1920.000000
1.734897,1920.000000
0.968455,1920.000000
0.856987,1920.000000
1.386074,1920.000000
1.135833,1920.000000
1.955704,1920.000000
0.915026,1920.000000
1.518700,1920.000000
2.119419,1920.000000
2.691532,1920.000000
0.737718,1920.000000
1.414798,1920.000000
1.715393,1920.000000
1.292337,1920.000000
2.450748,1920.000000
2.564579,1920.000000
1.760075,1920.000000
1.460661,1920.000000
0.639608,1920.000000
0.621641,1920.000000
1.454751,1920.000000
10.887070,1920.000000
3.562630,1920.000000
4.030611,1920.000000
6.235165,1920.000000
3.871032,1920.000000
9.045055,1920.000000
3.318297,1920.000000
4.436769,1920.000000
5.075321,1920.000000
11.375618,1920.000000
2.049349,1920.000000
3.583317,1920.000000
8.876729,1920.000000
5.410437,1920.000000
8.254371,1920.000000
10.974188,1920.000000
6.598768,1920.000000
6.756693,1920.000000
2.249709,1920.000000
2.200299,1920.000000
1.549926,1920.000000
3.481777,1920.000000
3.014270,1920.000000
1.959866,1920.000000
2.800198,1920.000000
2.535533,1920.000000
3.729420,1920.000000
2.056914,1920.000000
2.291200,1920.000000
2.815210,1920.000000
5.912106,1920.000000
1.044119,1920.000000
1.894971,1920.000000
4.080376,1920.000000
2.656813,1920.000000
3.962169,1920.000000
5.633256,1920.000000
2.914267,1920.000000
3.130940,1920.000000
1.355949,1920.000000
1.421790,1920.000000
1.293063,1920.000000
3.812519,1920.000000
1.834331,1920.000000
3.267587,1920.000000
4.490789,1920.000000
2.572413,1920.000000
4.678501,1920.000000
1.805370,1920.000000
3.039566,1920.000000
3.419482,1920.000000
6.228663,1920.000000
1.217410,1920.000000
2.455507,1920.000000
3.729065,1920.000000
2.851263,1920.000000
3.727883,1920.000000
5.755009,1920.000000
3.299857,1920.000000
3.898692,1920.000000
1.062560,1920.000000
1.641299,1920.000000
0.684771,1920.000000
6.380323,1920.000000
2.665087,1920.000000
4.110282,1920.000000
8.205906,1920.000000
3.509083,1920.000000
6.663073,1920.000000
2.651139,1920.000000
4.705925,1920.000000
6.255615,1920.000000
10.336108,1920.000000
2.071217,1920.000000
3.313569,1920.000000
5.945322,1920.000000
5.007589,1920.000000
6.228309,1920.000000
8.337352,1920.000000
5.424267,1920.000000
5.628646,1920.000000
1.561746,1920.000000
2.179376,1920.000000
1.132065,1920.000000
3.596083,1920.000000
2.610121,1920.000000
2.566739,1920.000000
3.573151,1920.000000
5.002033,1920.000000
4.032975,1920.000000
2.209519,1920.000000
3.610031,1920.000000
4.233217,1920.000000
7.806013,1920.000000
1.430182,1920.000000
2.897718,1920.000000
4.264896,1920.000000
3.197017,1920.000000
4.077302,1920.000000
6.812131,1920.000000
3.789233,1920.000000
4.476723,1920.000000
1.230650,1920.000000
1.945800,1920.000000
1.426991,1920.000000
8.584995,1920.000000
4.097870,1920.000000
4.095270,1920.000000
6.172042,1920.000000
4.121275,1920.000000
11.035419,1920.000000
3.714762,1920.000000
4.613960,1920.000000
5.759738,1920.000000
11.094522,1920.000000
2.005849,1920.000000
3.373500,1920.000000
9.568711,1920.000000
5.580182,1920.000000
9.380762,1920.000000
11.385783,1920.000000
6.431742,1920.000000
6.604561,1920.000000
2.606220,1920.000000
2.521584,1920.000000
1.822392,1920.000000
3.513338,1920.000000
2.008095,1920.000000
1.974288,1920.000000
2.862965,1920.000000
2.199708,1920.000000
4.056143,1920.000000
2.627616,1920.000000
2.222049,1920.000000
2.579269,1920.000000
5.981139,1920.000000
0.921066,1920.000000
1.820146,1920.000000
4.167376,1920.000000
3.078574,1920.000000
3.766537,1920.000000
4.983947,1920.000000
2.825730,1920.000000
3.145952,1920.000000
1.044001,1920.000000
1.356894,1920.000000
1.052512,1920.000000
4.492089,1920.000000
2.236234,1920.000000
3.124675,1920.000000
4.616561,1920.000000
3.462982,1920.000000
4.631219,1920.000000
2.433875,1920.000000
4.125412,1920.000000
4.890564,1920.000000
7.633313,1920.000000
1.763170,1920.000000
3.243236,1920.000000
4.279081,1920.000000
3.628590,1920.000000
4.394096,1920.000000
7.115213,1920.000000
4.641030,1920.000000
4.512539,1920.000000
1.408551,1920.000000
2.110462,1920.000000
1.395666,1920.000000
5.144590,1920.000000
2.653858,1920.000000
3.361088,1920.000000
6.053836,1920.000000
4.206975,1920.000000
5.332421,1920.000000
2.814737,1920.000000
4.832761,1920.000000
8.540431,1920.000000
10.115298,1920.000000
2.232096,1920.000000
3.834506,1920.000000
5.230526,1920.000000
4.766920,1920.000000
6.243794,1920.000000
8.268201,1920.000000
5.620727,1920.000000
5.199911,1920.000000
1.723808,1920.000000
2.600901,1920.000000
1.568130,1920.000000
11.323134,1920.000000
5.816240,1920.000000
6.465431,1920.000000
10.065415,1920.000000
7.971266,1920.000000
11.279516,1920.000000
5.885982,1920.000000
8.071623,1920.000000
10.230195,1920.000000
20.683919,1920.000000
3.687693,1920.000000
6.684586,1920.000000
12.961124,1920.000000
9.168818,1920.000000
11.398077,1920.000000
17.890696,1920.000000
10.083855,1920.000000
10.042956,1920.000000
3.469838,1920.000000
4.187353,1920.000000
3.231534,1920.000000
2.182804,1920.000000
0.989626,1920.000000
1.231713,1920.000000
1.961048,1920.000000
1.490586,1920.000000
1.913648,1920.000000
1.020951,1920.000000
1.731373,1920.000000
2.153371,1920.000000
3.757080,1920.000000
1.056176,1920.000000
1.343655,1920.000000
2.177603,1920.000000
1.678889,1920.000000
2.175239,1920.000000
3.408844,1920.000000
2.294746,1920.000000
2.235288,1920.000000
0.660893,1920.000000
0.843286,1920.000000
0.599899,1920.000000
3.359315,1920.000000
1.874521,1920.000000
2.315432,1920.000000
3.389221,1920.000000
2.735184,1920.000000
3.510974,1920.000000
1.830075,1920.000000
3.146543,1920.000000
3.816893,1920.000000
6.021211,1920.000000
1.377817,1920.000000
2.719226,1920.000000
3.512865,1920.000000
2.791923,1920.000000
3.538398,1920.000000
5.738106,1920.000000
3.754716,1920.000000
3.619724,1920.000000
1.017878,1920.000000
1.875703,1920.000000
0.991872,1920.000000
9.255345,1920.000000
3.927062,1920.000000
4.031911,1920.000000
5.882673,1920.000000
4.321635,1920.000000
9.318349,1920.000000
4.103308,1920.000000
4.476959,1920.000000
5.222488,1920.000000
12.749652,1920.000000
2.160699,1920.000000
3.482132,1920.000000
13.955951,1920.000000
5.809739,1920.000000
8.546105,1920.000000
13.245765,1920.000000
7.589695,1920.000000
6.744517,1920.000000
2.572650,1920.000000
2.339664,1920.000000
1.832085,1920.000000
5.442707,1920.000000
2.623242,1920.000000
2.789204,1920.000000
4.817512,1920.000000
3.115218,1920.000000
5.404645,1920.000000
3.045122,1920.000000
3.792779,1920.000000
4.489134,1920.000000
9.995437,1920.000000
1.837286,1920.000000
2.687428,1920.000000
6.439544,1920.000000
5.515050,1920.000000
5.618481,1920.000000
7.513215,1920.000000
4.594693,1920.000000
4.606868,1920.000000
1.622150,1920.000000
1.895207,1920.000000
1.418480,1920.000000
8.239477,1920.000000
3.977890,1920.000000
3.453762,1920.000000
5.949223,1920.000000
4.051888,1920.000000
8.837957,1920.000000
4.110991,1920.000000
4.197164,1920.000000
6.065065,1920.000000
11.998921,1920.000000
2.150416,1920.000000
3.404470,1920.000000
9.107232,1920.000000
6.018965,1920.000000
11.384720,1920.000000
11.266040,1920.000000
6.396517,1920.000000
5.760565,1920.000000
2.698540,1920.000000
2.415080,1920.000000
2.181504,1920.000000
10.957403,1920.000000
5.800992,1920.000000
6.014118,1920.000000
8.360993,1920.000000
6.882937,1920.000000
11.296892,1920.000000
5.298495,1920.000000
6.991924,1920.000000
8.100229,1920.000000
17.690572,1920.000000
3.317470,1920.000000
5.526634,1920.000000
13.122948,1920.000000
7.565462,1920.000000
11.141568,1920.000000
19.960258,1920.000000
10.526185,1920.000000
9.127682,1920.000000
3.631072,1920.000000
3.760154,1920.000000
2.951384,1920.000000
6.977739,1920.000000
3.042285,1920.000000
3.320898,1920.000000
5.833026,1920.000000
3.734739,1920.000000
6.387533,1920.000000
2.797597,1920.000000
4.447762,1920.000000
5.416584,1920.000000
10.154898,1920.000000
2.177012,1920.000000
3.426575,1920.000000
7.193584,1920.000000
4.674955,1920.000000
6.459994,1920.000000
10.694866,1920.000000
7.615109,1920.000000
5.931492,1920.000000
1.931970,1920.000000
2.292855,1920.000000
1.662695,1920.000000
6.756811,1920.000000
2.971834,1920.000000
3.982500,1920.000000
6.003716,1920.000000
4.179078,1920.000000
6.835300,1920.000000
2.935899,1920.000000
4.529206,1920.000000
5.463748,1920.000000
10.149696,1920.000000
2.194979,1920.000000
3.532488,1920.000000
6.109866,1920.000000
4.740087,1920.000000
6.027830,1920.000000
9.156642,1920.000000
5.856785,1920.000000
6.956462,1920.000000
1.905610,1920.000000
2.387183,1920.000000
1.492241,1920.000000
2.006558,1920.000000
1.311621,1920.000000
1.088210,1920.000000
1.614821,1920.000000
1.342709,1920.000000
2.232215,1920.000000
1.091875,1920.000000
1.354885,1920.000000
1.985872,1920.000000
3.519721,1920.000000
0.738437,1920.000000
1.081236,1920.000000
2.670525,1920.000000
1.684681,1920.000000
2.736484,1920.000000
3.421728,1920.000000
2.090248,1920.000000
1.680426,1920.000000
1.013267,1920.000000
0.804160,1920.000000
0.785720,1920.000000
2.229378,1920.000000
1.808798,1920.000000
1.619549,1920.000000
2.218975,1920.000000
2.111762,1920.000000
2.368152,1920.000000
1.384082,1920.000000
2.257629,1920.000000
2.367916,1920.000000
4.252366,1920.000000
0.843168,1920.000000
1.653593,1920.000000
2.292973,1920.000000
1.906673,1920.000000
2.353967,1920.000000
3.578707,1920.000000
2.121573,1920.000000
2.585534,1920.000000
0.716923,1920.000000
1.435974,1920.000000
0.791394,1920.000000
1.569548,1920.000000
1.191641,1920.000000
0.704393,1920.000000
1.149678,1920.000000
1.398976,1920.000000
1.857972,1920.000000
1.089156,1920.000000
1.313394,1920.000000
1.626405,1920.000000
3.219831,1920.000000
0.657938,1920.000000
1.031708,1920.000000
1.825938,1920.000000
1.520729,1920.000000
2.120627,1920.000000
2.816155,1920.000000
1.710805,1920.000000
1.479947,1920.000000
0.783119,1920.000000
0.730163,1920.000000
1.596972,1920.000000
10.184750,1920.000000
3.459853,1920.000000
3.796984,1920.000000
6.404315,1920.000000
3.776652,1920.000000
8.758562,1920.000000
3.463399,1920.000000
4.438385,1920.000000
5.377672,1920.000000
11.229716,1920.000000
2.055769,1920.000000
3.506782,1920.000000
9.236834,1920.000000
5.582410,1920.000000
8.396133,1920.000000
11.235036,1920.000000
7.103520,1920.000000
6.462829,1920.000000
2.128586,1920.000000
2.172677,1920.000000
1.571231,1920.000000
3.536807,1920.000000
3.145772,1920.000000
1.844057,1920.000000
2.441484,1920.000000
2.535106,1920.000000
4.162368,1920.000000
2.034728,1920.000000
2.295024,1920.000000
2.605085,1920.000000
5.922142,1920.000000
1.058796,1920.000000
1.985080,1920.000000
4.017562,1920.000000
2.459334,1920.000000
3.760458,1920.000000
5.725088,1920.000000
3.256652,1920.000000
3.266463,1920.000000
1.310344,1920.000000
1.398646,1920.000000
1.223816,1920.000000
3.986946,1920.000000
1.745826,1920.000000
3.205113,1920.000000
4.371715,1920.000000
2.393255,1920.000000
4.210242,1920.000000
1.853868,1920.000000
2.889732,1920.000000
3.753365,1920.000000
6.086925,1920.000000
1.230790,1920.000000
2.370323,1920.000000
3.761522,1920.000000
2.885949,1920.000000
3.907982,1920.000000
5.889516,1920.000000
3.666836,1920.000000
3.850178,1920.000000
1.061160,1920.000000
1.643457,1920.000000
0.708189,1920.000000
6.382329,1920.000000
2.500825,1920.000000
4.304100,1920.000000
8.093164,1920.000000
3.674284,1920.000000
6.494509,1920.000000
2.780862,1920.000000
4.143691,1920.000000
6.843579,1920.000000
9.359299,1920.000000
1.966876,1920.000000
3.405713,1920.000000
5.873558,1920.000000
5.087706,1920.000000
6.968171,1920.000000
8.524272,1920.000000
5.125060,1920.000000
5.798495,1920.000000
1.470044,1920.000000
2.355546,1920.000000
1.160337,1920.000000
3.746391,1920.000000
2.501416,1920.000000
2.529904,1920.000000
3.624518,1920.000000
4.609197,1920.000000
4.002431,1920.000000
2.268899,1920.000000
3.564468,1920.000000
3.970515,1920.000000
8.411028,1920.000000
1.499715,1920.000000
2.760293,1920.000000
4.387674,1920.000000
3.217643,1920.000000
3.988010,1920.000000
6.851026,1920.000000
3.913420,1920.000000
4.158467,1920.000000
1.343443,1920.000000
1.933423,1920.000000
1.506098,1920.000000
8.684799,1920.000000
3.964723,1920.000000
4.215798,1920.000000
6.402779,1920.000000
4.390629,1920.000000
12.880147,1920.000000
3.740244,1920.000000
4.604350,1920.000000
5.209697,1920.000000
11.033017,1920.000000
2.045367,1920.000000
3.263390,1920.000000
8.609146,1920.000000
5.369161,1920.000000
8.982094,1920.000000
10.912326,1920.000000
6.193667,1920.000000
6.896064,1920.000000
2.564658,1920.000000
2.726367,1920.000000
1.884248,1920.000000
3.510919,1920.000000
1.954109,1920.000000
1.917110,1920.000000
2.997657,1920.000000
2.218188,1920.000000
3.598157,1920.000000
2.310627,1920.000000
2.538652,1920.000000
2.746817,1920.000000
6.051580,1920.000000
0.983261,1920.000000
1.841338,1920.000000
4.166032,1920.000000
2.958293,1920.000000
3.585036,1920.000000
5.142673,1920.000000
3.191164,1920.000000
3.135606,1920.000000
1.090003,1920.000000
1.275355,1920.000000
0.975222,1920.000000
4.425619,1920.000000
2.376351,1920.000000
2.882639,1920.000000
4.097707,1920.000000
3.676175,1920.000000
4.471129,1920.000000
2.472100,1920.000000
4.204332,1920.000000
4.601277,1920.000000
8.440107,1920.000000
1.841456,1920.000000
3.126386,1920.000000
4.502336,1920.000000
3.606314,1920.000000
4.206223,1920.000000
6.974555,1920.000000
4.543236,1920.000000
4.569360,1920.000000
1.322402,1920.000000
2.444085,1920.000000
1.355382,1920.000000
5.319395,1920.000000
2.615842,1920.000000
3.671801,1920.000000
6.610944,1920.000000
4.084823,1920.000000
5.444933,1920.000000
2.615133,1920.000000
4.742655,1920.000000
7.988550,1920.000000
9.897030,1920.000000
2.138397,1920.000000
3.737643,1920.000000
5.511248,1920.000000
4.771852,1920.000000
6.286343,1920.000000
8.548977,1920.000000
5.410416,1920.000000
5.356158,1920.000000
1.657996,1920.000000
2.319729,1920.000000
1.600665,1920.000000
11.386461,1920.000000
5.936918,1920.000000
6.105956,1920.000000
9.707069,1920.000000
8.102030,1920.000000
11.217422,1920.000000
6.207498,1920.000000
8.101675,1920.000000
9.878826,1920.000000
21.620268,1920.000000
3.918503,1920.000000
6.450299,1920.000000
12.494550,1920.000000
9.450556,1920.000000
11.193781,1920.000000
17.343829,1920.000000
10.171038,1920.000000
10.260168,1920.000000
3.561512,1920.000000
4.175016,1920.000000
3.317648,1920.000000
2.136387,1920.000000
1.073690,1920.000000
1.222633,1920.000000
1.960020,1920.000000
1.553382,1920.000000
2.069127,1920.000000
1.025579,1920.000000
1.778333,1920.000000
2.104589,1920.000000
3.890487,1920.000000
1.069908,1920.000000
1.333986,1920.000000
2.105062,1920.000000
1.657760,1920.000000
2.114400,1920.000000
3.360321,1920.000000
2.144071,1920.000000
2.071727,1920.000000
0.712326,1920.000000
0.904770,1920.000000
0.618232,1920.000000
3.328523,1920.000000
1.784125,1920.000000
2.362403,1920.000000
3.254051,1920.000000
2.700361,1920.000000
3.812824,1920.000000
1.786489,1920.000000
3.226272,1920.000000
3.852542,1920.000000
6.456682,1920.000000
1.256678,1920.000000
2.717620,1920.000000
3.435975,1920.000000
2.790791,1920.000000
3.414934,1920.000000
5.747429,1920.000000
3.660926,1920.000000
3.644495,1920.000000
0.991417,1920.000000
1.738497,1920.000000
0.974040,1920.000000
9.207873,1920.000000
4.275257,1920.000000
3.890724,1920.000000
5.812680,1920.000000
4.362613,1920.000000
8.503940,1920.000000
4.084232,1920.000000
4.616999,1920.000000
5.548011,1920.000000
12.551527,1920.000000
2.309563,1920.000000
3.429000,1920.000000
14.079257,1920.000000
6.124042,1920.000000
8.949587,1920.000000
12.964075,1920.000000
7.479188,1920.000000
6.578082,1920.000000
2.502835,1920.000000
2.397629,1920.000000
1.902334,1920.000000
5.589975,1920.000000
2.519975,1920.000000
3.091869,1920.000000
5.107210,1920.000000
3.118466,1920.000000
5.485597,1920.000000
2.983826,1920.000000
3.612224,1920.000000
4.889943,1920.000000
9.332583,1920.000000
1.716273,1920.000000
2.891387,1920.000000
6.223574,1920.000000
5.343983,1920.000000
5.748848,1920.000000
7.509922,1920.000000
4.507655,1920.000000
4.783437,1920.000000
1.602793,1920.000000
1.835782,1920.000000
1.369685,1920.000000
8.539048,1920.000000
3.949119,1920.000000
3.765777,1920.000000
6.400178,1920.000000
4.127732,1920.000000
8.976184,1920.000000
3.621799,1920.000000
4.256107,1920.000000
6.057373,1920.000000
11.410812,1920.000000
2.226817,1920.000000
3.398030,1920.000000
8.924999,1920.000000
5.774735,1920.000000
10.960082,1920.000000
11.378068,1920.000000
6.436941,1920.000000
6.111985,1920.000000
2.898243,1920.000000
2.323275,1920.000000
2.130477,1920.000000
10.776031,1920.000000
5.775326,1920.000000
5.890344,1920.000000
8.648627,1920.000000
6.751140,1920.000000
10.743642,1920.000000
5.300955,1920.000000
6.965571,1920.000000
8.537156,1920.000000
17.445016,1920.000000
3.189982,1920.000000
5.844715,1920.000000
13.189854,1920.000000
8.056638,1920.000000
11.100159,1920.000000
19.973974,1920.000000
10.516799,1920.000000
8.973465,1920.000000
3.566123,1920.000000
3.788591,1920.000000
2.993401,1920.000000
6.564134,1920.000000
3.227691,1920.000000
3.607496,1920.000000
5.328734,1920.000000
3.854788,1920.000000
6.262228,1920.000000
3.198848,1920.000000
4.641468,1920.000000
5.594349,1920.000000
9.929183,1920.000000
2.116528,1920.000000
3.604068,1920.000000
7.565717,1920.000000
4.717358,1920.000000
6.551367,1920.000000
10.868115,1920.000000
6.939328,1920.000000
5.541628,1920.000000
2.133669,1920.000000
2.253059,1920.000000
1.675609,1920.000000
6.855400,1920.000000
3.354056,1920.000000
3.765541,1920.000000
5.801096,1920.000000
4.170406,1920.000000
6.604088,1920.000000
3.041039,1920.000000
4.596667,1920.000000
5.336535,1920.000000
10.641391,1920.000000
2.095487,1920.000000
3.563877,1920.000000
6.484461,1920.000000
4.590402,1920.000000
5.991294,1920.000000
8.957862,1920.000000
5.981601,1920.000000
6.666148,1920.000000
1.721474,1920.000000
2.468909,1920.000000
1.481984,1920.000000
2.143480,1920.000000
1.330322,1920.000000
1.088230,1920.000000
1.634355,1920.000000
1.372286,1920.000000
2.456260,1920.000000
1.066361,1920.000000
1.296987,1920.000000
1.612604,1920.000000
3.576289,1920.000000
0.759019,1920.000000
1.083383,1920.000000
2.640193,1920.000000
1.503025,1920.000000
2.771641,1920.000000
3.395902,1920.000000
1.921366,1920.000000
1.958601,1920.000000
1.144143,1920.000000
0.728639,1920.000000
0.772494,1920.000000
2.250813,1920.000000
1.267198,1920.000000
1.656933,1920.000000
2.392900,1920.000000
1.944653,1920.000000
2.413587,1920.000000
1.333040,1920.000000
2.316183,1920.000000
2.398102,1920.000000
4.159885,1920.000000
0.869189,1920.000000
1.738024,1920.000000
2.369022,1920.000000
1.908126,1920.000000
2.466899,1920.000000
3.729369,1920.000000
2.347863,1920.000000
2.523876,1920.000000
0.709844,1920.000000
1.380679,1920.000000
0.723438,1920.000000
1.567685,1920.000000
1.259278,1920.000000
0.711144,1920.000000
1.195327,1920.000000
1.409403,1920.000000
1.836964,1920.000000
1.041656,1920.000000
1.373586,1920.000000
1.683057,1920.000000
3.206059,1920.000000
0.598373,1920.000000
0.977232,1920.000000
1.875146,1920.000000
1.426544,1920.000000
2.143362,1920.000000
2.895879,1920.000000
1.654332,1920.000000
1.514964,1920.000000
0.755118,1920.000000
0.702160,1920.000000
1.567448,1920.000000
10.555219,1920.000000
3.473289,1920.000000
3.968004,1920.000000
6.130328,1920.000000
3.955001,1920.000000
9.414951,1920.000000
3.539014,1920.000000
4.316137,1920.000000
5.182154,1920.000000
11.384709,1920.000000
2.033473,1920.000000
3.252588,1920.000000
9.338114,1920.000000
5.464797,1920.000000
8.387457,1920.000000
10.892358,1920.000000
6.550215,1920.000000
6.406233,1920.000000
2.257366,1920.000000
2.294957,1920.000000
1.548215,1920.000000
3.478845,1920.000000
2.757755,1920.000000
1.776718,1920.000000
2.451706,1920.000000
2.957414,1920.000000
4.267670,1920.000000
1.908760,1920.000000
2.397328,1920.000000
2.668505,1920.000000
5.892013,1920.000000
1.054801,1920.000000
1.955690,1920.000000
4.023445,1920.000000
2.501945,1920.000000
3.891166,1920.000000
5.663511,1920.000000
3.196201,1920.000000
2.945948,1920.000000
1.509915,1920.000000
1.476579,1920.000000
1.208594,1920.000000
3.946135,1920.000000
1.834287,1920.000000
2.929162,1920.000000
4.218139,1920.000000
2.493080,1920.000000
4.032666,1920.000000
1.977441,1920.000000
2.910248,1920.000000
3.715741,1920.000000
6.218514,1920.000000
1.242521,1920.000000
2.467191,1920.000000
4.129126,1920.000000
3.039335,1920.000000
3.960202,1920.000000
5.775693,1920.000000
3.386522,1920.000000
3.664200,1920.000000
1.030449,1920.000000
1.778255,1920.000000
0.725109,1920.000000
6.527045,1920.000000
2.630796,1920.000000
4.164590,1920.000000
7.807275,1920.000000
3.481091,1920.000000
6.395476,1920.000000
2.823835,1920.000000
4.116596,1920.000000
6.703062,1920.000000
9.623713,1920.000000
2.028745,1920.000000
3.418084,1920.000000
5.978899,1920.000000
5.219390,1920.000000
6.731078,1920.000000
8.688305,1920.000000
5.304148,1920.000000
5.621546,1920.000000
1.596209,1920.000000
2.297676,1920.000000
1.156344,1920.000000
3.830642,1920.000000
2.600534,1920.000000
2.370258,1920.000000
3.493148,1920.000000
4.546294,1920.000000
4.048269,1920.000000
2.185257,1920.000000
3.588545,1920.000000
4.029474,1920.000000
8.225271,1920.000000
1.543251,1920.000000
2.688956,1920.000000
4.370159,1920.000000
3.142533,1920.000000
4.011387,1920.000000
7.072355,1920.000000
3.875681,1920.000000
4.299587,1920.000000
1.329761,1920.000000
2.044704,1920.000000
1.491710,1920.000000
8.931939,1920.000000
4.124752,1920.000000
4.196625,1920.000000
6.702471,1920.000000
4.286702,1920.000000
10.227064,1920.000000
3.704392,1920.000000
4.693468,1920.000000
5.349659,1920.000000
11.396884,1920.000000
2.003211,1920.000000
3.540551,1920.000000
9.669579,1920.000000
5.398835,1920.000000
8.829332,1920.000000
11.314491,1920.000000
6.627998,1920.000000
6.655541,1920.000000
2.376641,1920.000000
2.661294,1920.000000
1.884172,1920.000000
3.442554,1920.000000
1.947888,1920.000000
1.824003,1920.000000
2.769576,1920.000000
2.250746,1920.000000
3.548826,1920.000000
2.878331,1920.000000
2.389053,1920.000000
2.934718,1920.000000
6.122880,1920.000000
1.081871,1920.000000
1.763715,1920.000000
4.096381,1920.000000
2.993232,1920.000000
3.698245,1920.000000
5.078837,1920.000000
2.875730,1920.000000
3.151872,1920.000000
1.040615,1920.000000
1.302808,1920.000000
0.996523,1920.000000
4.184804,1920.000000
2.446741,1920.000000
2.994178,1920.000000
4.291076,1920.000000
3.586890,1920.000000
4.378907,1920.000000
2.338814,1920.000000
4.318855,1920.000000
4.867120,1920.000000
8.389940,1920.000000
1.726951,1920.000000
3.300582,1920.000000
4.520051,1920.000000
3.537123,1920.000000
4.266724,1920.000000
6.978022,1920.000000
4.624196,1920.000000
4.536128,1920.000000
1.458729,1920.000000
2.028745,1920.000000
1.363687,1920.000000
5.181563,1920.000000
3.021839,1920.000000
3.669756,1920.000000
6.642420,1920.000000
3.981362,1920.000000
5.590220,1920.000000
2.681036,1920.000000
4.668761,1920.000000
7.709987,1920.000000
9.824317,1920.000000
2.077093,1920.000000
3.782530,1920.000000
5.440091,1920.000000
4.676090,1920.000000
6.189788,1920.000000
8.680740,1920.000000
5.440091,1920.000000
5.361480,1920.000000
1.622334,1920.000000
2.446031,1920.000000
1.624580,1920.000000
11.158452,1920.000000
5.783850,1920.000000
6.323367,1920.000000
9.640262,1920.000000
8.012136,1920.000000
11.491335,1920.000000
5.944263,1920.000000
8.267354,1920.000000
9.983194,1920.000000
21.759064,1920.000000
3.947199,1920.000000
6.351265,1920.000000
12.670731,1920.000000
9.323101,1920.000000
11.243919,1920.000000
16.874094,1920.000000
9.941820,1920.000000
10.754169,1920.000000
3.589845,1920.000000
4.222513,1920.000000
3.319023,1920.000000
2.071774,1920.000000
1.068513,1920.000000
1.211549,1920.000000
1.908642,1920.000000
1.461921,1920.000000
2.112675,1920.000000
1.074187,1920.000000
1.736999,1920.000000
2.128870,1920.000000
3.887738,1920.000000
1.029385,1920.000000
1.288978,1920.000000
2.175445,1920.000000
1.722459,1920.000000
2.174618,1920.000000
3.332617,1920.000000
2.171663,1920.000000
2.078985,1920.000000
0.751588,1920.000000
0.902308,1920.000000
0.616473,1920.000000
3.341365,1920.000000
1.846108,1920.000000
2.194477,1920.000000
3.351413,1920.000000
2.860244,1920.000000
3.411228,1920.000000
1.870223,1920.000000
3.132012,1920.000000
3.818112,1920.000000
6.244520,1920.000000
1.323850,1920.000000
2.552895,1920.000000
3.729217,1920.000000
2.880104,1920.000000
3.492557,1920.000000
5.874518,1920.000000
3.565967,1920.000000
3.718459,1920.000000
1.034941,1920.000000
1.705200,1920.000000
0.990612,1920.000000
9.415188,1920.000000
3.860550,1920.000000
4.054180,1920.000000
6.035404,1920.000000
4.265542,1920.000000
9.899973,1920.000000
4.053944,1920.000000
4.469457,1920.000000
5.602514,1920.000000
12.296237,1920.000000
2.200033,1920.000000
3.508752,1920.000000
12.752652,1920.000000
6.278565,1920.000000
9.117768,1920.000000
12.903726,1920.000000
7.447676,1920.000000
6.506004,1920.000000
2.569444,1920.000000
2.411632,1920.000000
1.923537,1920.000000
5.410420,1920.000000
2.523460,1920.000000
3.234620,1920.000000
5.389733,1920.000000
3.068296,1920.000000
5.523076,1920.000000
2.842985,1920.000000
3.719405,1920.000000
4.621713,1920.000000
9.130771,1920.000000
1.712648,1920.000000
2.850906,1920.000000
5.944854,1920.000000
5.374838,1920.000000
5.670012,1920.000000
7.790135,1920.000000
4.853408,1920.000000
4.766168,1920.000000
1.591126,1920.000000
1.825421,1920.000000
1.421138,1920.000000
8.519618,1920.000000
4.036448,1920.000000
3.780875,1920.000000
6.769379,1920.000000
3.965285,1920.000000
9.142592,1920.000000
3.533104,1920.000000
4.395102,1920.000000
5.933387,1920.000000
11.511786,1920.000000
2.149793,1920.000000
3.527903,1920.000000
9.032774,1920.000000
5.678878,1920.000000
10.619999,1920.000000
11.413079,1920.000000
6.608848,1920.000000
6.058337,1920.000000
2.527479,1920.000000
2.383379,1920.000000
2.080758,1920.000000
11.090835,1920.000000
5.630412,1920.000000
5.802055,1920.000000
8.629436,1920.000000
6.691832,1920.000000
11.086225,1920.000000
5.163713,1920.000000
6.928373,1920.000000
8.639011,1920.000000
16.836030,1920.000000
3.323751,1920.000000
5.651335,1920.000000
12.832681,1920.000000
7.930570,1920.000000
11.560371,1920.000000
19.877847,1920.000000
10.714095,1920.000000
9.234915,1920.000000
3.636539,1920.000000
3.799553,1920.000000
2.969235,1920.000000
6.583432,1920.000000
3.239230,1920.000000
3.454966,1920.000000
5.335474,1920.000000
3.953700,1920.000000
6.295115,1920.000000
3.169131,1920.000000
4.634125,1920.000000
5.480756,1920.000000
10.216543,1920.000000
2.183366,1920.000000
3.537241,1920.000000
7.401219,1920.000000
4.592042,1920.000000
6.556244,1920.000000
10.539142,1920.000000
7.102617,1920.000000
5.820377,1920.000000
2.051678,1920.000000
2.349334,1920.000000
1.681203,1920.000000
6.393939,1920.000000
3.188636,1920.000000
4.200880,1920.000000
5.672613,1920.000000
4.200999,1920.000000
6.674928,1920.000000
3.098204,1920.000000
4.566863,1920.000000
5.407465,1920.000000
10.594702,1920.000000
2.050023,1920.000000
3.852511,1920.000000
6.652113,1920.000000
4.656113,1920.000000
6.019327,1920.000000
8.968112,1920.000000
5.968496,1920.000000
6.438623,1920.000000
1.844335,1920.000000
2.204762,1920.000000
1.517835,1920.000000
2.214337,1920.000000
1.370544,1920.000000
1.122772,1920.000000
1.615123,1920.000000
1.339454,1920.000000
2.521214,1920.000000
1.076315,1920.000000
1.371016,1920.000000
1.671510,1920.000000
3.528730,1920.000000
0.717189,1920.000000
1.132466,1920.000000
2.410686,1920.000000
1.551289,1920.000000
2.601834,1920.000000
3.557692,1920.000000
2.038438,1920.000000
1.906633,1920.000000
0.973117,1920.000000
0.733029,1920.000000
0.803365,1920.000000
2.189513,1920.000000
1.441116,1920.000000
1.539704,1920.000000
2.259139,1920.000000
2.044349,1920.000000
2.378769,1920.000000
1.360968,1920.000000
2.217647,1920.000000
2.556204,1920.000000
4.301833,1920.000000
0.916257,1920.000000
1.656852,1920.000000
2.392482,1920.000000
1.905096,1920.000000
2.311743,1920.000000
3.678504,1920.000000
2.238334,1920.000000
2.650183,1920.000000
0.706077,1920.000000
1.422202,1920.000000
0.732911,1920.000000
1.557791,1920.000000
1.209540,1920.000000
0.715416,1920.000000
1.176795,1920.000000
1.466650,1920.000000
1.876843,1920.000000
1.029031,1920.000000
1.408017,1920.000000
1.649404,1920.000000
3.283087,1920.000000
0.633377,1920.000000
0.982928,1920.000000
1.842680,1920.000000
1.386266,1920.000000
2.072247,1920.000000
2.940628,1920.000000
1.677775,1920.000000
1.528947,1920.000000
0.747096,1920.000000
0.710924,1920.000000
1.498448,1920.000000
120.339584,1920.000000
59.983385,1920.000000
65.471935,1920.000000
102.310337,1920.000000
74.789219,1920.000000
124.569620,1920.000000
58.186453,1920.000000
80.138052,1920.000000
100.363287,1920.000000
190.597939,1920.000000
36.906842,1920.000000
62.937058,1920.000000
131.566448,1920.000000
89.261837,1920.000000
123.664298,1920.000000
178.023436,1920.000000
106.173114,1920.000000
104.167316,1920.000000
36.255185,1920.000000
42.899058,1920.000000
31.395597,1920.000000
