2,20,0,2,134709883,1.219902
3,2,7,3,3,0.487163
3,18,20,0,1,0.316544
3,10,8,3,0,0.268815
2,20,3,3,0,0.260826
0,1,2,0,0,0.299727
2,12,3,3,0,0.232283
3,3,11,3,1,0.183510
3,18,20,3,1,0.183977
0,2,3,3,1,0.183380
2,19,1,0,1,0.154855
3,20,1,2,2,0.161861
0,0,1,3,2,0.143858
0,2,1,2,2,0.138291
0,1,0,2,2,0.130774
3,18,20,0,1,0.139695
2,17,2,0,1,0.129365
0,3,1,2,1,0.116340
2,14,2,0,1,0.127028
0,1,3,0,1,0.118711
2,0,2,0,1,0.109956
0,0,0,2,1,0.108897
0,0,2,0,1,0.100813
3,8,11,3,0,0.100929
2,20,1,1,0,0.097563
3,8,3,0,3,0.109392
2,6,1,1,3,0.094214
0,1,0,0,3,0.099354
0,0,1,1,3,0.091016
0,3,3,3,3,0.094656
2,12,0,1,3,0.085962
3,10,10,1,0,0.088884
2,4,0,0,0,0.085144
2,3,0,1,0,0.078172
0,3,0,1,0,0.071364
3,3,8,0,3,0.080073
2,5,3,1,3,0.075020
0,3,0,0,3,0.073725
3,18,20,1,1,0.073108
3,19,10,3,3,0.097682
3,19,19,2,0,0.073667
3,19,19,3,1,0.066092
2,16,3,0,1,0.080464
2,8,1,3,1,0.071605
2,20,3,0,1,0.081722
2,3,1,3,1,0.076670
3,18,20,0,1,0.080435
0,0,3,0,1,0.067870
0,3,1,3,1,0.063863
0,2,3,2,1,0.058937
2,8,1,1,1,0.071818
2,2,3,1,1,0.066542
2,4,2,3,1,0.062963
0,2,3,1,1,0.061251
2,16,2,2,1,0.050988
0,0,2,2,1,0.053429
2,11,1,3,1,0.052118
0,2,0,2,1,0.053470
0,0,1,1,1,0.058446
2,6,3,2,1,0.060409
0,2,2,1,1,0.063849
2,15,3,2,1,0.050993
2,12,1,3,1,0.057371
0,2,1,3,1,0.051087
3,14,3,2,0,0.056229
2,12,0,1,0,0.058736
0,1,3,0,0,0.052712
3,10,19,1,1,0.053852
3,10,10,2,0,0.060286
0,0,0,1,0,0.051902
0,0,3,2,0,0.053695
0,3,2,3,0,0.045635
0,3,3,2,0,0.054201
0,2,1,1,0,0.041783
0,3,0,2,0,0.049002
3,19,10,3,3,0.044139
2,3,0,2,3,0.052966
3,19,17,3,0,0.054981
2,6,0,2,0,0.051963
2,3,3,3,0,0.050413
3,3,11,2,1,0.051180
2,11,3,3,1,0.050334
0,1,3,3,1,0.040664
3,20,1,1,2,0.043206
2,9,2,1,2,0.046237
0,0,0,2,2,0.047583
0,3,2,1,2,0.040547
0,3,3,1,2,0.039310
3,8,14,3,0,0.038381
2,20,2,3,0,0.042722
3,3,8,3,2,0.045004
2,4,2,3,2,0.040149
2,5,2,3,2,0.040080
0,0,1,3,2,0.034010
2,2,3,0,2,0.037249
0,0,1,3,2,0.033940
2,14,1,0,2,0.041105
2,3,2,3,2,0.046500
0,0,2,2,2,0.043567
3,17,7,3,1,0.036576
0,1,1,2,1,0.039074
0,2,2,3,1,0.036257
3,19,17,0,0,0.035330
2,1,3,0,0,0.034759
3,3,11,2,1,0.035970
2,19,2,3,1,0.036513
3,18,20,2,1,0.040125
3,20,1,3,2,0.041676
2,20,3,0,2,0.035157
3,8,11,3,0,0.042133
3,3,11,0,1,0.037090
2,3,3,0,1,0.035485
2,6,3,2,1,0.043425
3,19,19,3,3,0.037653
0,2,3,2,3,0.038451
2,12,1,0,3,0.031145
0,1,1,2,3,0.031311
0,1,1,0,3,0.030382
2,8,3,0,3,0.031817
0,1,3,0,3,0.036226
0,0,1,0,3,0.029856
3,6,6,3,0,0.035045
2,12,0,2,0,0.034354
3,14,3,3,0,0.031406
3,19,10,3,3,0.030482
3,3,11,3,1,0.031775
3,3,11,2,0,0.034822
0,1,0,3,0,0.029627
0,2,0,2,0,0.035667
2,11,2,1,0,0.030279
2,3,2,3,0,0.030556
2,7,2,3,0,0.034785
3,18,20,3,1,0.034404
0,0,1,0,1,0.035759
2,6,2,3,1,0.032419
0,3,2,3,1,0.034588
0,1,2,3,1,0.030605
2,14,0,3,1,0.031361
2,9,3,1,1,0.029828
2,0,3,1,1,0.028630
3,19,19,1,0,0.030568
2,14,3,3,0,0.035917
2,9,0,3,0,0.037549
0,0,3,3,0,0.034729
2,3,0,3,0,0.032298
0,1,1,2,0,0.031398
0,0,2,1,0,0.027700
0,1,3,1,0,0.028931
0,0,2,3,0,0.026328
2,15,3,3,0,0.030448
0,1,3,3,0,0.027457
0,2,3,3,0,0.026463
0,2,3,3,0,0.030982
3,18,20,0,1,0.033364
0,2,0,3,1,0.031926
2,6,1,2,1,0.026255
0,2,1,2,1,0.026789
2,7,1,0,1,0.023784
2,12,1,0,1,0.025258
0,2,1,0,1,0.025582
0,1,0,2,1,0.025538
2,20,3,1,1,0.024830
2,19,2,1,1,0.028716
3,18,20,3,1,0.030974
0,0,2,1,1,0.031447
2,14,1,3,1,0.029285
0,3,3,3,1,0.027788
2,6,3,0,1,0.028351
2,3,1,2,1,0.028515
3,18,20,0,1,0.028005
0,2,2,1,1,0.028603
0,0,3,0,1,0.027340
3,18,20,2,1,0.023144
2,18,1,1,1,0.025772
0,0,2,2,1,0.022979
2,14,1,0,1,0.022089
2,14,2,3,1,0.023075
2,11,1,3,1,0.026676
0,3,0,0,1,0.021827
0,3,0,2,1,0.024978
0,3,0,0,1,0.022865
3,18,20,1,1,0.024873
0,3,1,2,1,0.027546
0,1,1,1,1,0.024963
2,0,2,2,1,0.021346
2,4,2,3,1,0.023810
2,7,3,1,1,0.021051
3,3,11,1,1,0.021505
3,14,3,1,0,0.021462
2,14,1,1,0,0.024986
2,7,3,1,0,0.026266
2,3,3,3,0,0.026138
0,1,3,1,0,0.023996
2,20,1,1,0,0.021400
0,3,3,0,0,0.025388
0,2,3,3,0,0.022722
0,2,3,3,0,0.027798
0,3,3,0,0,0.023571
0,3,1,3,0,0.020519
3,18,20,2,1,0.019795
0,2,3,1,1,0.021957
3,20,1,0,2,0.023490
3,20,1,0,2,0.022204
2,9,1,0,2,0.028648
0,1,1,2,2,0.022146
0,1,3,0,2,0.019691
0,1,3,3,2,0.019311
0,2,2,0,2,0.024029
0,0,2,0,2,0.024285
2,5,2,2,2,0.022694
0,0,2,0,2,0.022047
0,2,2,2,2,0.023203
0,1,3,0,2,0.020046
0,1,3,3,2,0.020083
3,19,19,1,0,0.018781
3,19,10,2,3,0.021734
2,6,3,3,3,0.026325
0,2,1,0,3,0.025334
0,2,1,0,3,0.026236
0,2,1,0,3,0.021461
3,18,20,3,1,0.025308
0,0,2,1,1,0.024089
0,0,3,3,1,0.023818
2,17,1,2,1,0.021968
0,1,3,2,1,0.021246
0,3,1,2,1,0.022427
0,3,1,2,1,0.024976
0,3,0,3,1,0.017681
0,2,3,2,1,0.019229
0,0,1,3,1,0.019776
0,0,1,1,1,0.024087
0,0,1,1,1,0.024621
2,19,2,2,1,0.024676
0,1,3,0,1,0.022946
0,3,2,2,1,0.022239
3,18,20,2,1,0.021644
2,7,1,2,1,0.022918
0,3,3,1,1,0.022116
0,3,1,2,1,0.020645
2,6,2,3,1,0.022244
0,2,1,0,1,0.022141
0,2,2,3,1,0.021481
2,8,3,3,1,0.019432
0,2,2,3,1,0.021772
2,2,0,3,1,0.017100
3,20,1,0,2,0.016434
2,20,0,3,2,0.021244
2,16,2,1,2,0.019212
0,1,1,2,2,0.022445
3,10,19,1,1,0.020800
0,1,1,0,1,0.022059
0,2,2,1,1,0.019633
0,1,0,3,1,0.021784
0,3,1,0,1,0.018810
0,1,3,0,1,0.016742
2,3,1,0,1,0.019188
0,2,3,0,1,0.021887
3,6,6,3,0,0.019043
0,0,2,2,0,0.019753
2,4,1,0,0,0.018054
2,8,1,2,0,0.019931
2,9,1,3,0,0.015945
2,13,1,0,0,0.018252
2,13,1,2,0,0.021506
0,2,1,2,0,0.015590
0,3,1,0,0,0.019374
0,2,1,2,0,0.021922
0,2,1,3,0,0.021166
0,2,1,3,0,0.018833
0,2,0,2,0,0.016602
2,13,1,0,0,0.016187
0,0,3,1,0,0.017286
0,0,3,1,0,0.017553
0,0,3,2,0,0.015916
3,18,20,3,1,0.020126
2,19,1,0,1,0.020757
2,6,2,3,1,0.020717
2,17,1,0,1,0.020567
2,3,2,3,1,0.019393
3,17,7,0,1,0.017650
0,2,2,3,1,0.017381
0,0,1,0,1,0.018602
0,0,1,0,1,0.020976
0,0,1,0,1,0.019377
0,1,3,0,1,0.019145
3,20,1,1,2,0.019223
2,20,3,2,2,0.018706
2,7,2,1,2,0.018178
2,6,2,1,2,0.019240
2,19,2,1,2,0.019067
3,18,20,2,1,0.019058
2,16,1,1,1,0.018889
0,0,3,2,1,0.017958
2,12,3,1,1,0.015025
2,12,3,1,1,0.016128
0,0,3,2,1,0.017432
3,3,8,1,0,0.018207
0,0,1,3,0,0.015095
0,3,3,1,0,0.016782
3,20,1,1,2,0.014571
3,20,1,0,2,0.020320
0,3,3,1,2,0.018664
2,12,0,1,2,0.016883
3,18,20,3,1,0.018569
0,3,1,1,1,0.019133
0,3,1,1,1,0.018617
0,0,2,3,1,0.015525
0,0,2,3,1,0.018170
0,0,2,1,1,0.020070
2,1,2,0,1,0.018690
0,1,0,0,1,0.016015
0,2,0,3,1,0.016315
0,2,0,3,1,0.017434
0,2,2,0,1,0.018767
0,2,3,0,1,0.016591
0,1,3,2,1,0.017973
0,2,1,1,1,0.015026
0,2,1,2,1,0.016542
3,18,20,2,1,0.016659
0,2,1,0,1,0.017001
3,20,1,2,2,0.019029
0,2,1,3,2,0.018203
0,3,0,2,2,0.015984
3,3,14,0,2,0.037948
3,3,3,0,2,0.029821
3,18,20,1,1,0.028883
0,3,0,0,1,0.020318
3,19,10,2,3,0.018479
2,8,2,2,3,0.014409
0,1,1,1,3,0.014238
0,1,1,1,3,0.018539
0,3,0,2,3,0.017928
0,3,0,0,3,0.015637
2,4,2,1,3,0.017865
0,0,2,2,3,0.014360
0,2,2,3,3,0.014420
3,19,19,2,0,0.013816
2,14,2,2,0,0.015960
2,12,0,3,0,0.014095
0,1,0,3,0,0.014513
3,18,20,3,1,0.016539
3,18,20,1,1,0.019292
3,18,20,3,1,0.017785
3,18,20,0,1,0.020839
2,14,1,2,1,0.015750
0,3,2,3,1,0.017799
0,3,2,3,1,0.015939
0,3,2,3,1,0.015174
2,2,1,2,1,0.013027
0,1,3,1,1,0.012298
0,2,1,2,1,0.013693
0,2,1,2,1,0.016079
0,2,1,3,1,0.012166
2,17,1,1,1,0.014042
2,17,2,0,1,0.016221
2,17,2,1,1,0.015187
0,1,1,1,1,0.013861
0,1,1,1,1,0.013271
2,3,2,1,1,0.016241
0,0,2,0,1,0.016664
2,6,2,0,1,0.015759
0,2,3,3,1,0.018078
0,2,3,3,1,0.017707
0,2,3,3,1,0.013537
0,2,3,1,1,0.014068
0,2,3,1,1,0.015087
3,10,19,2,1,0.018158
2,20,3,3,1,0.016715
3,20,1,1,2,0.016931
0,0,2,0,2,0.015486
0,0,2,0,2,0.012463
0,2,0,1,2,0.012832
0,3,2,1,2,0.014207
0,3,2,1,2,0.016723
2,19,1,2,2,0.018374
2,6,0,3,2,0.017228
0,3,1,2,2,0.017196
0,2,0,3,2,0.017192
0,2,0,3,2,0.015151
3,18,20,3,1,0.018471
2,7,2,1,1,0.016102
0,0,3,3,1,0.016692
0,0,3,3,1,0.015920
0,3,2,3,1,0.014433
0,3,2,3,1,0.014356
0,3,0,2,1,0.015018
0,3,0,2,1,0.013251
0,2,2,1,1,0.017319
0,0,3,3,1,0.016233
0,2,1,0,1,0.015149
0,2,1,0,1,0.016206
3,18,20,0,1,0.013407
3,18,20,3,1,0.015686
3,18,20,0,1,0.014657
0,1,2,0,1,0.014213
0,2,2,3,1,0.014522
2,5,3,2,1,0.013114
0,2,1,0,1,0.014402
3,18,20,0,1,0.017019
2,20,1,0,1,0.016995
2,20,3,0,1,0.016090
0,1,0,0,1,0.015104
0,1,0,0,1,0.015515
0,3,3,0,1,0.014902
0,3,3,0,1,0.016295
0,3,3,0,1,0.019586
0,3,3,0,1,0.014513
0,1,3,0,1,0.015980
0,3,1,0,1,0.015824
0,3,2,1,1,0.015887
0,0,1,3,1,0.014904
0,0,1,3,1,0.018886
0,0,1,3,1,0.017206
0,0,1,3,1,0.015680
0,0,1,3,1,0.014293
2,7,1,3,1,0.015498
0,3,0,0,1,0.012118
0,0,1,0,1,0.014266
0,0,1,0,1,0.016710
3,18,20,2,1,0.016493
0,3,0,0,1,0.016963
0,1,1,0,1,0.013244
2,3,3,2,1,0.014417
0,1,1,2,1,0.015737
2,19,3,2,1,0.014519
2,6,3,2,1,0.015859
0,0,3,2,1,0.015713
0,2,3,2,1,0.015441
0,3,2,1,1,0.013459
0,0,1,1,1,0.012772
0,3,2,2,1,0.013564
0,3,1,2,1,0.012743
0,3,1,2,1,0.014487
2,9,2,0,1,0.013188
0,3,2,0,1,0.014845
0,2,3,0,1,0.012168
0,2,3,3,1,0.013924
0,2,3,3,1,0.013836
0,2,3,1,1,0.014997
0,0,1,1,1,0.012800
0,0,1,1,1,0.012694
0,0,1,1,1,0.013803
0,0,1,0,1,0.014460
0,0,1,0,1,0.015922
0,0,1,0,1,0.014730
3,20,1,0,2,0.014538
2,7,1,1,2,0.014870
2,6,2,3,2,0.014899
0,3,1,1,2,0.014941
3,20,1,2,2,0.013193
0,2,2,0,2,0.012680
0,0,1,0,2,0.012790
0,0,1,0,2,0.016732
0,0,1,0,2,0.014837
3,20,1,0,2,0.013246
2,20,3,1,2,0.014332
0,1,0,0,2,0.015538
0,0,1,0,2,0.013265
2,10,0,0,2,0.012853
3,19,10,0,3,0.014907
0,0,1,0,3,0.012562
2,11,1,0,3,0.012205
3,3,11,0,1,0.014058
2,3,0,0,1,0.012010
0,0,0,0,1,0.012491
0,0,0,0,1,0.017160
3,19,19,2,2,0.014037
0,1,0,0,2,0.015248
2,8,2,1,2,0.013077
0,2,1,2,2,0.014191
2,19,2,1,2,0.012877
0,0,3,1,2,0.014739
0,0,2,1,2,0.011838
0,0,3,0,2,0.014490
0,1,0,2,2,0.011975
0,3,2,3,2,0.013690
0,3,2,3,2,0.012241
3,19,19,3,0,0.013584
0,1,0,3,0,0.013117
3,10,19,0,1,0.013848
2,20,2,3,1,0.013523
0,1,0,0,1,0.013601
0,2,0,2,1,0.013600
0,2,0,2,1,0.012757
2,17,1,0,1,0.012092
2,5,2,1,1,0.011641
2,11,2,1,1,0.011701
2,17,2,1,1,0.012808
0,0,2,3,1,0.015558
0,0,2,3,1,0.013287
0,0,2,3,1,0.011868
0,0,2,3,1,0.014991
0,2,1,2,1,0.014660
0,2,1,2,1,0.012698
0,3,3,1,1,0.011059
0,2,1,2,1,0.012796
3,3,11,0,1,0.012401
0,2,2,1,1,0.012648
0,3,3,1,1,0.015536
0,3,3,3,1,0.013876
1,0.300000
1,0.900000
0,0.100000
1,0.300000
1,0.300000
0,0.100000
1,0.300000
1,0.300000
1,0.300000
1,0.400000
0,0.300000
1,0.300000
1,0.400000
1,0.300000
0,0.100000
0,0.400000
0,0.200000
1,0.300000
0,0.400000
0,0.100000
0,0.400000
1,0.600000
0,0.400000
1,0.300000
1,0.100000
0,0.100000
1,0.100000
0,0.100000
1,0.100000
1,0.300000
0,0.500000
0,0.500000
0,0.200000
0,0.500000
0,0.500000
0,0.100000
1,0.100000
0,0.100000
1,0.100000
1,0.300000
0,0.200000
1,0.200000
0,0.500000
1,0.200000
0,0.500000
1,0.200000
0,0.500000
0,0.400000
1,0.200000
0,0.200000
1,0.900000
1,0.100000
1,0.300000
1,0.100000
0,0.300000
0,0.300000
1,0.300000
1,0.200000
1,0.900000
0,0.100000
1,0.400000
0,0.100000
1,0.300000
1,0.300000
0,0.100000
0,0.300000
0,0.300000
0,0.300000
0,0.100000
0,0.300000
0,0.100000
1,0.300000
0,0.100000
1,0.300000
1,0.400000
1,0.300000
1,0.100000
1,0.300000
1,0.100000
1,0.300000
1,0.100000
1,0.300000
1,0.300000
1,0.100000
1,0.100000
1,0.100000
1,0.100000
1,0.100000
1,0.500000
1,0.100000
1,0.500000
1,0.100000
1,0.100000
1,0.500000
1,0.100000
0,0.100000
0,0.400000
1,0.300000
0,0.600000
1,0.300000
0,0.300000
1,0.300000
1,0.100000
1,0.100000
0,0.100000
1,0.300000
0,0.100000
1,0.300000
1,0.100000
1,0.300000
1,0.100000
1,0.100000
0,0.100000
1,0.300000
0,0.100000
0,0.100000
1,0.100000
0,0.100000
1,0.100000
1,0.100000
0,0.400000
1,0.800000
1,0.100000
1,0.800000
1,0.800000
1,0.500000
1,0.100000
1,0.500000
1,0.100000
1,0.200000
0,0.700000
1,0.300000
0,0.800000
1,0.900000
0,0.700000
1,0.300000
0,0.700000
1,0.800000
1,0.200000
1,0.200000
1,0.200000
0,0.800000
1,0.800000
0,0.800000
1,0.800000
0,0.200000
1,0.100000
1,0.200000
1,0.100000
1,0.400000
1,0.200000
0,0.400000
1,0.700000
0,0.400000
1,0.800000
0,0.300000
0,0.300000
0,0.200000
0,0.200000
0,0.200000
0,0.300000
1,0.100000
1,0.500000
0,0.900000
1,0.500000
0,0.900000
1,0.900000
0,0.500000
1,0.600000
0,0.500000
1,0.900000
0,0.500000
1,0.200000
1,0.200000
1,0.200000
0,0.100000
1,0.100000
0,0.900000
1,0.900000
1,0.300000
1,0.900000
1,0.200000
1,0.600000
1,0.200000
0,0.200000
1,0.100000
1,0.400000
1,0.100000
1,0.400000
1,0.100000
1,0.400000
0,0.800000
1,0.400000
1,0.100000
1,0.700000
1,0.200000
0,0.400000
0,0.100000
1,0.100000
0,0.200000
0,0.600000
1,0.800000
0,0.100000
1,0.900000
1,0.100000
1,0.100000
1,0.400000
0,0.800000
1,0.800000
0,0.200000
0,0.100000
0,0.200000
0,0.200000
0,0.100000
1,0.100000
1,0.400000
0,0.800000
1,0.900000
0,0.400000
1,0.900000
0,0.800000
1,0.500000
0,0.800000
1,0.400000
0,0.200000
1,0.400000
0,0.300000
1,0.700000
0,0.200000
0,0.100000
0,0.400000
1,0.100000
1,0.400000
0,0.500000
1,0.400000
0,0.400000
1,0.800000
0,0.900000
1,0.800000
0,0.600000
1,0.900000
0,0.600000
1,0.600000
1,0.100000
1,0.200000
0,0.100000
1,0.200000
1,0.900000
0,0.400000
1,0.900000
0,0.300000
1,0.900000
1,0.200000
0,0.100000
1,0.100000
1,0.400000
0,0.600000
0,0.100000
0,0.600000
1,0.400000
1,0.100000
0,0.100000
1,0.400000
1,0.100000
1,0.100000
1,0.400000
0,0.700000
0,0.100000
1,0.300000
1,0.300000
1,0.900000
0,0.400000
1,0.200000
1,0.400000
0,0.600000
1,0.900000
0,0.600000
1,0.900000
0,0.600000
1,0.900000
0,0.600000
1,0.900000
0,0.500000
1,0.900000
0,0.500000
1,0.500000
0,0.200000
1,0.500000
0,0.400000
1,0.500000
0,0.200000
1,0.400000
0,0.200000
1,0.300000
1,0.200000
1,0.400000
0,0.400000
1,0.500000
1,0.200000
1,0.200000
1,0.400000
0,0.500000
1,0.900000
0,0.300000
1,0.400000
0,0.200000
0,0.300000
1,0.100000
1,0.500000
0,0.800000
1,0.400000
0,0.600000
1,0.800000
0,0.800000
1,0.900000
0,0.100000
1,0.200000
1,0.500000
1,0.300000
1,0.900000
1,0.300000
1,0.500000
1,0.300000
1,0.900000
1,0.900000
0,0.400000
1,0.900000
1,0.300000
1,0.200000
0,0.500000
1,0.900000
1,0.300000
1,0.900000
0,0.400000
1,0.200000
0,0.200000
1,0.100000
1,0.100000
0,0.900000
0,0.900000
1,0.300000
0,0.700000
1,0.300000
1,0.400000
1,0.100000
1,0.300000
0,0.200000
1,0.100000
1,0.100000
1,0.300000
1,0.100000
0,0.300000
0,0.100000
0,0.500000
1,0.800000
1,0.200000
0,0.500000
1,0.900000
0,0.400000
1,0.800000
0,0.500000
1,0.700000
0,0.400000
1,0.200000
1,0.400000
0,0.500000
1,0.800000
0,0.800000
1,0.200000
0,0.500000
1,0.400000
0,0.700000
1,0.200000
0,0.400000
1,0.800000
0,0.600000
1,0.800000
0,0.600000
1,0.800000
0,0.800000
1,0.900000
0,0.800000
1,0.600000
0,0.200000
1,0.300000
1,0.300000
0,0.800000
1,0.900000
0,0.800000
1,0.900000
0,0.400000
1,0.700000
1,0.100000
0,0.300000
1,0.400000
1,0.100000
0,0.100000
1,0.900000
0,0.500000
1,0.400000
0,0.500000
1,0.400000
0,0.500000
1,0.700000
0,0.400000
1,0.300000
0,0.100000
0,0.500000
1,0.400000
0,0.400000
0,0.100000
1,0.200000
0,0.100000
1,0.200000
0,0.100000
1,0.200000
0,0.300000
0,0.500000
1,0.900000
0,0.400000
1,0.900000
0,0.300000
1,0.600000
0,0.400000
1,0.600000
0,0.300000
1,0.600000
0,0.300000
1,0.200000
0,0.700000
1,0.100000
0,0.300000
1,0.200000
1,0.800000
0,0.100000
0,0.200000
0,0.400000
1,0.600000
0,0.600000
1,0.500000
0,0.400000
1,0.100000
1,0.900000
0,0.500000
1,0.900000
0,0.200000
1,0.400000
0,0.400000
1,0.400000
0,0.800000
1,0.300000
0,0.200000
1,0.100000
0,0.200000
1,0.100000
0,0.600000
1,0.400000
1,0.100000
0,0.500000
0,0.200000
0,0.200000
1,0.300000
0,0.500000
1,0.400000
1,0.400000
0,0.500000
1,0.400000
0,0.500000
1,0.900000
0,0.800000
1,0.500000
0,0.600000
1,0.500000
0,0.700000
1,0.400000
0,0.200000
1,0.300000
0,0.400000
1,0.200000
1,0.300000
0,0.400000
1,0.400000
1,0.100000
0,0.400000
1,0.300000
1,0.900000
1,0.900000
1,0.900000
0,0.400000
1,0.200000
0,0.300000
1,0.500000
1,0.100000
0,0.300000
1,0.100000
1,0.500000
0,0.200000
1,0.900000
0,0.900000
1,0.900000
1,1.886825
0,0.922914
1,1.367279
0,1.108666
0,0.987913
0,0.967703
0,0.907849
0,1.017703
1,1.267279
0,0.961680
1,1.193640
1,1.193640
0,1.367279
0,1.367279
0,1.367279
0,1.367279
0,1.228774
0,1.320398
0,1.320398
0,1.228774
1,1.167279
0,1.182630
0,1.182630
0,1.182630
0,1.270398
1,1.418569
0,1.320398
1,1.481577
0,1.270398
1,1.481577
0,1.270398
0,1.320398
1,1.481577
1,1.481577
1,1.381577
1,1.381577
1,1.167279
0,0.921214
1,1.167279
1,1.650038
0,1.256757
0,0.921214
0,1.270741
0,1.228774
0,1.367279
1,1.482630
0,1.367279
0,1.270741
1,1.482630
0,1.270741
1,1.482630
0,1.270741
1,1.482630
0,1.270741
1,1.346511
1,1.346511
1,1.346511
1,1.346511
1,1.346511
0,1.393640
1,1.346511
0,1.393640
1,1.346511
1,1.346511
0,1.270741
1,1.346511
0,1.393640
1,1.346511
0,1.320398
0,1.058227
0,1.393640
0,1.058227
0,1.393640
0,1.058227
0,1.393640
1,1.750038
0,1.393640
0,1.058227
0,1.393640
0,1.103253
1,1.017703
0,0.967703
1,1.258227
0,1.393640
1,1.603253
1,1.067279
1,1.603253
0,1.217703
1,1.368327
0,1.217703
1,1.603253
0,1.217703
1,1.258227
1,1.258227
0,1.217703
1,1.258227
0,1.217703
0,1.049659
1,1.067279
0,1.049659
0,1.217703
1,1.258227
1,1.258227
0,1.217703
0,1.217703
1,1.482630
1,1.067279
0,1.193640
1,1.017703
1,1.482630
1,1.017703
1,1.564951
0,1.467279
1,1.417043
0,1.467279
1,1.500038
1,1.170741
1,1.170741
0,1.420256
0,1.467279
1,1.170741
0,1.420256
0,1.467279
1,1.170741
1,1.500038
0,0.967703
1,1.305032
0,1.256757
0,1.467279
0,0.956757
0,1.467279
0,0.956757
0,1.467279
0,0.956757
1,1.067279
0,0.956757
1,1.067279
0,0.956757
0,1.256757
0,0.956757
0,0.956757
0,1.467279
0,1.049659
0,1.467279
0,1.049659
0,1.467279
1,1.067279
0,1.334578
0,1.334578
0,1.049659
0,1.217279
0,1.256757
0,1.049659
1,1.067279
0,1.217279
0,1.467279
0,1.217279
0,1.217279
0,1.217279
0,1.217279
0,1.217279
0,1.467279
0,1.217279
0,1.467279
0,1.217279
0,1.467279
0,1.217279
0,1.467279
0,1.217279
0,1.467279
0,1.217279
1,1.067279
0,1.217279
1,1.067279
1,1.343640
1,1.343640
1,1.067279
1,1.067279
1,1.750038
1,1.067279
1,1.750038
1,1.067279
1,1.417043
0,1.467279
1,1.343640
0,1.270741
0,1.020741
1,1.017703
0,1.020741
0,1.467279
1,1.700038
0,1.467279
0,1.049659
1,1.067279
1,1.417043
0,1.467279
0,1.393640
0,1.217279
0,1.256757
0,1.217279
1,1.067279
1,1.343640
0,1.393640
1,1.700038
0,1.256757
0,1.256757
0,1.193640
1,1.067279
0,1.193640
1,1.067279
1,1.700038
0,1.256757
0,1.256757
0,1.256757
0,1.256757
1,1.750038
1,1.067279
1,1.496511
1,1.067279
1,1.496511
1,1.067279
1,1.596511
0,1.467279
1,1.496511
0,1.467279
1,1.596511
1,1.170741
0,1.193640
0,1.467279
0,1.193640
1,1.500038
0,1.193640
1,1.596511
0,1.467279
1,1.596511
0,1.467279
1,1.496511
0,1.467279
1,1.496511
0,1.467279
1,1.596511
0,1.467279
1,1.496511
1,1.167279
1,1.500038
0,1.193640
1,1.243640
1,1.596511
0,1.467279
1,1.596511
0,1.467279
0,1.093640
0,1.467279
1,1.243640
0,1.049659
0,1.093640
0,1.467279
0,1.420256
0,1.467279
0,1.093640
0,1.467279
1,1.500038
0,1.093640
0,1.467279
1,1.500038
0,1.093640
0,1.467279
0,1.093640
1,1.500038
1,1.243640
0,1.242838
0,1.467279
0,1.049659
0,1.242838
0,1.467279
0,1.093640
0,1.443640
0,1.093640
0,1.443640
0,1.049659
0,1.742838
0,1.093640
0,1.443640
0,1.093640
0,1.443640
0,1.093640
1,1.167279
0,1.242838
0,1.467279
1,1.596511
0,1.467279
0,1.242838
0,1.742838
1,1.170741
1,1.243640
0,1.242838
0,1.742838
0,1.020741
1,1.243640
1,1.243640
0,1.193640
1,1.067279
0,1.020741
1,1.067279
1,1.496511
0,1.443640
1,1.500038
0,1.020741
1,1.596511
0,1.443640
1,1.596511
0,1.256757
0,1.256757
1,1.167279
1,1.417279
1,1.167279
1,1.417279
1,1.317279
1,1.167279
0,1.093640
0,1.443640
1,1.596511
1,1.400038
1,1.107398
1,1.564951
0,1.467279
0,1.093640
1,1.400038
0,1.256757
0,1.256757
1,1.417279
0,1.256757
0,1.217279
0,1.256757
0,1.256757
0,1.256757
0,1.256757
1,1.446511
1,1.417279
1,1.317279
1,1.417279
0,1.367279
1,1.317279
0,1.217279
1,1.167279
1,1.496511
1,1.167279
1,1.496511
1,1.167279
1,1.596511
1,1.167279
1,1.496511
1,1.496511
1,1.167279
1,1.496511
1,1.496511
1,1.167279
0,1.193640
1,1.067279
1,1.596511
1,1.067279
1,1.596511
1,1.067279
1,1.496511
1,1.496511
1,1.317279
1,1.596511
1,1.067279
0,1.143640
1,1.067279
1,1.417279
1,1.243640
1,1.417279
1,1.067279
1,1.496511
1,1.067279
1,1.496511
1,1.067279
1,1.243640
1,1.067279
1,1.417279
0,1.467279
1,1.417279
0,1.467279
1,1.417279
0,1.467279
1,1.417279
0,1.093640
0,1.467279
1,1.417279
0,1.467279
1,1.417279
0,1.367279
1,1.317279
0,1.093640
0,1.467279
1,1.243640
0,1.093640
0,1.467279
0,1.093640
0,1.467279
0,1.093640
0,1.467279
0,1.093640
0,1.467279
1,1.243640
1,1.185372
0,1.467279
1,1.535372
0,1.467279
1,1.485372
1,1.243640
1,1.535372
1,1.243640
1,1.485372
1,1.243640
1,1.500038
0,1.467279
1,1.596511
0,1.467279
1,1.496511
0,1.443640
1,1.496511
0,1.443640
1,1.596511
0,1.443640
1,1.596511
0,1.443640
1,1.496511
1,1.243640
0,1.093640
1,1.500038
1,1.500038
0,1.093640
0,1.443640
1,1.243640
1,1.243640
1,1.596511
0,1.443640
1,1.496511
1,1.243640
1,1.243640
1,1.496511
0,1.443640
1,1.496511
0,1.443640
1,1.496511
1,1.043640
1,1.496511
1,1.243640
0,1.193640
0,1.193640
0,1.193640
0,1.193640
0,1.193640
1,1.043640
1,1.596511
1,1.500038
1,1.500038
1,1.500038
0,1.156757
1,1.535372
1,1.017703
0,1.156757
0,1.156757
0,1.156757
1,1.485372
0,1.467279
0,0.921214
0,1.156757
0,0.921214
0,1.467279
0,1.093640
1,1.067279
0,0.921214
0,1.156757
0,1.156757
0,1.156757
1,1.346511
1,1.396511
1,1.167279
0,1.093640
1,1.067279
0,1.093640
0,1.367279
0,1.367279
1,1.417279
0,1.093640
0,1.217703
0,1.196511
0,1.217703
0,1.093640
0,1.217703
0,1.217703
0,1.217703
0,1.196511
0,1.217703
0,1.196511
0,1.467279
0,1.196511
0,0
1,4
1,4
0,1
0,1
0,2
0,4
1,1
0,1
1,1
1,1
0,3
0,5
0,5
0,5
0,4
1,3
0,4
0,4
0,5
1,2
1,5
0,2
1,3
0,1
1,5
0,3
1,4
1,2
1,4
1,4
1,2
1,2
1,2
1,2
1,7
1,2
1,7
1,0
1,7
1,2
1,7
1,1
1,7
0,2
1,6
1,0
1,0
0,5
0,5
1,7
1,0
1,4
0,5
1,3
1,1
1,2
1,4
1,4
0,5
1,8
0,7
1,4
0,2
1,0
0,2
1,0
1,6
1,0
1,3
1,1
1,3
1,0
1,0
1,0
1,6
1,0
1,3
0,5
1,6
1,1
1,1
1,4
0,2
0,2
0,2
1,4
1,1
1,8
0,2
1,8
1,1
1,3
1,4
0,2
0,1
0,8
1,8
0,5
0,1
0,5
0,1
0,1
0,1
0,5
1,3
0,5
1,6
0,1
1,6
0,5
1,5
0,5
1,6
0,8
1,4
0,6
1,6
1,6
0,8
1,5
1,6
0,6
1,3
1,4
1,4
0,8
0,5
0,2
1,3
1,0
1,6
0,6
1,8
0,6
1,8
0,8
1,4
1,5
1,3
1,2
0,8
0,2
0,6
1,7
1,0
1,2
1,2
0,5
0,5
1,2
0,2
0,2
0,6
1,4
0,2
0,2
1,2
1,4
1,0
0,2
0,1
1,4
0,8
1,8
0,8
1,8
0,6
1,8
1,0
1,7
1,0
0,2
0,1
0,2
0,2
1,4
1,0
0,3
1,0
0,2
1,0
0,3
1,0
0,2
0,3
0,1
0,5
1,6
0,8
1,6
1,0
1,6
0,2
1,4
0,6
0,5
1,6
0,6
0,3
0,6
0,3
0,2
0,3
0,6
0,2
0,2
0,6
1,5
0,6
1,6
1,1
1,1
1,1
0,6
1,6
0,6
1,4
0,2
1,6
0,7
1,4
0,7
1,6
0,7
1,4
1,1
1,1
1,1
1,4
1,1
1,1
1,4
0,7
1,7
0,7
1,7
0,7
1,6
0,7
1,7
0,7
1,6
1,1
1,1
1,5
0,1
1,7
0,7
1,5
0,7
1,5
0,7
0,2
1,4
1,8
0,7
1,5
0,7
1,5
1,1
1,5
1,4
0,3
0,2
1,4
0,7
1,4
1,4
0,2
1,4
1,2
0,1
0,1
0,7
1,5
0,7
1,7
1,0
1,8
0,7
1,7
0,7
1,5
0,7
1,5
0,2
1,8
0,7
1,5
0,7
1,7
0,7
1,4
0,5
0,1
0,7
1,5
0,2
0,2
0,1
0,4
0,1
0,4
1,8
0,4
0,2
1,5
1,8
0,4
1,8
1,0
1,4
0,7
1,8
0,7
1,5
1,5
0,2
1,7
0,7
1,7
0,8
1,3
1,3
0,7
1,7
1,0
1,3
1,4
1,4
1,1
1,1
1,1
1,4
1,4
1,4
1,4
1,4
1,1
1,4
0,8
1,4
1,4
0,8
1,4
1,0
1,4
1,1
1,2
1,0
1,4
1,2
1,2
0,3
1,4
1,2
1,2
1,0
1,4
0,7
1,4
0,2
1,2
1,4
1,2
1,5
0,2
1,3
0,7
1,2
1,2
1,7
0,7
1,5
0,7
1,7
0,7
1,2
0,7
1,7
0,7
1,3
0,7
1,8
0,7
1,3
1,3
0,7
1,3
0,7
1,3
0,3
1,8
1,3
0,7
0,5
1,3
0,7
1,3
0,1
1,3
0,7
1,4
0,7
0,3
0,3
0,7
1,8
0,7
1,8
1,2
1,8
1,2
1,8
1,2
0,3
0,7
1,5
0,7
1,5
0,7
1,8
0,7
1,5
0,7
1,8
0,4
1,8
0,2
1,8
0,3
0,3
0,3
1,0
0,2
0,2
1,8
0,7
1,8
0,3
0,2
1,8
0,7
1,8
0,7
1,8
0,7
1,8
1,0
0,3
1,0
0,3
0,3
0,3
0,4
1,3
1,0
1,0
0,3
0,4
1,3
0,1
1,3
0,3
0,3
1,4
1,0
1,8
1,0
1,4
1,0
0,3
1,0
0,3
1,0
0,3
0,1
0,3
1,7
0,1
1,3
1,0
1,1
0,3
1,3
1,1
1,7
0,4
1,3
1,2
1,3
0,4
1,5
1,3
1,7
1,0
1,7
0,8
1,7
9.516751,1920.000000
3.923768,1920.000000
3.515822,1920.000000
5.181782,1920.000000
4.663170,1920.000000
7.816072,1920.000000
3.462659,1920.000000
4.935496,1920.000000
4.741287,1920.000000
10.985248,1920.000000
2.554002,1920.000000
2.687995,1920.000000
6.957324,1920.000000
4.584510,1920.000000
6.009066,1920.000000
10.785615,1920.000000
6.217379,1920.000000
6.950814,1920.000000
2.160703,1920.000000
2.128697,1920.000000
2.152566,1920.000000
3.669887,1920.000000
3.651442,1920.000000
2.033220,1920.000000
2.154736,1920.000000
3.407326,1920.000000
5.181782,1920.000000
3.433365,1920.000000
2.980935,1920.000000
2.312056,1920.000000
8.284776,1920.000000
1.172845,1920.000000
1.607372,1920.000000
5.115599,1920.000000
2.884916,1920.000000
3.908036,1920.000000
7.741752,1920.000000
3.974219,1920.000000
3.727390,1920.000000
2.317480,1920.000000
1.911704,1920.000000
2.315853,1920.000000
3.208777,1920.000000
1.853116,1920.000000
1.799953,1920.000000
2.532303,1920.000000
2.370644,1920.000000
3.458861,1920.000000
2.210069,1920.000000
2.778590,1920.000000
2.433029,1920.000000
5.980857,1920.000000
1.138668,1920.000000
1.524915,1920.000000
3.694298,1920.000000
2.248043,1920.000000
3.268993,1920.000000
5.137841,1920.000000
3.042778,1920.000000
3.153444,1920.000000
0.933610,1920.000000
1.221668,1920.000000
1.111544,1920.000000
5.940171,1920.000000
2.345147,1920.000000
4.146185,1920.000000
6.952984,1920.000000
2.487277,1920.000000
5.598950,1920.000000
2.185657,1920.000000
4.029009,1920.000000
6.160961,1920.000000
6.382836,1920.000000
1.875358,1920.000000
3.698638,1920.000000
4.038774,1920.000000
3.087262,1920.000000
5.281056,1920.000000
6.169641,1920.000000
4.710366,1920.000000
4.361008,1920.000000
1.179355,1920.000000
1.231975,1920.000000
1.514608,1920.000000
3.040066,1920.000000
3.987781,1920.000000
1.753842,1920.000000
1.857456,1920.000000
5.264239,1920.000000
3.563560,1920.000000
2.784557,1920.000000
4.387047,1920.000000
2.378238,1920.000000
11.887937,1920.000000
1.553124,1920.000000
1.853659,1920.000000
5.555552,1920.000000
3.482730,1920.000000
3.279300,1920.000000
8.440468,1920.000000
3.918885,1920.000000
3.768618,1920.000000
1.799411,1920.000000
2.819276,1920.000000
2.228513,1920.000000
6.655162,1920.000000
4.502053,1920.000000
3.631370,1920.000000
5.317945,1920.000000
4.530262,1920.000000
7.686419,1920.000000
4.578543,1920.000000
4.745627,1920.000000
6.400195,1920.000000
10.609308,1920.000000
1.990907,1920.000000
4.375655,1920.000000
7.129290,1920.000000
4.684327,1920.000000
8.249514,1920.000000
10.845830,1920.000000
6.255895,1920.000000
5.183410,1920.000000
2.193252,1920.000000
2.338637,1920.000000
2.544238,1920.000000
2.661956,1920.000000
3.022706,1920.000000
1.372478,1920.000000
2.033220,1920.000000
3.204437,1920.000000
3.792487,1920.000000
4.166799,1920.000000
2.629407,1920.000000
2.173180,1920.000000
9.591613,1920.000000
1.048617,1920.000000
1.480432,1920.000000
5.778512,1920.000000
3.605874,1920.000000
4.170597,1920.000000
6.420267,1920.000000
3.297744,1920.000000
3.499547,1920.000000
1.356203,1920.000000
1.903025,1920.000000
1.970292,1920.000000
3.483815,1920.000000
3.819069,1920.000000
1.999586,1920.000000
2.101573,1920.000000
4.614347,1920.000000
3.017824,1920.000000
2.701557,1920.000000
4.726640,1920.000000
3.804422,1920.000000
11.008575,1920.000000
1.811345,1920.000000
2.451473,1920.000000
5.251762,1920.000000
3.852703,1920.000000
3.768076,1920.000000
8.571748,1920.000000
4.683242,1920.000000
3.719252,1920.000000
1.722378,1920.000000
2.724341,1920.000000
2.231768,1920.000000
6.168013,1920.000000
2.603368,1920.000000
3.445842,1920.000000
6.102915,1920.000000
2.804629,1920.000000
5.431324,1920.000000
2.558885,1920.000000
4.603497,1920.000000
8.925989,1920.000000
7.807392,1920.000000
2.803544,1920.000000
3.733357,1920.000000
5.099325,1920.000000
3.584717,1920.000000
6.427862,1920.000000
6.932370,1920.000000
5.604918,1920.000000
4.649065,1920.000000
1.440288,1920.000000
2.076076,1920.000000
2.146056,1920.000000
10.976026,1920.000000
9.698482,1920.000000
4.927901,1920.000000
7.507400,1920.000000
8.827257,1920.000000
10.524681,1920.000000
9.019295,1920.000000
8.010280,1920.000000
8.571748,1920.000000
26.577248,1920.000000
4.088682,1920.000000
4.978352,1920.000000
15.268138,1920.000000
10.080931,1920.000000
11.439305,1920.000000
19.395337,1920.000000
9.413679,1920.000000
9.443516,1920.000000
5.496421,1920.000000
4.839476,1920.000000
6.614475,1920.000000
3.327038,1920.000000
1.246080,1920.000000
1.301955,1920.000000
2.018573,1920.000000
1.502673,1920.000000
2.259435,1920.000000
0.848983,1920.000000
1.585673,1920.000000
2.327788,1920.000000
4.401694,1920.000000
1.046989,1920.000000
1.314975,1920.000000
2.102658,1920.000000
1.511353,1920.000000
2.187827,1920.000000
3.344940,1920.000000
2.430317,1920.000000
2.171010,1920.000000
0.952597,1920.000000
1.714241,1920.000000
0.966702,1920.000000
2.838805,1920.000000
1.973005,1920.000000
1.522203,1920.000000
2.185657,1920.000000
2.596316,1920.000000
3.082379,1920.000000
2.200847,1920.000000
3.052543,1920.000000
3.234274,1920.000000
6.119190,1920.000000
1.187492,1920.000000
1.704476,1920.000000
3.938415,1920.000000
2.716204,1920.000000
2.864844,1920.000000
5.272919,1920.000000
3.147477,1920.000000
3.016739,1920.000000
1.073571,1920.000000
1.414249,1920.000000
1.412622,1920.000000
9.227066,1920.000000
4.699516,1920.000000
3.408410,1920.000000
5.758982,1920.000000
4.851953,1920.000000
9.634469,1920.000000
4.934953,1920.000000
3.534809,1920.000000
5.330422,1920.000000
13.121540,1920.000000
2.782387,1920.000000
3.140425,1920.000000
9.616025,1920.000000
5.678153,1920.000000
8.471932,1920.000000
13.760040,1920.000000
6.681201,1920.000000
6.413215,1920.000000
3.013484,1920.000000
2.319650,1920.000000
3.201183,1920.000000
4.856293,1920.000000
2.307173,1920.000000
2.986360,1920.000000
5.152488,1920.000000
2.131952,1920.000000
5.448140,1920.000000
2.844230,1920.000000
3.432280,1920.000000
5.096613,1920.000000
7.882254,1920.000000
1.990364,1920.000000
3.092686,1920.000000
5.514323,1920.000000
4.192296,1920.000000
6.094778,1920.000000
6.639972,1920.000000
4.511275,1920.000000
4.128826,1920.000000
1.528713,1920.000000
1.382785,1920.000000
2.092893,1920.000000
6.599828,1920.000000
3.841311,1920.000000
3.146392,1920.000000
6.154994,1920.000000
3.433365,1920.000000
7.515537,1920.000000
3.578750,1920.000000
4.787941,1920.000000
8.060188,1920.000000
9.881841,1920.000000
2.435199,1920.000000
4.861176,1920.000000
7.370152,1920.000000
4.502053,1920.000000
10.562112,1920.000000
10.091781,1920.000000
6.032935,1920.000000
5.311978,1920.000000
2.476427,1920.000000
2.595231,1920.000000
2.830125,1920.000000
10.602799,1920.000000
7.339773,1920.000000
4.142930,1920.000000
6.076334,1920.000000
8.261991,1920.000000
10.372244,1920.000000
6.961121,1920.000000
6.742501,1920.000000
7.008859,1920.000000
19.841799,1920.000000
3.338430,1920.000000
4.097904,1920.000000
13.266925,1920.000000
7.859470,1920.000000
10.265375,1920.000000
22.582957,1920.000000
10.888686,1920.000000
9.692515,1920.000000
5.147606,1920.000000
4.549249,1920.000000
5.476892,1920.000000
6.496214,1920.000000
4.289943,1920.000000
2.943504,1920.000000
4.581798,1920.000000
4.268786,1920.000000
6.209242,1920.000000
3.165921,1920.000000
4.419596,1920.000000
4.547621,1920.000000
10.213839,1920.000000
2.108625,1920.000000
2.825243,1920.000000
7.056598,1920.000000
4.620314,1920.000000
5.712871,1920.000000
11.056855,1920.000000
6.226601,1920.000000
6.424064,1920.000000
2.480767,1920.000000
2.087468,1920.000000
2.578414,1920.000000
5.660793,1920.000000
4.012735,1920.000000
2.723799,1920.000000
3.862467,1920.000000
4.645811,1920.000000
5.235488,1920.000000
3.241869,1920.000000
5.066776,1920.000000
4.385962,1920.000000
11.602592,1920.000000
2.292526,1920.000000
2.602283,1920.000000
7.006689,1920.000000
4.403321,1920.000000
4.437498,1920.000000
8.929786,1920.000000
5.700937,1920.000000
5.645061,1920.000000
1.872646,1920.000000
2.410787,1920.000000
2.411330,1920.000000
2.219834,1920.000000
1.233603,1920.000000
1.194002,1920.000000
2.002299,1920.000000
1.351864,1920.000000
2.317480,1920.000000
1.213531,1920.000000
1.729973,1920.000000
2.633747,1920.000000
4.467877,1920.000000
1.018780,1920.000000
1.357831,1920.000000
3.401901,1920.000000
1.968122,1920.000000
3.196843,1920.000000
3.569527,1920.000000
2.446049,1920.000000
1.875901,1920.000000
1.205936,1920.000000
0.733977,1920.000000
1.158740,1920.000000
1.894345,1920.000000
1.834672,1920.000000
1.560719,1920.000000
1.311720,1920.000000
2.863759,1920.000000
2.659244,1920.000000
1.623647,1920.000000
2.083671,1920.000000
1.717496,1920.000000
5.152488,1920.000000
0.789853,1920.000000
1.356203,1920.000000
3.075869,1920.000000
1.745163,1920.000000
2.066312,1920.000000
4.180361,1920.000000
2.475885,1920.000000
2.970628,1920.000000
0.732892,1920.000000
1.187492,1920.000000
1.082793,1920.000000
2.725426,1920.000000
1.600320,1920.000000
1.447883,1920.000000
2.461780,1920.000000
1.587301,1920.000000
3.282012,1920.000000
1.578621,1920.000000
1.986567,1920.000000
3.108418,1920.000000
4.162460,1920.000000
1.114799,1920.000000
1.954560,1920.000000
3.287980,1920.000000
2.023998,1920.000000
4.267701,1920.000000
4.584510,1920.000000
2.637002,1920.000000
2.071194,1920.000000
1.122936,1920.000000
0.853323,1920.000000
2.281134,1920.000000
8.646376,1920.000000
4.414339,1920.000000
3.532665,1920.000000
4.987835,1920.000000
4.012296,1920.000000
7.350722,1920.000000
3.758916,1920.000000
4.675315,1920.000000
5.227107,1920.000000
11.277834,1920.000000
2.398154,1920.000000
2.608671,1920.000000
7.765787,1920.000000
4.517970,1920.000000
6.546092,1920.000000
10.904004,1920.000000
6.268297,1920.000000
5.924308,1920.000000
2.600532,1920.000000
2.027037,1920.000000
2.503412,1920.000000
3.724735,1920.000000
3.515303,1920.000000
2.468688,1920.000000
2.861508,1920.000000
2.924988,1920.000000
4.087713,1920.000000
3.653658,1920.000000
2.843603,1920.000000
2.669438,1920.000000
8.216119,1920.000000
1.168693,1920.000000
1.884884,1920.000000
5.531488,1920.000000
3.153952,1920.000000
3.955326,1920.000000
8.110318,1920.000000
3.802864,1920.000000
3.553825,1920.000000
1.815435,1920.000000
1.649952,1920.000000
2.199031,1920.000000
3.220146,1920.000000
1.943481,1920.000000
2.115476,1920.000000
2.967309,1920.000000
2.519689,1920.000000
3.554368,1920.000000
2.075325,1920.000000
2.351493,1920.000000
3.068226,1920.000000
5.137041,1920.000000
1.009178,1920.000000
1.811095,1920.000000
3.172942,1920.000000
2.418229,1920.000000
3.259753,1920.000000
4.366051,1920.000000
2.890264,1920.000000
3.044353,1920.000000
0.902292,1920.000000
2.115476,1920.000000
1.160012,1920.000000
5.049145,1920.000000
2.652619,1920.000000
2.573404,1920.000000
5.067050,1920.000000
3.463759,1920.000000
5.132700,1920.000000
2.561467,1920.000000
3.588007,1920.000000
5.162542,1920.000000
8.186277,1920.000000
1.728081,1920.000000
2.869646,1920.000000
4.962876,1920.000000
4.187546,1920.000000
5.357324,1920.000000
7.004563,1920.000000
4.393179,1920.000000
4.211961,1920.000000
1.547949,1920.000000
1.794817,1920.000000
1.883799,1920.000000
3.815886,1920.000000
3.341138,1920.000000
2.616267,1920.000000
3.044896,1920.000000
4.487044,1920.000000
5.004654,1920.000000
2.896232,1920.000000
3.870686,1920.000000
3.564134,1920.000000
9.728800,1920.000000
1.412849,1920.000000
2.456209,1920.000000
4.519598,1920.000000
2.818645,1920.000000
3.904867,1920.000000
7.619836,1920.000000
4.532077,1920.000000
4.198940,1920.000000
1.577790,1920.000000
2.343354,1920.000000
1.847989,1920.000000
6.599264,1920.000000
4.616718,1920.000000
3.653658,1920.000000
5.212458,1920.000000
4.329699,1920.000000
8.948587,1920.000000
4.169098,1920.000000
4.681826,1920.000000
5.370346,1920.000000
11.282717,1920.000000
2.171903,1920.000000
3.555453,1920.000000
7.150514,1920.000000
5.262374,1920.000000
7.571004,1920.000000
10.273539,1920.000000
5.564043,1920.000000
5.717590,1920.000000
2.746483,1920.000000
2.392186,1920.000000
3.182166,1920.000000
3.805577,1920.000000
3.274945,1920.000000
1.983089,1920.000000
2.860422,1920.000000
2.962968,1920.000000
4.797393,1920.000000
4.086628,1920.000000
2.496359,1920.000000
2.781750,1920.000000
7.655645,1920.000000
1.046615,1920.000000
1.769859,1920.000000
5.603650,1920.000000
3.487632,1920.000000
3.580411,1920.000000
5.871137,1920.000000
3.171857,1920.000000
3.104578,1920.000000
1.417190,1920.000000
1.570737,1920.000000
1.851245,1920.000000
4.332412,1920.000000
2.444815,1920.000000
2.645565,1920.000000
3.432833,1920.000000
4.233121,1920.000000
4.393722,1920.000000
2.879412,1920.000000
4.121352,1920.000000
4.646559,1920.000000
8.922543,1920.000000
2.044399,1920.000000
2.921733,1920.000000
4.645474,1920.000000
3.247817,1920.000000
4.253739,1920.000000
7.412574,1920.000000
4.895055,1920.000000
4.700273,1920.000000
1.541438,1920.000000
2.414974,1920.000000
1.937513,1920.000000
5.457699,1920.000000
2.721525,1920.000000
2.649363,1920.000000
4.499523,1920.000000
3.911921,1920.000000
4.925439,1920.000000
2.677034,1920.000000
4.931950,1920.000000
8.782560,1920.000000
9.646873,1920.000000
2.149657,1920.000000
3.376405,1920.000000
5.132700,1920.000000
4.333497,1920.000000
5.825561,1920.000000
7.996921,1920.000000
4.640048,1920.000000
4.940089,1920.000000
1.820318,1920.000000
2.099199,1920.000000
2.370483,1920.000000
11.788934,1920.000000
8.093498,1920.000000
5.672556,1920.000000
8.137989,1920.000000
9.242116,1920.000000
11.041817,1920.000000
7.742456,1920.000000
9.183519,1920.000000
9.060898,1920.000000
23.896356,1920.000000
4.705156,1920.000000
6.563997,1920.000000
14.700358,1920.000000
8.436402,1920.000000
11.111808,1920.000000
19.667575,1920.000000
11.129170,1920.000000
10.633805,1920.000000
4.215759,1920.000000
5.242842,1920.000000
5.445763,1920.000000
2.410633,1920.000000
0.926165,1920.000000
0.939187,1920.000000
1.704751,1920.000000
2.072613,1920.000000
1.987972,1920.000000
0.961974,1920.000000
1.690102,1920.000000
2.202287,1920.000000
4.441468,1920.000000
1.097617,1920.000000
1.442148,1920.000000
2.817560,1920.000000
1.854500,1920.000000
2.558754,1920.000000
3.929826,1920.000000
2.321652,1920.000000
2.320024,1920.000000
0.737894,1920.000000
1.263643,1920.000000
0.879504,1920.000000
2.724780,1920.000000
2.029207,1920.000000
1.756838,1920.000000
2.789346,1920.000000
2.400867,1920.000000
3.206039,1920.000000
1.953248,1920.000000
3.145271,1920.000000
3.248359,1920.000000
5.998640,1920.000000
1.040104,1920.000000
2.015100,1920.000000
3.079078,1920.000000
2.710131,1920.000000
3.338426,1920.000000
5.146265,1920.000000
3.282541,1920.000000
2.980873,1920.000000
0.940814,1920.000000
1.394402,1920.000000
1.369986,1920.000000
8.465158,1920.000000
5.640002,1920.000000
3.339511,1920.000000
4.890715,1920.000000
4.364423,1920.000000
7.615495,1920.000000
5.069762,1920.000000
4.734998,1920.000000
5.078986,1920.000000
13.939677,1920.000000
2.519147,1920.000000
2.985756,1920.000000
11.340772,1920.000000
5.339419,1920.000000
7.667039,1920.000000
13.489887,1920.000000
7.466831,1920.000000
6.554231,1920.000000
2.899487,1920.000000
2.873987,1920.000000
3.314553,1920.000000
4.734455,1920.000000
3.219060,1920.000000
2.258171,1920.000000
4.000359,1920.000000
3.205496,1920.000000
4.906449,1920.000000
3.240221,1920.000000
2.952117,1920.000000
4.166385,1920.000000
9.199253,1920.000000
1.426413,1920.000000
2.501785,1920.000000
6.077313,1920.000000
4.477277,1920.000000
4.959078,1920.000000
7.773925,1920.000000
4.050276,1920.000000
3.994391,1920.000000
1.886512,1920.000000
1.923949,1920.000000
2.358004,1920.000000
6.850473,1920.000000
4.465341,1920.000000
2.865306,1920.000000
4.946057,1920.000000
4.042137,1920.000000
6.839079,1920.000000
4.361710,1920.000000
4.076319,1920.000000
6.599806,1920.000000
11.298452,1920.000000
2.017813,1920.000000
3.253242,1920.000000
7.993666,1920.000000
5.719217,1920.000000
9.495496,1920.000000
11.200247,1920.000000
5.779442,1920.000000
5.641630,1920.000000
2.937467,1920.000000
2.285842,1920.000000
3.403534,1920.000000
10.635433,1920.000000
7.911738,1920.000000
4.888545,1920.000000
7.423968,1920.000000
7.544961,1920.000000
10.453130,1920.000000
5.905861,1920.000000
7.674093,1920.000000
7.573717,1920.000000
20.362063,1920.000000
3.875569,1920.000000
5.072475,1920.000000
12.858880,1920.000000
6.944880,1920.000000
11.192651,1920.000000
20.544366,1920.000000
10.842151,1920.000000
9.127634,1920.000000
4.666634,1920.000000
3.840844,1920.000000
5.184787,1920.000000
6.510283,1920.000000
3.568475,1920.000000
2.713386,1920.000000
4.336752,1920.000000
3.751863,1920.000000
5.816880,1920.000000
2.850656,1920.000000
4.656325,1920.000000
5.185872,1920.000000
10.806342,1920.000000
3.254870,1920.000000
2.991724,1920.000000
7.013244,1920.000000
4.216302,1920.000000
6.394715,1920.000000
11.034221,1920.000000
6.467420,1920.000000
5.615587,1920.000000
2.413346,1920.000000
2.025409,1920.000000
2.690598,1920.000000
5.904776,1920.000000
3.321063,1920.000000
2.965138,1920.000000
4.380158,1920.000000
4.329699,1920.000000
6.275893,1920.000000
3.316180,1920.000000
5.249353,1920.000000
4.902651,1920.000000
10.742861,1920.000000
2.385132,1920.000000
2.760590,1920.000000
6.203731,1920.000000
3.677531,1920.000000
5.485370,1920.000000
8.882393,1920.000000
5.359494,1920.000000
5.904776,1920.000000
1.883256,1920.000000
2.168105,1920.000000
2.056878,1920.000000
2.048197,1920.000000
1.759550,1920.000000
0.925622,1920.000000
1.627706,1920.000000
1.537097,1920.000000
2.251660,1920.000000
1.549034,1920.000000
1.547949,1920.000000
1.781796,1920.000000
4.735540,1920.000000
1.119862,1920.000000
1.195279,1920.000000
3.108919,1920.000000
2.034090,1920.000000
2.779037,1920.000000
4.537503,1920.000000
2.303747,1920.000000
1.750869,1920.000000
1.375412,1920.000000
0.874621,1920.000000
1.457882,1920.000000
2.590766,1920.000000
1.884884,1920.000000
1.341773,1920.000000
1.963014,1920.000000
2.531083,1920.000000
2.503955,1920.000000
1.613057,1920.000000
1.965727,1920.000000
2.263597,1920.000000
4.933578,1920.000000
0.749830,1920.000000
1.268526,1920.000000
2.336301,1920.000000
1.883799,1920.000000
2.975447,1920.000000
3.714968,1920.000000
2.419857,1920.000000
2.379707,1920.000000
0.846407,1920.000000
1.202332,1920.000000
0.991273,1920.000000
2.338471,1920.000000
2.050910,1920.000000
1.084595,1920.000000
2.108422,1920.000000
1.791562,1920.000000
2.699822,1920.000000
2.009132,1920.000000
2.036261,1920.000000
2.368855,1920.000000
5.590086,1920.000000
0.897409,1920.000000
1.463308,1920.000000
3.370980,1920.000000
2.585340,1920.000000
3.363926,1920.000000
4.969930,1920.000000
2.636342,1920.000000
2.019441,1920.000000
1.356422,1920.000000
0.982049,1920.000000
2.416059,1920.000000
7.824058,1920.000000
3.844463,1920.000000
3.463490,1920.000000
4.981955,1920.000000
4.137519,1920.000000
6.809758,1920.000000
3.786395,1920.000000
4.495156,1920.000000
5.818794,1920.000000
11.138306,1920.000000
2.256533,1920.000000
3.043443,1920.000000
8.047106,1920.000000
4.428405,1920.000000
7.795838,1920.000000
10.432258,1920.000000
7.005671,1920.000000
5.410686,1920.000000
2.476325,1920.000000
2.330882,1920.000000
2.426397,1920.000000
3.897105,1920.000000
3.592652,1920.000000
2.053021,1920.000000
2.633707,1920.000000
2.770466,1920.000000
4.218924,1920.000000
3.697392,1920.000000
2.669525,1920.000000
2.831248,1920.000000
8.596858,1920.000000
1.168969,1920.000000
2.331425,1920.000000
5.339050,1920.000000
3.705533,1920.000000
4.001845,1920.000000
7.157084,1920.000000
4.218381,1920.000000
3.347896,1920.000000
1.786557,1920.000000
1.654139,1920.000000
2.116517,1920.000000
3.322932,1920.000000
1.713293,1920.000000
2.095352,1920.000000
3.235015,1920.000000
2.314601,1920.000000
3.429300,1920.000000
1.890755,1920.000000
2.667354,1920.000000
3.014680,1920.000000
5.977804,1920.000000
1.015385,1920.000000
1.836485,1920.000000
3.321304,1920.000000
2.348248,1920.000000
2.986460,1920.000000
4.254199,1920.000000
2.757442,1920.000000
3.523729,1920.000000
0.883510,1920.000000
1.415896,1920.000000
1.106016,1920.000000
5.220199,1920.000000
2.368328,1920.000000
3.109652,1920.000000
5.122514,1920.000000
2.920793,1920.000000
5.244621,1920.000000
3.013595,1920.000000
3.322389,1920.000000
5.584891,1920.000000
8.402030,1920.000000
1.553741,1920.000000
2.662470,1920.000000
4.947223,1920.000000
4.177679,1920.000000
5.835617,1920.000000
6.717499,1920.000000
4.077823,1920.000000
4.191246,1920.000000
1.395816,1920.000000
1.711665,1920.000000
1.800125,1920.000000
4.279163,1920.000000
4.112013,1920.000000
2.183811,1920.000000
3.034760,1920.000000
4.177679,1920.000000
3.777169,1920.000000
3.102054,1920.000000
3.908501,1920.000000
3.499851,1920.000000
9.426098,1920.000000
1.802296,1920.000000
2.661927,1920.000000
4.907063,1920.000000
3.104225,1920.000000
3.629555,1920.000000
7.284617,1920.000000
4.440887,1920.000000
4.251486,1920.000000
1.620492,1920.000000
2.321114,1920.000000
2.064961,1920.000000
6.967140,1920.000000
4.161398,1920.000000
3.539468,1920.000000
5.578379,1920.000000
4.305213,1920.000000
8.684775,1920.000000
4.245516,1920.000000
4.428947,1920.000000
5.682577,1920.000000
10.960844,1920.000000
1.916262,1920.000000
3.101511,1920.000000
7.361137,1920.000000
5.131197,1920.000000
7.476732,1920.000000
10.681898,1920.000000
5.798714,1920.000000
6.359862,1920.000000
2.594090,1920.000000
2.399805,1920.000000
3.090657,1920.000000
3.633897,1920.000000
3.305023,1920.000000
2.139853,1920.000000
2.922964,1920.000000
2.781863,1920.000000
4.517407,1920.000000
3.440697,1920.000000
2.644561,1920.000000
2.823651,1920.000000
7.608607,1920.000000
1.485903,1920.000000
1.751282,1920.000000
5.068244,1920.000000
3.125933,1920.000000
3.695764,1920.000000
5.836160,1920.000000
3.344640,1920.000000
4.193417,1920.000000
1.355114,1920.000000
1.538545,1920.000000
1.975959,1920.000000
4.921716,1920.000000
2.700459,1920.000000
2.344992,1920.000000
3.035845,1920.000000
4.321494,1920.000000
4.333976,1920.000000
2.522454,1920.000000
4.565164,1920.000000
4.157056,1920.000000
9.318102,1920.000000
2.041082,1920.000000
3.042357,1920.000000
4.889154,1920.000000
3.120506,1920.000000
3.901446,1920.000000
7.870187,1920.000000
4.611294,1920.000000
4.745882,1920.000000
1.436518,1920.000000
2.270100,1920.000000
1.910835,1920.000000
4.975443,1920.000000
3.005454,1920.000000
2.838304,1920.000000
5.020487,1920.000000
3.581798,1920.000000
5.228340,1920.000000
2.919165,1920.000000
4.331262,1920.000000
8.365126,1920.000000
8.881774,1920.000000
1.941769,1920.000000
3.207337,1920.000000
5.137167,1920.000000
4.263968,1920.000000
6.248067,1920.000000
9.006051,1920.000000
4.822403,1920.000000
4.748596,1920.000000
1.826717,1920.000000
2.067132,1920.000000
2.387865,1920.000000
12.180284,1920.000000
7.872358,1920.000000
5.260359,1920.000000
7.641712,1920.000000
8.344504,1920.000000
11.321738,1920.000000
7.862047,1920.000000
9.013106,1920.000000
9.017448,1920.000000
25.166472,1920.000000
5.126313,1920.000000
5.647844,1920.000000
14.766233,1920.000000
8.705397,1920.000000
11.296231,1920.000000
19.575611,1920.000000
10.973326,1920.000000
11.303286,1920.000000
4.581445,1920.000000
4.763249,1920.000000
5.297262,1920.000000
2.295607,1920.000000
1.350772,1920.000000
1.643285,1920.000000
1.605839,1920.000000
2.245679,1920.000000
2.054650,1920.000000
0.994220,1920.000000
1.752910,1920.000000
2.186525,1920.000000
4.237918,1920.000000
1.282935,1920.000000
1.438146,1920.000000
2.356389,1920.000000
1.523892,1920.000000
2.350419,1920.000000
4.240632,1920.000000
2.343364,1920.000000
1.996038,1920.000000
0.820557,1920.000000
0.901419,1920.000000
0.943749,1920.000000
2.775893,1920.000000
1.809893,1920.000000
1.899981,1920.000000
2.804656,1920.000000
2.672781,1920.000000
2.955526,1920.000000
1.873389,1920.000000
3.612732,1920.000000
3.268662,1920.000000
6.088514,1920.000000
1.294874,1920.000000
2.104035,1920.000000
2.980490,1920.000000
2.207690,1920.000000
3.338670,1920.000000
4.865818,1920.000000
2.887689,1920.000000
3.285486,1920.000000
1.111985,1920.000000
1.330150,1920.000000
1.379535,1920.000000
7.753507,1920.000000
5.419912,1920.000000
3.416818,1920.000000
4.904350,1920.000000
5.129026,1920.000000
7.952134,1920.000000
4.926600,1920.000000
4.634087,1920.000000
5.257103,1920.000000
14.553496,1920.000000
2.562614,1920.000000
3.366890,1920.000000
10.960302,1920.000000
5.506743,1920.000000
7.852821,1920.000000
13.073020,1920.000000
7.073508,1920.000000
5.777549,1920.000000
2.893659,1920.000000
3.334328,1920.000000
3.257265,1920.000000
4.596641,1920.000000
3.043986,1920.000000
2.379182,1920.000000
4.303042,1920.000000
3.687081,1920.000000
5.172442,1920.000000
3.193227,1920.000000
3.252924,1920.000000
4.425149,1920.000000
9.034814,1920.000000
1.435975,1920.000000
2.298863,1920.000000
5.725992,1920.000000
4.516864,1920.000000
5.348276,1920.000000
7.443627,1920.000000
3.778797,1920.000000
4.109842,1920.000000
1.727946,1920.000000
1.646542,1920.000000
2.194665,1920.000000
7.684042,1920.000000
4.271023,1920.000000
2.956611,1920.000000
5.801970,1920.000000
4.065341,1920.000000
7.329118,1920.000000
3.841750,1920.000000
4.159227,1920.000000
6.072776,1920.000000
10.894093,1920.000000
2.163732,1920.000000
3.192142,1920.000000
7.915231,1920.000000
5.730877,1920.000000
9.253521,1920.000000
11.164356,1920.000000
6.145497,1920.000000
5.216400,1920.000000
2.591377,1920.000000
2.162103,1920.000000
3.467832,1920.000000
10.354652,1920.000000
7.596125,1920.000000
4.828372,1920.000000
6.983963,1920.000000
7.567362,1920.000000
10.757333,1920.000000
6.650748,1920.000000
7.110412,1920.000000
7.709006,1920.000000
19.818739,1920.000000
3.602420,1920.000000
4.886983,1920.000000
13.572301,1920.000000
7.770873,1920.000000
11.021626,1920.000000
21.072369,1920.000000
10.432258,1920.000000
8.316826,1920.000000
4.783871,1920.000000
4.280791,1920.000000
5.424796,1920.000000
5.843215,1920.000000
3.621415,1920.000000
2.579437,1920.000000
4.234662,1920.000000
4.666106,1920.000000
5.762353,1920.000000
2.985374,1920.000000
4.583616,1920.000000
5.089952,1920.000000
10.730741,1920.000000
2.266301,1920.000000
3.351152,1920.000000
6.839063,1920.000000
4.042547,1920.000000
6.092855,1920.000000
12.082056,1920.000000
6.428242,1920.000000
5.087238,1920.000000
2.475239,1920.000000
2.773180,1920.000000
2.789461,1920.000000
5.926248,1920.000000
3.676227,1920.000000
2.813339,1920.000000
3.827640,1920.000000
4.706808,1920.000000
5.820964,1920.000000
3.409763,1920.000000
4.694326,1920.000000
4.840312,1920.000000
11.214826,1920.000000
2.589748,1920.000000
3.125390,1920.000000
6.156351,1920.000000
3.741351,1920.000000
5.012346,1920.000000
8.634304,1920.000000
5.752042,1920.000000
5.886631,1920.000000
1.944482,1920.000000
2.288552,1920.000000
2.096980,1920.000000
2.340108,1920.000000
2.016118,1920.000000
1.027325,1920.000000
1.635145,1920.000000
1.539630,1920.000000
2.786747,1920.000000
1.529319,1920.000000
1.433805,1920.000000
1.613437,1920.000000
4.422435,1920.000000
0.897078,1920.000000
1.117412,1920.000000
2.756899,1920.000000
1.953708,1920.000000
2.698830,1920.000000
4.337774,1920.000000
2.436708,1920.000000
1.938512,1920.000000
1.503812,1920.000000
0.929639,1920.000000
1.393102,1920.000000
2.231569,1920.000000
1.869047,1920.000000
1.382248,1920.000000
1.820747,1920.000000
1.940683,1920.000000
2.410116,1920.000000
1.648712,1920.000000
3.611104,1920.000000
2.295064,1920.000000
4.753480,1920.000000
0.803734,1920.000000
1.335576,1920.000000
2.806827,1920.000000
1.689957,1920.000000
2.141481,1920.000000
3.656147,1920.000000
2.231026,1920.000000
2.470355,1920.000000
0.874827,1920.000000
1.370852,1920.000000
1.018099,1920.000000
2.487179,1920.000000
2.496405,1920.000000
1.094076,1920.000000
2.026972,1920.000000
1.822918,1920.000000
2.913196,1920.000000
1.782216,1920.000000
1.651969,1920.000000
2.534393,1920.000000
4.797438,1920.000000
1.018642,1920.000000
1.371394,1920.000000
3.420617,1920.000000
2.475239,1920.000000
3.334871,1920.000000
5.106776,1920.000000
2.644561,1920.000000
2.152878,1920.000000
1.387675,1920.000000
1.017014,1920.000000
2.597889,1920.000000
7.983931,1920.000000
4.272356,1920.000000
3.196938,1920.000000
4.857023,1920.000000
4.627390,1920.000000
7.195690,1920.000000
3.442314,1920.000000
4.372786,1920.000000
5.237029,1920.000000
11.132554,1920.000000
2.115006,1920.000000
2.919534,1920.000000
8.583798,1920.000000
4.782107,1920.000000
6.832512,1920.000000
10.552773,1920.000000
6.418305,1920.000000
5.819524,1920.000000
2.484698,1920.000000
2.683930,1920.000000
2.457012,1920.000000
4.549760,1920.000000
3.305511,1920.000000
1.992318,1920.000000
2.814218,1920.000000
2.858190,1920.000000
4.403187,1920.000000
3.182824,1920.000000
2.947220,1920.000000
2.731159,1920.000000
7.832472,1920.000000
1.526539,1920.000000
1.874517,1920.000000
4.969939,1920.000000
3.206167,1920.000000
4.507960,1920.000000
7.625097,1920.000000
3.625260,1920.000000
3.789748,1920.000000
1.930975,1920.000000
1.755629,1920.000000
2.366896,1920.000000
3.741976,1920.000000
2.033576,1920.000000
1.904374,1920.000000
2.737131,1920.000000
2.123692,1920.000000
3.180109,1920.000000
2.321295,1920.000000
2.528670,1920.000000
3.086736,1920.000000
5.563834,1920.000000
0.934815,1920.000000
1.939118,1920.000000
3.332112,1920.000000
2.301752,1920.000000
3.198567,1920.000000
5.072540,1920.000000
2.802275,1920.000000
2.833761,1920.000000
1.051532,1920.000000
1.338708,1920.000000
1.087904,1920.000000
5.142570,1920.000000
2.449412,1920.000000
2.902162,1920.000000
5.369488,1920.000000
3.290854,1920.000000
4.940081,1920.000000
2.869047,1920.000000
3.380970,1920.000000
5.495433,1920.000000
8.819402,1920.000000
1.629141,1920.000000
2.600871,1920.000000
4.984053,1920.000000
3.971608,1920.000000
5.364060,1920.000000
6.929685,1920.000000
4.111668,1920.000000
4.130668,1920.000000
1.419052,1920.000000
1.678542,1920.000000
1.898945,1920.000000
4.451502,1920.000000
3.403227,1920.000000
2.011862,1920.000000
2.987935,1920.000000
4.288642,1920.000000
4.384729,1920.000000
2.634529,1920.000000
4.044352,1920.000000
3.605716,1920.000000
9.824790,1920.000000
1.698085,1920.000000
2.807703,1920.000000
4.500903,1920.000000
3.269682,1920.000000
3.726776,1920.000000
7.569181,1920.000000
4.115468,1920.000000
4.481902,1920.000000
1.602541,1920.000000
2.145950,1920.000000
2.030319,1920.000000
7.628354,1920.000000
4.429244,1920.000000
3.333740,1920.000000
5.065483,1920.000000
4.262584,1920.000000
8.198363,1920.000000
4.379301,1920.000000
4.746278,1920.000000
5.013368,1920.000000
11.987026,1920.000000
2.153007,1920.000000
3.131794,1920.000000
7.863415,1920.000000
5.184914,1920.000000
7.005144,1920.000000
10.643432,1920.000000
5.699008,1920.000000
5.959041,1920.000000
2.233894,1920.000000
2.504241,1920.000000
3.059050,1920.000000
3.848378,1920.000000
2.839190,1920.000000
2.290895,1920.000000
3.158395,1920.000000
2.631815,1920.000000
4.217526,1920.000000
3.522658,1920.000000
2.676330,1920.000000
2.777846,1920.000000
7.103945,1920.000000
1.112333,1920.000000
1.745314,1920.000000
5.372745,1920.000000
3.517772,1920.000000
3.809291,1920.000000
6.189216,1920.000000
3.066650,1920.000000
3.632317,1920.000000
1.575940,1920.000000
2.174179,1920.000000
1.929889,1920.000000
4.142611,1920.000000
2.594900,1920.000000
2.307724,1920.000000
3.376084,1920.000000
4.177897,1920.000000
4.571475,1920.000000
2.401097,1920.000000
4.371158,1920.000000
4.321214,1920.000000
9.657587,1920.000000
2.123692,1920.000000
2.742559,1920.000000
4.963424,1920.000000
2.944506,1920.000000
4.420015,1920.000000
7.080602,1920.000000
4.534560,1920.000000
5.199028,1920.000000
1.574854,1920.000000
2.612271,1920.000000
1.940203,1920.000000
4.944967,1920.000000
2.871219,1920.000000
2.993906,1920.000000
5.235400,1920.000000
3.842949,1920.000000
4.865166,1920.000000
2.867961,1920.000000
4.345100,1920.000000
8.654371,1920.000000
8.438310,1920.000000
1.985261,1920.000000
3.455342,1920.000000
5.276658,1920.000000
4.512303,1920.000000
6.149587,1920.000000
8.389995,1920.000000
5.628978,1920.000000
4.337500,1920.000000
1.555854,1920.000000
2.185579,1920.000000
2.166036,1920.000000
11.318215,1920.000000
8.362852,1920.000000
6.598537,1920.000000
7.980131,1920.000000
8.573484,1920.000000
11.439817,1920.000000
7.705984,1920.000000
8.893232,1920.000000
9.220580,1920.000000
25.297016,1920.000000
5.063312,1920.000000
5.758180,1920.000000
13.598252,1920.000000
8.298793,1920.000000
11.478360,1920.000000
20.598510,1920.000000
10.568516,1920.000000
10.586974,1920.000000
4.444987,1920.000000
4.802193,1920.000000
5.139313,1920.000000
2.191007,1920.000000
1.207334,1920.000000
0.960873,1920.000000
1.523282,1920.000000
1.998833,1920.000000
2.180693,1920.000000
1.166619,1920.000000
2.105777,1920.000000
1.966804,1920.000000
5.228886,1920.000000
1.022217,1920.000000
1.187248,1920.000000
2.217608,1920.000000
1.448367,1920.000000
2.555271,1920.000000
4.098096,1920.000000
2.310438,1920.000000
2.307724,1920.000000
1.044474,1920.000000
0.906043,1920.000000
0.942415,1920.000000
2.792503,1920.000000
2.192093,1920.000000
1.702428,1920.000000
2.392411,1920.000000
2.508584,1920.000000
3.072622,1920.000000
2.093834,1920.000000
2.978706,1920.000000
3.581287,1920.000000
5.404775,1920.000000
1.199734,1920.000000
2.157893,1920.000000
3.111165,1920.000000
2.591643,1920.000000
3.453714,1920.000000
5.014997,1920.000000
3.068279,1920.000000
3.080765,1920.000000
1.151962,1920.000000
1.634570,1920.000000
1.361508,1920.000000
8.191849,1920.000000
4.855394,1920.000000
3.460228,1920.000000
5.087198,1920.000000
4.834765,1920.000000
8.094676,1920.000000
5.294030,1920.000000
4.610019,1920.000000
5.082855,1920.000000
13.903343,1920.000000
2.236065,1920.000000
3.111165,1920.000000
11.269357,1920.000000
5.606178,1920.000000
7.930730,1920.000000
13.532565,1920.000000
7.316749,1920.000000
6.318961,1920.000000
3.046564,1920.000000
2.413583,1920.000000
3.418428,1920.000000
4.477559,1920.000000
3.217567,1920.000000
2.574271,1920.000000
4.336414,1920.000000
3.315826,1920.000000
4.862451,1920.000000
3.338083,1920.000000
3.163281,1920.000000
4.340214,1920.000000
8.563169,1920.000000
1.445109,1920.000000
2.524870,1920.000000
5.713665,1920.000000
4.685477,1920.000000
5.305430,1920.000000
7.475809,1920.000000
4.136639,1920.000000
3.737090,1920.000000
1.900031,1920.000000
1.810458,1920.000000
2.397839,1920.000000
6.861827,1920.000000
4.216984,1920.000000
2.944506,1920.000000
5.415632,1920.000000
4.167040,1920.000000
7.569724,1920.000000
3.763690,1920.000000
5.045940,1920.000000
6.362390,1920.000000
11.412130,1920.000000
2.245294,1920.000000
3.494429,1920.000000
7.922044,1920.000000
5.513348,1920.000000
8.855231,1920.000000
10.845921,1920.000000
6.297789,1920.000000
5.112170,1920.000000
2.609557,1920.000000
2.202950,1920.000000
3.240910,1920.000000
10.601631,1920.000000
8.068075,1920.000000
4.649648,1920.000000
6.890056,1920.000000
7.284720,1920.000000
10.731919,1920.000000
6.245131,1920.000000
7.660383,1920.000000
8.395967,1920.000000
19.454691,1920.000000
3.866835,1920.000000
4.980796,1920.000000
13.007071,1920.000000
7.466037,1920.000000
11.173269,1920.000000
19.938385,1920.000000
10.732462,1920.000000
9.252066,1920.000000
4.517731,1920.000000
3.896693,1920.000000
5.730494,1920.000000
5.630607,1920.000000
3.604631,1920.000000
2.568299,1920.000000
4.408615,1920.000000
4.389072,1920.000000
5.485662,1920.000000
3.666517,1920.000000
4.869509,1920.000000
5.371117,1920.000000
11.157526,1920.000000
2.537899,1920.000000
3.410285,1920.000000
7.412293,1920.000000
4.219155,1920.000000
6.319504,1920.000000
10.296541,1920.000000
6.640881,1920.000000
5.296744,1920.000000
2.380468,1920.000000
1.835973,1920.000000
2.827246,1920.000000
5.788038,1920.000000
3.774548,1920.000000
3.246339,1920.000000
4.068781,1920.000000
4.812508,1920.000000
6.051871,1920.000000
3.335912,1920.000000
4.215898,1920.000000
4.773964,1920.000000
10.974037,1920.000000
2.234980,1920.000000
3.037878,1920.000000
6.005727,1920.000000
3.992237,1920.000000
5.298373,1920.000000
8.648399,1920.000000
5.345602,1920.000000
5.517148,1920.000000
2.046062,1920.000000
2.874476,1920.000000
2.124778,1920.000000
2.284380,1920.000000
1.830001,1920.000000
1.092247,1920.000000
1.496139,1920.000000
1.714371,1920.000000
2.570471,1920.000000
1.506996,1920.000000
1.473881,1920.000000
1.852259,1920.000000
4.430330,1920.000000
0.823528,1920.000000
1.104732,1920.000000
3.061765,1920.000000
1.796887,1920.000000
2.636158,1920.000000
4.662134,1920.000000
2.690987,1920.000000
1.915231,1920.000000
1.237192,1920.000000
0.850671,1920.000000
1.283878,1920.000000
2.303924,1920.000000
2.210551,1920.000000
1.194305,1920.000000
1.775715,1920.000000
2.118263,1920.000000
2.144864,1920.000000
1.592226,1920.000000
2.337038,1920.000000
2.182864,1920.000000
4.766907,1920.000000
1.501568,1920.000000
1.528168,1920.000000
2.641043,1920.000000
1.624255,1920.000000
2.080806,1920.000000
4.118725,1920.000000
2.277323,1920.000000
2.809875,1920.000000
0.849585,1920.000000
1.300707,1920.000000
1.004302,1920.000000
2.343010,1920.000000
2.163864,1920.000000
1.151962,1920.000000
2.146492,1920.000000
2.031948,1920.000000
3.100308,1920.000000
1.878317,1920.000000
1.892974,1920.000000
2.405440,1920.000000
4.966139,1920.000000
0.851214,1920.000000
1.438595,1920.000000
3.316369,1920.000000
2.321838,1920.000000
3.103022,1920.000000
5.080683,1920.000000
2.775131,1920.000000
2.195350,1920.000000
1.402766,1920.000000
1.045560,1920.000000
2.519441,1920.000000
111.926013,1920.000000
73.782732,1920.000000
55.097840,1920.000000
83.372252,1920.000000
79.655394,1920.000000
114.486663,1920.000000
69.208655,1920.000000
82.128477,1920.000000
95.041954,1920.000000
205.822233,1920.000000
40.585505,1920.000000
56.594686,1920.000000
129.622150,1920.000000
83.341957,1920.000000
116.113748,1920.000000
184.604546,1920.000000
104.364738,1920.000000
98.202322,1920.000000
42.315366,1920.000000
44.396094,1920.000000
50.216674,1920.000000
