3,20,18,3,0,0.641164
3,19,3,3,3,0.588968
3,6,20,2,3,0.443496
3,2,11,2,1,0.462224
0,3,1,2,1,0.367157
0,0,1,3,1,0.316820
0,0,2,0,1,0.277359
0,0,0,2,1,0.234837
2,20,0,2,1,0.207288
3,18,18,3,1,0.257385
2,1,3,3,1,0.209247
0,2,0,2,1,0.200904
0,0,2,2,1,0.187654
3,8,4,3,3,0.175294
3,19,3,3,3,0.170131
2,12,3,3,3,0.200395
2,14,3,3,3,0.161155
0,2,2,3,3,0.154404
0,2,3,3,3,0.142509
0,3,1,2,3,0.148115
3,3,2,2,2,0.133115
0,3,0,2,2,0.127990
2,6,1,3,2,0.150176
3,19,3,3,3,0.153401
3,18,18,3,1,0.116407
2,20,1,2,1,0.117061
2,3,1,1,1,0.135678
0,0,1,3,1,0.121625
3,7,19,3,0,0.110443
3,10,18,2,1,0.107932
0,3,2,3,1,0.105757
0,0,2,0,1,0.092533
0,0,3,3,1,0.095948
0,0,0,2,1,0.088535
0,2,1,2,1,0.093206
0,2,2,0,1,0.082198
3,8,2,3,3,0.080742
3,19,3,2,3,0.088472
0,3,2,2,3,0.074159
2,14,1,3,3,0.077774
0,1,2,3,3,0.077603
3,2,11,3,0,0.072112
2,2,0,1,0,0.076794
2,3,1,3,0,0.083620
0,2,1,3,0,0.074371
2,1,0,2,0,0.067427
0,2,0,2,0,0.067443
3,19,8,2,2,0.069087
2,18,0,1,2,0.068822
2,20,1,3,2,0.072956
3,3,2,3,2,0.084750
3,2,11,3,0,0.069991
3,2,11,3,0,0.071944
2,14,3,3,0,0.078068
0,3,1,1,0,0.071640
0,2,0,1,0,0.065097
0,0,1,3,0,0.068498
0,2,3,3,0,0.061712
0,0,2,2,0,0.064736
0,3,1,2,0,0.057197
0,2,1,2,0,0.061554
2,6,3,3,0,0.064802
0,0,2,2,0,0.066507
0,3,1,2,0,0.063462
0,3,3,3,0,0.056779
0,0,0,2,0,0.053397
3,11,19,1,2,0.047358
3,19,18,2,0,0.063518
0,1,1,1,0,0.048679
3,4,9,0,0,0.048734
2,6,3,2,0,0.052990
0,3,0,3,0,0.052805
2,12,0,0,0,0.048316
2,17,3,0,0,0.050728
3,19,3,0,2,0.048816
2,15,3,2,2,0.045709
3,10,16,2,1,0.049832
0,1,3,0,1,0.045670
2,9,3,2,1,0.044520
0,0,3,2,1,0.040863
2,20,0,0,1,0.050457
0,3,3,2,1,0.044353
0,3,2,0,1,0.044091
0,2,2,3,1,0.042156
0,3,2,2,1,0.040142
0,3,2,3,1,0.049799
0,0,2,2,1,0.051172
0,3,0,0,1,0.044648
2,1,2,1,1,0.047544
2,14,2,3,1,0.049926
3,18,19,3,2,0.042711
0,2,2,3,2,0.038065
2,18,1,2,2,0.044419
0,0,2,2,2,0.036693
0,3,1,2,2,0.037718
2,3,2,1,2,0.034841
0,3,1,2,2,0.047739
0,2,0,2,2,0.034509
3,2,3,2,2,0.037733
0,2,1,3,2,0.033737
2,20,1,1,2,0.036783
0,1,2,1,2,0.041895
0,0,1,1,2,0.034908
0,2,3,2,2,0.031509
2,15,2,3,2,0.029093
3,19,3,2,2,0.032838
0,3,0,0,2,0.034733
2,17,3,2,2,0.035648
2,20,1,0,2,0.034689
2,7,3,2,2,0.037268
2,18,1,1,2,0.037658
2,1,3,1,2,0.033410
0,2,1,1,2,0.034596
3,10,11,3,0,0.028823
2,14,0,1,0,0.029224
0,3,1,0,0,0.029272
0,0,3,1,0,0.027817
2,2,2,3,0,0.031350
3,3,2,0,2,0.031294
0,0,0,1,2,0.027001
2,14,2,0,2,0.027680
2,6,3,3,2,0.025656
2,14,3,3,2,0.026491
0,2,3,3,2,0.025740
0,0,2,3,2,0.026565
0,1,3,3,2,0.030417
0,2,2,3,2,0.026126
0,3,2,3,2,0.024029
0,0,2,0,2,0.027835
0,0,2,0,2,0.036466
0,0,2,2,2,0.026213
0,3,2,2,2,0.024167
2,20,2,2,2,0.027665
2,13,2,3,2,0.031246
2,0,2,0,2,0.028845
0,0,2,0,2,0.027091
0,2,2,3,2,0.025683
3,4,10,3,0,0.027112
3,19,1,1,3,0.022974
3,10,19,3,2,0.027362
2,12,3,2,2,0.026111
0,2,3,3,2,0.027887
0,3,1,2,2,0.024629
3,3,2,1,2,0.024324
0,0,3,2,2,0.023383
2,20,3,1,2,0.025164
2,7,3,1,2,0.027710
2,18,2,2,2,0.027223
2,6,2,1,2,0.024873
0,2,3,1,2,0.023949
0,3,3,0,2,0.020891
0,3,3,3,2,0.023691
0,3,0,0,2,0.021758
0,1,1,2,2,0.020945
0,0,2,2,2,0.023454
2,1,3,3,2,0.020597
2,14,1,2,2,0.025315
0,3,0,2,2,0.020400
0,3,1,2,2,0.020365
3,3,2,1,2,0.023890
0,2,0,1,2,0.019204
0,0,3,3,2,0.020025
2,12,1,2,2,0.020295
0,2,1,2,2,0.019103
2,8,3,0,2,0.024726
2,20,0,0,2,0.023639
2,9,3,0,2,0.023877
2,2,0,0,2,0.023594
0,2,1,2,2,0.019672
0,3,2,3,2,0.019456
2,8,2,2,2,0.018701
2,12,3,0,2,0.019722
0,3,0,0,2,0.021158
2,3,3,0,2,0.021343
0,2,1,0,2,0.021440
3,18,1,0,3,0.019374
3,1,18,3,1,0.020921
3,3,10,0,0,0.020381
2,14,3,3,0,0.016929
2,14,2,2,0,0.016878
2,3,2,0,0,0.021137
3,19,3,2,2,0.020556
3,19,3,2,1,0.022831
2,3,3,0,1,0.023085
2,18,2,0,1,0.021452
2,18,2,2,1,0.019898
2,1,2,2,1,0.017006
0,1,2,3,1,0.019520
0,0,3,3,1,0.017471
0,0,2,2,1,0.017320
0,3,2,2,1,0.019193
0,3,2,1,1,0.018596
2,14,1,3,1,0.020614
2,9,0,2,1,0.016837
2,14,1,3,1,0.015007
2,14,1,3,1,0.016506
2,20,1,3,1,0.021981
2,7,2,3,1,0.020815
2,6,1,3,1,0.020988
2,1,2,3,1,0.019281
0,3,1,3,1,0.020866
0,1,1,2,1,0.015498
0,3,1,2,1,0.018701
0,0,0,2,1,0.017080
0,3,2,3,1,0.015917
0,0,0,0,1,0.019452
2,8,0,0,1,0.017740
2,8,1,0,1,0.019666
0,3,1,2,1,0.015398
2,8,2,1,1,0.014183
3,19,1,3,3,0.016484
2,12,1,0,3,0.016071
2,12,3,3,3,0.017070
0,0,1,3,3,0.016363
0,0,1,3,3,0.017023
0,1,0,3,3,0.015584
2,11,3,3,3,0.015884
2,7,2,0,3,0.017292
2,18,3,3,3,0.019724
2,11,2,1,3,0.014945
2,13,2,3,3,0.015107
2,4,2,3,3,0.014921
0,0,2,1,3,0.014920
0,3,3,3,3,0.016564
3,1,4,1,1,0.018861
0,3,3,1,1,0.014879
0,3,1,1,1,0.015153
3,1,4,3,1,0.014613
0,2,2,3,1,0.014703
0,2,2,3,1,0.020706
0,2,2,1,1,0.015000
2,16,3,1,1,0.014068
0,2,3,3,1,0.013974
0,2,3,3,1,0.017818
0,2,2,0,1,0.021268
2,16,1,0,1,0.020738
0,0,3,0,1,0.015927
0,0,1,0,1,0.018156
2,13,3,1,1,0.016154
2,0,2,0,1,0.016867
0,2,3,0,1,0.013584
3,2,3,2,3,0.014481
0,2,2,0,3,0.014317
2,15,3,2,3,0.018771
2,11,0,0,3,0.013446
2,5,3,1,3,0.013212
0,3,0,0,3,0.015909
0,2,3,2,3,0.017811
2,12,3,3,3,0.013218
2,6,3,3,3,0.014527
3,3,2,0,2,0.016506
0,2,3,3,2,0.016059
0,0,0,2,2,0.013682
0,0,3,1,2,0.013883
0,0,3,1,2,0.013818
0,0,0,2,2,0.017977
2,7,2,0,2,0.015867
2,20,0,0,2,0.018009
2,9,2,0,2,0.016908
2,11,0,0,2,0.017665
2,11,2,0,2,0.013841
0,3,0,0,2,0.016893
0,3,0,0,2,0.015900
0,0,2,0,2,0.016549
0,2,2,0,2,0.016099
3,2,3,3,3,0.016746
2,1,2,0,3,0.012529
2,6,3,3,3,0.016615
2,6,2,0,3,0.016308
2,8,3,0,3,0.013966
3,4,10,0,1,0.012904
0,0,3,0,1,0.011972
2,7,2,0,1,0.015245
2,6,0,2,1,0.016779
2,2,2,0,1,0.015309
2,14,2,3,1,0.015710
2,1,3,0,1,0.011932
0,2,0,2,1,0.015379
0,2,0,2,1,0.016979
3,3,2,2,2,0.012459
2,2,3,0,2,0.011641
0,1,2,1,2,0.010483
0,3,1,2,2,0.014749
0,1,1,2,2,0.010872
2,18,0,3,2,0.015558
2,9,3,0,2,0.014080
0,1,0,3,2,0.015239
0,0,3,0,2,0.012628
2,20,2,3,2,0.014351
2,7,2,0,2,0.014581
0,0,2,3,2,0.015199
2,12,2,0,2,0.013451
0,2,3,3,2,0.014400
0,2,3,1,2,0.012713
2,20,0,0,2,0.015091
0,2,2,0,2,0.014475
2,6,0,0,2,0.014191
0,3,1,3,2,0.013801
0,2,0,3,2,0.012411
2,2,1,2,2,0.013090
0,2,3,2,2,0.012631
0,3,0,0,2,0.013744
0,3,0,0,2,0.013468
2,20,2,0,2,0.014069
2,7,3,1,2,0.013740
0,0,2,0,2,0.013774
0,0,2,0,2,0.013508
0,2,2,3,2,0.011916
0,2,2,3,2,0.013242
2,1,3,1,2,0.013887
2,1,1,2,2,0.013597
2,1,0,2,2,0.013811
0,0,2,3,2,0.010763
0,0,0,2,2,0.011442
2,1,2,3,2,0.011626
0,0,2,3,2,0.013621
2,0,1,2,2,0.011673
2,0,1,2,2,0.014677
2,17,3,1,2,0.013400
0,0,0,0,2,0.014224
0,2,3,1,2,0.012546
0,2,1,2,2,0.013790
2,17,1,2,2,0.012630
2,16,2,0,2,0.011456
0,3,2,3,2,0.010383
0,3,3,2,2,0.011388
0,3,2,2,2,0.010848
2,16,1,0,2,0.013357
2,14,2,2,2,0.011767
0,0,2,2,2,0.012285
0,3,2,2,2,0.011371
0,2,1,2,2,0.010982
0,3,3,3,2,0.010573
0,3,3,1,2,0.012722
0,3,2,3,2,0.011583
0,2,1,0,2,0.014178
0,3,2,0,2,0.010487
0,2,2,3,2,0.010483
0,2,2,3,2,0.012527
0,0,2,0,2,0.009763
0,2,1,1,2,0.013599
0,2,1,1,2,0.012809
2,14,1,1,2,0.010253
2,14,0,3,2,0.012837
2,14,0,3,2,0.009577
0,2,2,0,2,0.010790
2,20,1,1,2,0.013388
2,9,3,1,2,0.013285
2,18,1,1,2,0.012805
0,1,3,1,2,0.012647
2,6,3,1,2,0.012849
2,2,1,2,2,0.012596
2,20,3,1,2,0.012803
0,1,1,2,2,0.012658
2,8,3,1,2,0.012528
3,19,3,1,2,0.014630
3,11,19,3,2,0.019346
2,3,2,0,2,0.014626
0,1,0,3,2,0.014669
2,12,3,1,2,0.012610
2,12,3,1,2,0.010079
2,12,2,0,2,0.013342
0,1,0,3,2,0.013313
0,2,3,1,2,0.010966
3,19,3,3,2,0.010155
3,3,2,3,2,0.011017
3,3,2,3,2,0.011417
2,3,0,3,2,0.012440
0,2,3,3,2,0.009498
2,8,1,1,2,0.011166
2,1,2,0,2,0.010147
2,11,3,3,2,0.014325
2,11,2,3,2,0.011292
3,19,3,3,2,0.013159
3,19,3,1,1,0.014189
0,2,3,3,1,0.010297
0,3,2,0,1,0.010789
0,1,3,1,1,0.012054
0,1,3,1,1,0.011030
2,15,1,1,1,0.011098
0,3,0,0,1,0.009483
0,3,0,0,1,0.013289
2,13,1,1,1,0.013766
2,9,1,0,1,0.012094
2,5,0,3,1,0.010707
0,3,0,0,1,0.012285
3,13,10,0,2,0.012213
3,13,10,1,2,0.011398
3,13,10,3,2,0.010062
2,7,1,0,2,0.012103
0,0,1,0,2,0.010567
0,3,0,3,2,0.010063
0,2,1,1,2,0.008751
0,2,1,1,2,0.011232
2,20,0,0,2,0.012417
2,7,2,0,2,0.012169
0,3,0,0,2,0.012188
0,3,0,0,2,0.010595
2,17,1,1,2,0.011594
0,2,2,0,2,0.011701
2,18,1,1,2,0.011959
0,2,3,1,2,0.011635
3,7,10,1,1,0.011799
0,0,1,3,1,0.013319
0,0,1,3,1,0.011209
3,7,10,1,2,0.011900
2,8,1,3,2,0.008483
2,12,1,3,2,0.010276
0,1,1,1,2,0.009244
0,1,1,1,2,0.008521
0,0,2,0,2,0.013357
2,6,0,0,2,0.011896
0,1,3,1,2,0.011911
0,0,0,0,2,0.011930
2,16,0,2,2,0.009971
0,3,3,3,2,0.010896
0,0,0,2,2,0.008758
2,8,3,0,2,0.009408
2,7,3,0,2,0.012319
0,3,1,1,2,0.011662
0,0,3,0,2,0.010799
2,16,0,2,2,0.011225
0,2,2,0,2,0.008206
0,2,2,0,2,0.011513
2,12,0,1,2,0.010211
2,12,3,2,2,0.009637
2,16,2,3,2,0.012193
0,0,3,2,2,0.010533
2,5,2,3,2,0.011126
2,16,3,1,2,0.011049
2,20,0,2,2,0.010367
0,0,3,1,2,0.011902
0,2,0,2,2,0.010357
0,2,0,0,2,0.009449
2,2,3,1,2,0.009856
0,0,2,0,2,0.011595
0,0,2,0,2,0.010673
2,6,3,1,2,0.011293
0,2,2,0,2,0.011280
0,1,3,1,2,0.011202
0,3,3,1,2,0.008230
0,0,2,3,2,0.011050
0,1,3,1,2,0.010035
2,20,0,3,2,0.011091
0,1,0,2,2,0.011038
3,19,3,3,2,0.010649
3,19,3,2,2,0.010741
2,18,2,3,2,0.013530
2,2,2,2,2,0.010212
0,0,0,1,2,0.010840
2,18,2,3,2,0.009092
0,0,2,1,2,0.008835
0,0,3,2,2,0.008461
0,2,2,3,2,0.008711
0,2,2,3,2,0.010980
0,2,2,2,2,0.011357
2,20,2,2,2,0.010412
2,7,1,1,2,0.010748
2,6,2,2,2,0.010757
0,2,1,1,2,0.010500
2,17,2,2,2,0.010171
2,17,3,2,2,0.010593
2,17,2,2,2,0.010165
2,1,2,0,2,0.010178
2,1,2,2,2,0.010794
2,1,2,0,2,0.009132
0,3,2,2,2,0.010312
0,3,2,2,2,0.010531
0,3,2,2,2,0.009898
0,3,2,2,2,0.011134
0,3,2,2,2,0.008621
2,14,0,2,2,0.008381
2,14,0,2,2,0.009420
2,14,0,2,2,0.008750
0,3,2,2,2,0.008140
0,2,2,0,2,0.007975
2,2,0,2,2,0.008402
2,12,0,2,2,0.008997
0,2,3,0,2,0.007779
0,0,3,0,2,0.008314
0,0,3,0,2,0.010492
2,2,3,2,2,0.008864
2,11,2,2,2,0.011284
2,11,2,3,2,0.009119
2,0,2,2,2,0.010453
0,2,1,3,2,0.007970
0,3,0,0,2,0.008301
0,3,0,0,2,0.010473
0,0,3,2,2,0.010388
0,2,1,3,2,0.010014
2,17,0,1,2,0.009607
2,17,0,2,2,0.009378
2,9,3,0,2,0.011383
2,6,2,2,2,0.010172
2,6,1,3,2,0.009103
0,3,2,2,2,0.012020
0,0,3,0,2,0.009776
2,20,2,0,2,0.009647
2,7,3,1,2,0.009977
2,6,2,0,2,0.010248
1,0.500000
1,0.500000
1,0.400000
1,0.500000
1,0.400000
1,0.400000
0,0.100000
1,0.500000
1,0.500000
1,0.500000
1,0.500000
1,0.500000
0,0.200000
1,0.400000
1,0.400000
1,0.500000
1,0.400000
1,0.400000
1,0.300000
0,0.400000
1,0.700000
1,0.700000
0,0.400000
0,0.400000
0,0.400000
1,0.300000
1,0.500000
0,0.400000
1,0.300000
1,0.300000
1,0.100000
1,0.100000
1,0.300000
0,0.600000
1,0.500000
0,0.200000
1,0.300000
1,0.100000
1,0.300000
1,0.300000
1,0.800000
1,0.300000
0,0.300000
1,0.100000
1,0.300000
0,0.500000
0,0.500000
1,0.300000
0,0.100000
0,0.400000
1,0.700000
0,0.400000
0,0.400000
1,0.500000
0,0.200000
0,0.100000
0,0.400000
1,0.500000
1,0.100000
0,0.400000
1,0.300000
1,0.500000
0,0.500000
1,0.700000
1,0.300000
0,0.700000
0,0.300000
1,0.100000
0,0.300000
0,0.100000
1,0.400000
1,0.700000
0,0.500000
0,0.100000
0,0.100000
1,0.400000
1,0.100000
0,0.100000
1,0.400000
1,0.400000
0,0.500000
0,0.100000
1,0.100000
0,0.400000
1,0.100000
1,0.400000
1,0.200000
0,0.500000
1,0.900000
1,0.200000
1,0.500000
1,0.200000
0,0.400000
0,0.400000
0,0.400000
1,0.900000
1,0.200000
0,0.500000
0,0.100000
1,0.500000
1,0.100000
1,0.900000
1,0.100000
0,0.100000
1,0.200000
1,0.500000
0,0.500000
1,0.500000
0,0.100000
1,0.500000
0,0.300000
1,0.500000
0,0.300000
1,0.300000
0,0.100000
0,0.100000
1,0.500000
1,0.200000
1,0.100000
0,0.100000
1,0.100000
1,0.200000
1,0.200000
0,0.300000
1,0.200000
1,0.300000
0,0.400000
1,0.200000
1,0.100000
0,0.200000
1,0.200000
1,0.400000
0,0.500000
1,0.700000
1,0.100000
1,0.100000
1,0.500000
1,0.200000
1,0.100000
1,0.500000
1,0.500000
1,0.200000
0,0.400000
1,0.100000
1,0.400000
1,0.100000
1,0.700000
0,0.500000
1,0.100000
1,0.100000
0,0.200000
0,0.300000
0,0.400000
1,0.300000
0,0.500000
1,0.500000
1,0.200000
0,0.900000
1,0.500000
1,0.200000
1,0.200000
1,0.500000
1,0.200000
1,0.300000
1,0.900000
0,0.500000
1,0.900000
0,0.500000
0,0.500000
1,0.300000
1,0.100000
1,0.900000
0,0.500000
1,0.900000
0,0.300000
1,0.900000
0,0.300000
0,0.500000
0,0.300000
1,0.200000
0,0.500000
1,0.200000
1,0.200000
1,0.900000
0,0.500000
1,0.200000
1,0.200000
1,0.600000
0,0.300000
1,0.200000
1,0.200000
1,0.100000
1,0.100000
0,0.700000
1,0.600000
1,0.600000
1,0.100000
1,0.500000
1,0.100000
1,0.500000
1,0.100000
1,0.100000
1,0.300000
0,0.700000
1,0.500000
0,0.800000
1,0.900000
0,0.400000
0,0.400000
1,0.100000
1,0.600000
0,0.400000
1,0.200000
1,0.600000
0,0.400000
1,0.500000
1,0.200000
1,0.900000
1,0.200000
1,0.200000
0,0.400000
0,0.400000
1,0.200000
1,0.200000
1,0.200000
1,0.200000
0,0.100000
0,0.400000
0,0.400000
1,0.300000
1,0.100000
0,0.200000
0,0.300000
1,0.100000
1,0.900000
0,0.400000
1,0.900000
0,0.400000
1,0.700000
0,0.500000
0,0.100000
0,0.700000
1,0.900000
0,0.300000
1,0.900000
0,0.200000
1,0.900000
0,0.300000
0,0.300000
0,0.500000
1,0.900000
0,0.500000
0,0.700000
0,0.200000
1,0.500000
1,0.200000
1,0.900000
0,0.500000
1,0.900000
0,0.500000
1,0.900000
0,0.500000
1,0.900000
0,0.500000
1,0.900000
1,0.100000
1,0.900000
1,0.100000
1,0.900000
0,0.300000
0,0.300000
0,0.300000
1,0.900000
1,0.400000
1,0.900000
0,0.700000
1,0.900000
1,0.400000
0,0.500000
1,0.200000
1,0.900000
1,0.900000
1,0.200000
1,0.400000
1,0.200000
1,0.900000
1,0.200000
1,0.900000
0,0.700000
1,0.900000
0,0.700000
1,0.900000
1,0.100000
1,0.700000
0,0.500000
1,0.900000
0,0.500000
1,0.600000
0,0.800000
1,0.200000
1,0.500000
0,0.500000
1,0.900000
0,0.500000
1,0.900000
0,0.500000
1,0.100000
1,0.700000
0,0.900000
1,0.900000
1,0.200000
0,0.500000
1,0.300000
0,0.500000
0,0.100000
0,0.100000
1,0.200000
1,0.200000
1,0.800000
0,0.800000
1,0.800000
1,0.200000
0,0.500000
1,0.900000
1,0.200000
0,0.200000
1,0.500000
0,0.200000
1,0.200000
1,0.200000
1,0.100000
0,0.500000
0,0.300000
0,0.300000
1,0.500000
0,0.200000
1,0.100000
0,0.400000
1,0.300000
1,0.900000
0,0.300000
1,0.100000
0,0.200000
0,0.800000
0,0.800000
1,0.900000
0,0.400000
1,0.900000
0,0.400000
1,0.900000
0,0.300000
1,0.400000
0,0.300000
1,0.400000
0,0.300000
0,0.200000
1,0.600000
1,0.900000
0,0.800000
0,0.100000
0,0.100000
1,0.900000
1,0.200000
0,0.100000
0,0.800000
0,0.800000
0,0.300000
0,0.800000
0,0.300000
0,0.200000
1,0.400000
1,0.200000
1,0.700000
1,0.200000
0,0.200000
1,0.200000
1,0.400000
0,0.300000
1,0.200000
0,0.200000
1,0.300000
0,0.400000
1,0.900000
0,0.400000
0,0.800000
1,0.900000
0,0.400000
1,0.900000
0,0.800000
0,0.400000
0,0.300000
0,0.800000
0,0.200000
1,0.800000
0,0.500000
1,0.900000
0,0.500000
1,0.900000
0,0.400000
1,0.900000
0,0.400000
1,0.700000
0,0.400000
0,0.400000
1,0.600000
1,0.300000
0,0.300000
0,0.300000
1,0.200000
0,0.500000
1,0.900000
0,0.800000
1,0.900000
0,0.800000
1,0.900000
1,0.200000
0,0.700000
1,0.900000
1,0.900000
0,0.400000
1,0.900000
1,0.400000
1,0.200000
0,0.100000
1,0.300000
1,0.600000
0,0.900000
1,0.600000
0,0.900000
1,0.500000
1,0.400000
1,0.500000
1,0.400000
1,0.200000
1,0.600000
0,0.500000
1,0.900000
0,0.300000
1,0.900000
0,0.300000
1,0.600000
0,0.700000
1,0.900000
1,0.100000
1,0.900000
1,0.100000
1,0.700000
0,0.900000
1,0.900000
0,0.900000
1,0.700000
0,0.100000
0,0.100000
1,0.700000
0,0.900000
1,0.900000
0,0.900000
1,0.900000
0,0.900000
1,0.900000
0,0.900000
1,0.600000
0,0.500000
1,0.900000
0,0.900000
1,0.900000
0,0.900000
1,0.500000
0,0.300000
1,0.200000
0,0.300000
1,0.700000
1,0.700000
1,0.700000
1,0.200000
1,0.200000
1,0.700000
1,0.700000
0,0.100000
1,0.100000
0,0.300000
1,0.600000
0,0.900000
1,0.700000
0,0.900000
0,0.300000
1,0.300000
0,0.400000
1,0.600000
1,0.100000
1,0.300000
1,0.700000
1,0.900000
0,0.900000
0,0.300000
0,0.900000
1,0.900000
0,0.400000
1,0.900000
0,0.400000
1,0.960106
0,1.011527
1,1.045132
0,1.282409
0,1.270814
0,1.220814
0,1.293914
0,1.293914
0,1.401865
0,1.401865
0,1.246544
0,1.346809
0,0.994423
0,1.346809
1,1.011527
0,1.146544
0,1.246544
0,1.246544
0,1.296544
0,1.246544
0,1.246544
1,1.011527
1,1.751865
1,1.011527
1,1.751865
0,1.154877
0,1.107124
0,1.034278
0,2.034754
0,1.034278
1,1.496544
1,1.496544
0,0.948822
0,0.948822
0,1.002459
0,1.002459
0,1.002459
1,1.011527
0,1.457318
0,1.226742
1,1.058532
1,1.058532
0,0.948822
0,1.226742
1,1.496544
1,1.496544
1,1.496544
0,1.407318
1,1.496544
0,1.208532
1,1.496544
0,1.208532
1,1.058532
1,1.554968
0,1.329281
1,0.806848
1,0.706848
0,1.752061
0,1.505797
0,1.802061
0,1.752061
1,0.806848
0,1.505797
1,0.806848
0,1.505797
1,0.706848
0,1.802061
1,0.706848
0,1.505797
0,1.505797
1,1.154700
0,1.381958
0,1.381958
0,1.154877
0,1.204877
0,1.381958
0,1.381958
1,0.805417
1,1.004700
0,1.334155
0,1.334155
1,1.516063
1,1.516063
0,1.334155
0,0.954877
1,1.184278
0,1.334155
0,1.334155
1,1.254700
0,1.334155
1,0.805417
0,1.334155
0,1.334155
0,1.334155
0,0.954877
0,0.954877
0,1.334155
0,1.334155
0,1.334155
0,0.954877
1,0.866992
0,0.954877
1,0.866992
0,0.954877
0,0.954877
0,0.954877
1,0.866992
1,1.104700
1,0.866992
1,1.104700
1,0.866992
1,1.104700
1,0.866992
1,1.216457
1,1.104700
1,1.246544
1,1.004700
0,1.329281
1,1.246544
1,1.004700
1,1.004700
0,1.296544
0,1.296544
1,1.004700
0,1.296544
0,1.296544
1,0.891353
1,1.004700
1,0.891353
1,0.891353
1,1.004700
1,1.004700
0,1.296544
1,1.104700
0,1.346544
1,1.004700
1,1.004700
1,0.891353
1,1.004700
0,1.494173
0,1.296544
0,1.346544
0,1.296544
0,1.296544
1,1.246544
1,1.246544
0,0.761522
1,1.246544
0,0.761522
1,1.246544
0,1.242305
0,1.242305
1,1.234155
0,0.761522
1,1.234155
0,0.761522
1,1.234155
1,1.234155
1,1.234155
1,1.246544
0,1.346544
0,1.096544
0,1.346544
0,1.154877
0,0.761522
0,1.346544
0,1.096544
0,1.346544
0,0.761522
0,1.096544
0,1.346544
0,1.154877
0,1.346544
0,1.096544
0,1.276730
0,1.242305
1,1.401401
0,1.276730
1,0.961522
1,1.054877
1,1.054877
0,1.154877
1,1.076742
1,1.404877
0,1.346544
0,1.096544
0,1.346544
0,1.096544
0,1.096544
0,1.096544
0,1.346544
0,1.346544
0,1.346544
0,1.346544
1,0.961522
0,1.096544
0,1.346544
0,0.761522
0,1.346544
0,0.761522
0,1.346544
0,1.346544
0,1.346544
1,0.961522
0,0.761522
0,1.346544
0,1.096544
0,1.346544
1,0.961522
1,0.961522
1,1.104700
0,1.346544
1,1.134470
0,0.761522
0,1.346544
0,0.861522
1,0.961522
0,0.761522
1,1.054877
0,1.096544
1,1.134470
1,0.961522
0,1.096544
0,1.346544
0,0.861522
1,0.961522
1,0.961522
1,0.961522
0,0.972152
1,1.099073
1,1.384470
0,1.346544
0,0.722152
1,1.054877
0,0.722152
1,1.054877
0,0.722152
0,0.972152
0,0.722152
1,1.134470
1,1.384470
1,1.134470
1,1.054877
1,1.054877
1,1.099073
1,1.149073
0,0.722152
0,0.972152
1,1.149073
0,1.096544
0,1.096544
1,1.034470
1,1.034470
1,1.434155
1,1.434155
0,1.346544
1,1.534155
0,1.396544
1,1.534155
1,1.034470
1,1.534155
0,1.346544
1,1.534155
0,1.346544
1,1.534155
1,1.034470
1,1.149073
0,1.346544
0,1.096544
0,1.346544
1,1.099073
0,0.722152
0,0.722152
0,0.972152
0,0.722152
0,0.972152
0,0.722152
0,0.972152
0,0.722152
0,1.346544
0,0.722152
0,1.146544
0,0.972152
0,1.146544
0,0.972152
0,0.722152
0,0.972152
0,0.722152
0,0.972152
0,0.722152
0,0.972152
0,0.722152
0,0.972152
0,0.722152
0,0.972152
0,0.722152
0,0.972152
0,0.722152
0,0.972152
0,0.972152
0,0.722152
0,0.972152
0,0.722152
0,0.972152
0,0.722152
0,0.972152
0,0.722152
0,0.722152
0,0.972152
0,0.722152
0,0.972152
1,1.246544
1,1.246544
1,1.246544
1,1.246544
0,0.722152
1,1.246544
1,1.246544
0,0.722152
0,0.972152
0,0.722152
0,0.972152
1,1.246544
0,0.722152
1,1.246544
0,0.972152
0,0.722152
0,0.972152
0,0.722152
1,1.246544
1,1.246544
1,1.246544
0,0.722152
1,1.246544
0,0.722152
0,0.972152
1,1.246544
1,1.246544
1,1.246544
0,0.722152
0,0.972152
1,1.246544
1,1.246544
1,1.246544
1,1.246544
0,0.722152
0,0.972152
0,0.722152
0,0.972152
0,0.722152
0,0.972152
0,0.722152
0,0.972152
0,0.722152
0,0.972152
1,1.054877
0,1.852061
1,0.904700
1,1.054877
0,1.154877
1,1.246544
0,0.722152
0,0.972152
0,0.722152
0,1.154877
1,1.246544
0,1.146544
0,0.972152
0,0.722152
1,1.054877
0,0.722152
0,0.972152
1,1.404877
1,1.054877
0,1.126742
0,0.972152
0,0.954877
0,0.972152
0,0.954877
0,0.972152
0,0.722152
0,0.972152
0,0.722152
0,0.972152
0,0.972152
0,0.722152
0,0.972152
1,0.872152
0,0.722152
0,0.972152
1,1.054877
0,1.296544
1,1.054877
1,1.446544
0,1.022152
1,1.446544
0,1.022152
0,1.414899
0,0.972152
1,1.446544
0,0.972152
1,1.446544
0,1.414899
1,1.241699
1,0.822152
1,1.241699
1,1.054877
0,0.954877
1,1.246544
0,0.722152
0,0.722152
0,1.172152
0,0.722152
0,1.022152
0,0.722152
0,1.022152
0,1.296544
0,0.722152
0,0.722152
0,1.022152
0,0.722152
0,1.172152
1,0.822152
1,0.822152
1,0.822152
0,0.954877
0,1.172152
0,0.722152
0,1.022152
0,0.722152
0,1.172152
0,0.722152
0,1.172152
0,0.722152
0,0.954877
1,1.054877
0,0.954877
1,1.054877
0,0.954877
1,1.054877
1,1.054877
1,1.054877
0,0.954877
1,1.054877
0,0.954877
1,1.054877
0,0.954877
0,1.022152
1,1.454877
0,1.172152
0,0.722152
0,1.296544
0,1.296544
0,0.954877
0,1.296544
1,1.404877
0,1.254877
0,0.954877
0,1.254877
0,0.954877
0,1.254877
0,0.954877
0,1.254877
0,0.954877
0,1.254877
0,0.954877
0,1.254877
0,0.954877
0,1.296544
0,1.296544
0,1.296544
0,1.296544
0,1.296544
0,1.296544
0,1.296544
0,1.296544
0,1.296544
0,1.296544
0,1.296544
0,1.296544
0,1.296544
0,1.096544
0,1.022152
0,1.096544
0,1.296544
0,1.296544
0,1.096544
0,1.296544
0,1.096544
1,0.822152
1,0.822152
0,1.296544
0,1.096544
1,0.822152
0,1.296544
0,1.022152
0,1.096544
0,1.296544
0,1.096544
0,1.022152
0,0
0,4
0,0
0,4
0,5
0,4
0,0
0,5
0,0
0,3
0,0
1,2
0,5
0,4
0,4
0,4
0,4
1,3
0,0
1,3
1,3
1,3
1,3
0,0
1,4
0,0
1,4
1,1
1,1
1,1
0,0
0,0
1,4
1,3
1,4
0,1
1,3
0,0
0,1
0,7
0,1
0,1
1,3
1,1
0,1
0,1
1,1
0,0
1,1
0,0
0,1
1,4
0,0
0,1
1,0
0,0
0,0
1,3
0,5
1,3
1,3
1,3
0,0
0,0
1,4
0,1
1,3
0,1
1,3
0,1
0,0
0,0
1,4
1,3
0,5
1,8
0,0
0,5
0,5
1,8
0,0
1,8
1,8
1,1
1,1
1,8
0,8
0,8
1,8
0,8
1,8
1,1
1,1
0,1
1,8
1,8
0,1
0,2
1,0
0,2
0,1
1,6
1,4
1,4
1,4
0,0
0,1
0,0
0,1
1,6
0,3
1,8
0,1
0,1
0,2
1,4
1,4
1,0
1,4
1,4
1,4
0,1
0,5
0,0
0,8
0,8
0,8
0,8
0,8
0,1
0,0
0,0
0,1
0,0
0,8
1,3
1,3
0,2
0,1
1,0
0,1
0,1
1,3
1,3
1,3
0,1
1,6
0,3
1,3
1,4
1,4
1,4
1,4
1,8
1,4
1,8
0,8
0,0
0,0
1,4
1,4
1,5
1,4
1,5
1,5
0,1
0,0
1,0
0,2
1,8
0,2
0,2
0,5
1,8
0,5
1,1
1,6
0,2
1,4
0,2
0,4
0,2
0,1
1,7
0,2
1,1
0,2
1,6
1,6
1,2
0,5
0,5
0,5
0,7
1,4
0,1
0,1
1,6
0,5
1,8
0,3
0,7
0,2
1,5
1,5
1,0
1,5
1,0
0,2
0,2
1,6
0,7
1,4
1,6
0,3
1,2
0,2
1,6
0,2
1,1
0,3
0,1
0,0
0,8
1,1
0,2
1,2
1,2
0,8
1,2
1,2
1,2
1,6
0,5
1,6
0,5
1,6
0,1
1,6
0,8
0,0
1,3
1,7
0,8
0,0
0,7
0,0
0,1
0,5
0,2
0,0
0,2
0,4
0,1
0,0
0,1
1,6
0,1
0,0
0,2
1,3
0,4
1,8
0,4
1,8
0,6
1,8
0,6
1,3
1,0
1,3
1,3
1,6
0,5
1,6
0,8
1,8
0,2
1,6
1,3
0,1
0,2
0,1
0,0
0,3
0,0
0,2
1,6
0,1
1,6
0,2
0,0
0,2
0,5
0,2
1,6
0,6
1,8
1,1
1,0
1,8
1,1
0,0
0,2
1,6
1,1
1,8
1,3
1,1
1,8
0,3
1,1
0,2
0,2
0,2
1,7
0,5
1,3
1,7
1,1
0,0
1,1
0,3
1,3
0,7
0,5
0,2
0,5
0,2
0,1
0,2
0,2
0,7
0,7
1,8
0,2
0,0
0,5
0,7
0,0
0,2
1,1
0,5
1,4
0,5
0,0
0,2
0,0
0,4
1,7
0,6
1,7
0,2
1,8
0,2
0,7
0,7
1,8
1,0
0,7
1,4
0,0
1,0
1,6
1,0
0,4
1,6
0,4
1,0
1,0
1,8
0,2
1,3
0,8
0,7
0,7
1,6
0,7
1,6
0,7
0,0
0,7
0,0
0,7
0,8
1,6
0,1
0,1
0,0
0,1
0,6
0,1
0,1
1,6
0,2
1,6
0,8
0,0
0,8
0,0
0,4
0,0
0,7
0,0
0,1
0,1
0,1
0,5
0,2
0,0
1,7
0,7
1,7
0,2
0,0
1,1
1,1
1,0
1,6
0,2
1,7
1,1
1,4
1,4
1,4
0,2
0,6
1,7
1,1
0,0
0,2
1,7
0,7
1,7
1,7
0,7
1,7
0,7
1,7
0,2
1,1
0,2
1,7
0,2
1,7
0,4
0,6
0,4
1,7
0,7
1,1
0,2
1,3
1,3
0,1
1,7
0,2
1,7
0,7
1,7
0,8
1,7
0,8
1,8
0,4
1,8
0,1
1,7
0,8
0,2
0,8
0,3
1,4
0,5
0,6
0,2
0,2
0,6
0,5
0,2
0,2
1,7
0,2
1,3
0,8
0,4
0,4
0,2
0,0
0,2
0,3
1,1
0,0
0,2
1,3
0,2
1,7
0,1
1,7
0,8
25.037323,1920.000000
5.300557,1920.000000
4.522481,1920.000000
8.392572,1920.000000
3.384644,1920.000000
20.484068,1920.000000
5.087042,1920.000000
2.683504,1920.000000
3.461716,1920.000000
15.290268,1920.000000
2.014228,1920.000000
1.910603,1920.000000
19.908613,1920.000000
8.437508,1920.000000
14.937451,1920.000000
17.013092,1920.000000
9.185626,1920.000000
8.752061,1920.000000
4.564422,1920.000000
1.539131,1920.000000
1.456339,1920.000000
4.731911,1920.000000
3.277342,1920.000000
1.259982,1920.000000
1.804118,1920.000000
1.530007,1920.000000
5.917952,1920.000000
2.297598,1920.000000
1.173922,1920.000000
1.131982,1920.000000
6.342258,1920.000000
0.676357,1920.000000
0.788425,1920.000000
8.223993,1920.000000
2.854942,1920.000000
5.632131,1920.000000
6.696573,1920.000000
3.545461,1920.000000
3.238533,1920.000000
2.339811,1920.000000
0.688885,1920.000000
0.887965,1920.000000
4.166533,1920.000000
1.581752,1920.000000
1.853139,1920.000000
2.672747,1920.000000
1.724867,1920.000000
5.109374,1920.000000
1.742296,1920.000000
1.607079,1920.000000
1.524833,1920.000000
5.551927,1920.000000
0.818110,1920.000000
1.015557,1920.000000
6.003059,1920.000000
2.333955,1920.000000
3.866822,1920.000000
4.932762,1920.000000
2.909138,1920.000000
2.881495,1920.000000
0.893957,1920.000000
0.918603,1920.000000
0.370655,1920.000000
9.539396,1920.000000
1.747743,1920.000000
4.230941,1920.000000
7.861372,1920.000000
1.519114,1920.000000
8.476997,1920.000000
2.003334,1920.000000
1.916458,1920.000000
3.853341,1920.000000
7.216334,1920.000000
1.391658,1920.000000
1.986177,1920.000000
7.348964,1920.000000
3.914482,1920.000000
6.628896,1920.000000
4.950736,1920.000000
4.044524,1920.000000
4.645715,1920.000000
1.147097,1920.000000
1.053684,1920.000000
0.518808,1920.000000
2.235096,1920.000000
1.630092,1920.000000
1.088544,1920.000000
1.443267,1920.000000
1.945190,1920.000000
2.608202,1920.000000
1.300561,1920.000000
1.461650,1920.000000
1.197480,1920.000000
5.566770,1920.000000
0.552987,1920.000000
0.802723,1920.000000
4.367520,1920.000000
2.180492,1920.000000
2.642925,1920.000000
4.421988,1920.000000
2.043505,1920.000000
1.981275,1920.000000
0.964493,1920.000000
0.922008,1920.000000
0.527387,1920.000000
18.834367,1920.000000
5.835161,1920.000000
5.717374,1920.000000
7.994002,1920.000000
3.411197,1920.000000
20.218536,1920.000000
6.591858,1920.000000
3.057155,1920.000000
4.277375,1920.000000
15.834948,1920.000000
1.884049,1920.000000
2.577836,1920.000000
21.621088,1920.000000
8.555431,1920.000000
17.849312,1920.000000
15.630148,1920.000000
9.309541,1920.000000
7.938308,1920.000000
4.185052,1920.000000
1.800850,1920.000000
1.909513,1920.000000
4.074482,1920.000000
2.326466,1920.000000
1.205650,1920.000000
1.627505,1920.000000
1.446807,1920.000000
5.229204,1920.000000
3.585903,1920.000000
1.224169,1920.000000
1.071931,1920.000000
7.153560,1920.000000
0.616034,1920.000000
0.738042,1920.000000
7.884793,1920.000000
3.500252,1920.000000
6.153254,1920.000000
5.098208,1920.000000
3.052797,1920.000000
2.574704,1920.000000
1.222399,1920.000000
0.814706,1920.000000
0.689974,1920.000000
2.257292,1920.000000
1.330654,1920.000000
1.088271,1920.000000
1.406365,1920.000000
1.592918,1920.000000
1.895896,1920.000000
1.185905,1920.000000
1.332561,1920.000000
1.321939,1920.000000
4.102533,1920.000000
0.602280,1920.000000
1.045378,1920.000000
3.535793,1920.000000
1.860220,1920.000000
2.514381,1920.000000
3.698788,1920.000000
2.234279,1920.000000
1.758909,1920.000000
0.753429,1920.000000
1.006842,1920.000000
0.388221,1920.000000
4.471690,1920.000000
1.172561,1920.000000
2.099879,1920.000000
3.490857,1920.000000
1.093718,1920.000000
4.347230,1920.000000
1.183318,1920.000000
1.410586,1920.000000
3.225461,1920.000000
4.124048,1920.000000
1.076425,1920.000000
1.436867,1920.000000
3.902363,1920.000000
2.061888,1920.000000
3.690482,1920.000000
3.481869,1920.000000
2.917172,1920.000000
2.895657,1920.000000
0.778076,1920.000000
0.846433,1920.000000
0.419540,1920.000000
12.851053,1920.000000
6.545697,1920.000000
4.982055,1920.000000
8.079653,1920.000000
4.352405,1920.000000
14.507834,1920.000000
6.555092,1920.000000
3.124151,1920.000000
4.624609,1920.000000
19.439507,1920.000000
2.041326,1920.000000
2.595130,1920.000000
21.459590,1920.000000
10.244621,1920.000000
15.253093,1920.000000
14.798149,1920.000000
7.630836,1920.000000
7.339841,1920.000000
4.183554,1920.000000
2.450517,1920.000000
2.161428,1920.000000
2.481019,1920.000000
0.744714,1920.000000
0.921463,1920.000000
1.596867,1920.000000
0.540051,1920.000000
2.195743,1920.000000
0.535285,1920.000000
0.508323,1920.000000
0.964765,1920.000000
2.009462,1920.000000
0.470468,1920.000000
0.512953,1920.000000
2.148492,1920.000000
0.914518,1920.000000
1.855318,1920.000000
1.982228,1920.000000
1.456203,1920.000000
1.342229,1920.000000
0.551761,1920.000000
0.369838,1920.000000
0.229719,1920.000000
1.870977,1920.000000
0.941344,1920.000000
0.846161,1920.000000
1.206331,1920.000000
1.069071,1920.000000
2.349343,1920.000000
0.946927,1920.000000
1.140016,1920.000000
1.192714,1920.000000
3.162823,1920.000000
0.528340,1920.000000
0.779710,1920.000000
2.724627,1920.000000
1.381037,1920.000000
1.955947,1920.000000
2.806193,1920.000000
1.674484,1920.000000
1.592237,1920.000000
0.550536,1920.000000
0.638093,1920.000000
0.250417,1920.000000
24.316575,1920.000000
6.981713,1920.000000
4.982464,1920.000000
8.530240,1920.000000
3.489495,1920.000000
26.030820,1920.000000
6.900420,1920.000000
2.653138,1920.000000
3.849801,1920.000000
16.695679,1920.000000
1.953769,1920.000000
2.409121,1920.000000
24.723860,1920.000000
9.774834,1920.000000
20.013055,1920.000000
20.815778,1920.000000
11.110935,1920.000000
9.015005,1920.000000
5.485885,1920.000000
1.750603,1920.000000
2.053173,1920.000000
8.793048,1920.000000
2.263828,1920.000000
3.431623,1920.000000
5.363876,1920.000000
1.329429,1920.000000
9.134562,1920.000000
3.070227,1920.000000
1.621922,1920.000000
2.704883,1920.000000
8.026002,1920.000000
1.219403,1920.000000
1.570858,1920.000000
10.192604,1920.000000
5.138923,1920.000000
8.278325,1920.000000
5.416438,1920.000000
3.792746,1920.000000
4.619026,1920.000000
1.620424,1920.000000
0.911250,1920.000000
0.788425,1920.000000
17.524683,1920.000000
5.571944,1920.000000
4.787196,1920.000000
7.328266,1920.000000
2.471623,1920.000000
18.523899,1920.000000
5.052864,1920.000000
2.612968,1920.000000
4.738311,1920.000000
13.445027,1920.000000
2.155028,1920.000000
2.543385,1920.000000
19.048699,1920.000000
6.900420,1920.000000
20.009787,1920.000000
13.970099,1920.000000
8.945967,1920.000000
7.465389,1920.000000
4.169392,1920.000000
1.458926,1920.000000
1.599726,1920.000000
14.744634,1920.000000
7.363262,1920.000000
3.802550,1920.000000
5.759314,1920.000000
4.246464,1920.000000
14.457860,1920.000000
4.782430,1920.000000
3.206261,1920.000000
3.515503,1920.000000
16.105654,1920.000000
2.219436,1920.000000
2.154211,1920.000000
20.469634,1920.000000
7.261134,1920.000000
14.894421,1920.000000
21.779726,1920.000000
10.176672,1920.000000
7.494257,1920.000000
5.843059,1920.000000
1.932390,1920.000000
1.941105,1920.000000
10.207855,1920.000000
4.154822,1920.000000
2.502398,1920.000000
3.755707,1920.000000
2.363232,1920.000000
8.257627,1920.000000
3.065734,1920.000000
1.979369,1920.000000
2.398092,1920.000000
8.421031,1920.000000
1.476765,1920.000000
1.360475,1920.000000
10.784672,1920.000000
4.172116,1920.000000
8.357576,1920.000000
10.880535,1920.000000
6.686905,1920.000000
5.044149,1920.000000
3.176848,1920.000000
1.225939,1920.000000
1.073293,1920.000000
7.160368,1920.000000
3.471384,1920.000000
2.705019,1920.000000
3.875129,1920.000000
2.558364,1920.000000
6.937049,1920.000000
2.914176,1920.000000
2.098381,1920.000000
2.368815,1920.000000
9.202103,1920.000000
1.070842,1920.000000
1.590331,1920.000000
10.098919,1920.000000
4.318226,1920.000000
6.583960,1920.000000
8.016470,1920.000000
4.925136,1920.000000
4.363298,1920.000000
2.141275,1920.000000
1.474994,1920.000000
0.966535,1920.000000
4.688200,1920.000000
1.584611,1920.000000
1.200612,1920.000000
1.856407,1920.000000
0.631693,1920.000000
4.506141,1920.000000
1.114144,1920.000000
0.797684,1920.000000
1.343999,1920.000000
3.706414,1920.000000
0.864680,1920.000000
0.788425,1920.000000
5.302327,1920.000000
1.646433,1920.000000
5.338004,1920.000000
4.113562,1920.000000
3.336031,1920.000000
1.755096,1920.000000
1.445446,1920.000000
0.371881,1920.000000
0.532153,1920.000000
1.240782,1920.000000
0.708902,1920.000000
0.716663,1920.000000
1.082825,1920.000000
0.944612,1920.000000
1.539131,1920.000000
0.805038,1920.000000
0.957140,1920.000000
0.866859,1920.000000
2.565445,1920.000000
0.400885,1920.000000
0.658519,1920.000000
1.752918,1920.000000
1.099029,1920.000000
1.756186,1920.000000
2.050722,1920.000000
1.279999,1920.000000
1.246093,1920.000000
0.423898,1920.000000
0.633327,1920.000000
0.180289,1920.000000
2.070739,1920.000000
0.539914,1920.000000
0.538280,1920.000000
0.859778,1920.000000
0.281464,1920.000000
2.297870,1920.000000
0.558706,1920.000000
0.335523,1920.000000
0.571778,1920.000000
1.322892,1920.000000
0.279421,1920.000000
0.361940,1920.000000
1.988492,1920.000000
0.724970,1920.000000
2.059437,1920.000000
1.574943,1920.000000
1.057633,1920.000000
0.907438,1920.000000
0.455353,1920.000000
0.121191,1920.000000
0.491574,1920.000000
22.514959,1920.000000
5.782001,1920.000000
4.505252,1920.000000
7.762079,1920.000000
3.110306,1920.000000
20.008031,1920.000000
5.193466,1920.000000
2.872686,1920.000000
3.691488,1920.000000
15.512175,1920.000000
2.080300,1920.000000
2.276660,1920.000000
21.086922,1920.000000
7.971239,1920.000000
16.892687,1920.000000
16.116643,1920.000000
9.783825,1920.000000
8.509800,1920.000000
4.372757,1920.000000
1.720670,1920.000000
1.601792,1920.000000
5.818359,1920.000000
3.548507,1920.000000
1.681589,1920.000000
2.385598,1920.000000
1.364580,1920.000000
5.818087,1920.000000
2.304848,1920.000000
1.039129,1920.000000
1.335984,1920.000000
5.591224,1920.000000
0.765015,1920.000000
1.021835,1920.000000
7.332592,1920.000000
2.830472,1920.000000
6.076269,1920.000000
6.373124,1920.000000
3.378156,1920.000000
2.757756,1920.000000
2.068862,1920.000000
0.717899,1920.000000
0.831058,1920.000000
4.890483,1920.000000
1.517910,1920.000000
2.542060,1920.000000
3.469664,1920.000000
1.453500,1920.000000
5.546696,1920.000000
1.842544,1920.000000
1.428853,1920.000000
1.699972,1920.000000
4.937054,1920.000000
0.742274,1920.000000
1.245702,1920.000000
4.410204,1920.000000
2.666521,1920.000000
4.076991,1920.000000
4.240806,1920.000000
2.358636,1920.000000
3.084569,1920.000000
0.963145,1920.000000
0.979349,1920.000000
0.381963,1920.000000
8.020125,1920.000000
2.130276,1920.000000
3.050799,1920.000000
6.801521,1920.000000
1.958971,1920.000000
8.624729,1920.000000
2.363538,1920.000000
2.059330,1920.000000
2.935733,1920.000000
8.539213,1920.000000
1.225685,1920.000000
1.378742,1920.000000
7.694402,1920.000000
4.729528,1920.000000
6.751682,1920.000000
6.110584,1920.000000
3.877227,1920.000000
4.529491,1920.000000
1.505382,1920.000000
1.114568,1920.000000
0.595072,1920.000000
3.014441,1920.000000
1.412649,1920.000000
1.528123,1920.000000
2.098547,1920.000000
2.004316,1920.000000
3.384420,1920.000000
1.245702,1920.000000
1.303166,1920.000000
1.643324,1920.000000
4.277164,1920.000000
0.636740,1920.000000
1.097002,1920.000000
3.570295,1920.000000
1.772688,1920.000000
2.798063,1920.000000
3.773191,1920.000000
2.032232,1920.000000
2.391590,1920.000000
0.721031,1920.000000
0.771142,1920.000000
0.407018,1920.000000
19.007439,1920.000000
6.517875,1920.000000
5.044630,1920.000000
8.071598,1920.000000
3.247976,1920.000000
23.804236,1920.000000
6.052439,1920.000000
2.806234,1920.000000
4.169452,1920.000000
14.924184,1920.000000
1.851804,1920.000000
2.099092,1920.000000
20.218281,1920.000000
8.797804,1920.000000
18.542684,1920.000000
14.942023,1920.000000
8.008823,1920.000000
8.317797,1920.000000
4.782907,1920.000000
1.838050,1920.000000
1.991244,1920.000000
5.736111,1920.000000
2.182021,1920.000000
1.982256,1920.000000
2.601703,1920.000000
1.240255,1920.000000
6.308442,1920.000000
3.568252,1920.000000
1.042669,1920.000000
1.277702,1920.000000
5.989255,1920.000000
0.552178,1920.000000
0.855977,1920.000000
7.216982,1920.000000
3.421187,1920.000000
5.209670,1920.000000
4.261504,1920.000000
2.371981,1920.000000
2.745501,1920.000000
1.165633,1920.000000
0.872318,1920.000000
0.689984,1920.000000
2.926882,1920.000000
1.012303,1920.000000
1.539697,1920.000000
1.953524,1920.000000
1.205667,1920.000000
2.975768,1920.000000
1.052338,1920.000000
1.387185,1920.000000
1.525263,1920.000000
3.339347,1920.000000
0.662205,1920.000000
1.032320,1920.000000
2.706556,1920.000000
1.654763,1920.000000
2.577465,1920.000000
3.147208,1920.000000
2.320780,1920.000000
2.166225,1920.000000
0.660843,1920.000000
0.758751,1920.000000
0.308021,1920.000000
3.626942,1920.000000
1.267081,1920.000000
1.622762,1920.000000
3.037318,1920.000000
1.527306,1920.000000
3.623130,1920.000000
1.401210,1920.000000
1.494216,1920.000000
3.295227,1920.000000
4.976544,1920.000000
0.882395,1920.000000
1.195863,1920.000000
4.092787,1920.000000
2.454365,1920.000000
4.002777,1920.000000
4.189469,1920.000000
2.590265,1920.000000
2.504749,1920.000000
0.983707,1920.000000
0.918617,1920.000000
0.427308,1920.000000
16.052914,1920.000000
5.199185,1920.000000
5.386422,1920.000000
8.316708,1920.000000
4.423413,1920.000000
15.619342,1920.000000
5.722903,1920.000000
3.535980,1920.000000
4.917717,1920.000000
18.286680,1920.000000
2.154786,1920.000000
3.123378,1920.000000
19.636145,1920.000000
8.619010,1920.000000
13.970435,1920.000000
15.563240,1920.000000
8.689819,1920.000000
8.578430,1920.000000
3.628304,1920.000000
2.148795,1920.000000
1.647001,1920.000000
2.024197,1920.000000
0.673915,1920.000000
0.716537,1920.000000
1.089376,1920.000000
0.662205,1920.000000
1.776501,1920.000000
0.591123,1920.000000
0.647226,1920.000000
0.888931,1920.000000
2.170582,1920.000000
0.544144,1920.000000
0.518679,1920.000000
2.284558,1920.000000
1.021563,1920.000000
1.959516,1920.000000
2.534706,1920.000000
1.711274,1920.000000
1.315150,1920.000000
0.615225,1920.000000
0.370524,1920.000000
0.215833,1920.000000
2.147569,1920.000000
0.890565,1920.000000
1.151471,1920.000000
1.475424,1920.000000
0.965596,1920.000000
2.161187,1920.000000
0.970907,1920.000000
1.060099,1920.000000
1.162773,1920.000000
2.763203,1920.000000
0.509828,1920.000000
0.960421,1920.000000
2.179434,1920.000000
1.266400,1920.000000
2.039585,1920.000000
2.844770,1920.000000
1.988384,1920.000000
1.660618,1920.000000
0.543599,1920.000000
0.631294,1920.000000
0.233944,1920.000000
22.307569,1920.000000
7.092930,1920.000000
4.949854,1920.000000
7.318567,1920.000000
3.692577,1920.000000
20.886205,1920.000000
6.937830,1920.000000
3.018798,1920.000000
3.929381,1920.000000
18.993958,1920.000000
2.145391,1920.000000
2.334942,1920.000000
32.982368,1920.000000
8.943372,1920.000000
18.265301,1920.000000
20.511187,1920.000000
11.902254,1920.000000
8.323516,1920.000000
5.144716,1920.000000
1.804007,1920.000000
2.052113,1920.000000
7.408168,1920.000000
2.754488,1920.000000
2.464306,1920.000000
4.328909,1920.000000
1.872774,1920.000000
8.109182,1920.000000
3.605836,1920.000000
1.631477,1920.000000
2.249426,1920.000000
10.060391,1920.000000
1.090874,1920.000000
1.307115,1920.000000
10.327016,1920.000000
6.014719,1920.000000
7.743423,1920.000000
6.625723,1920.000000
3.557222,1920.000000
4.126013,1920.000000
2.039449,1920.000000
1.061053,1920.000000
0.910446,1920.000000
16.090770,1920.000000
6.351337,1920.000000
3.885397,1920.000000
6.546744,1920.000000
3.068501,1920.000000
16.675765,1920.000000
5.749729,1920.000000
2.386551,1920.000000
3.935236,1920.000000
15.216818,1920.000000
1.839957,1920.000000
2.019568,1920.000000
19.897460,1920.000000
8.194289,1920.000000
19.751483,1920.000000
15.338283,1920.000000
8.120756,1920.000000
6.608429,1920.000000
4.986484,1920.000000
1.620992,1920.000000
2.040402,1920.000000
16.046514,1920.000000
6.760397,1920.000000
4.634616,1920.000000
6.789266,1920.000000
3.876410,1920.000000
15.139064,1920.000000
4.711281,1920.000000
3.181115,1920.000000
4.027424,1920.000000
14.984372,1920.000000
2.351964,1920.000000
2.577737,1920.000000
19.329214,1920.000000
6.897795,1920.000000
15.285449,1920.000000
20.683036,1920.000000
10.819005,1920.000000
7.158973,1920.000000
5.082622,1920.000000
1.976265,1920.000000
1.838050,1920.000000
9.924219,1920.000000
3.668883,1920.000000
2.535251,1920.000000
3.821805,1920.000000
1.979397,1920.000000
8.001061,1920.000000
2.716632,1920.000000
2.042308,1920.000000
2.575286,1920.000000
8.196604,1920.000000
1.643597,1920.000000
1.609690,1920.000000
11.000250,1920.000000
3.879405,1920.000000
8.805021,1920.000000
11.024080,1920.000000
8.346938,1920.000000
4.525950,1920.000000
2.820259,1920.000000
1.208663,1920.000000
1.021018,1920.000000
8.480250,1920.000000
2.542741,1920.000000
2.837145,1920.000000
4.611466,1920.000000
2.271758,1920.000000
8.790042,1920.000000
2.449327,1920.000000
2.193051,1920.000000
2.714317,1920.000000
8.401679,1920.000000
1.429807,1920.000000
1.546234,1920.000000
7.934201,1920.000000
4.017620,1920.000000
7.027431,1920.000000
7.374533,1920.000000
4.709238,1920.000000
5.649234,1920.000000
1.841863,1920.000000
1.285464,1920.000000
0.733967,1920.000000
3.901329,1920.000000
1.985388,1920.000000
0.989290,1920.000000
1.634065,1920.000000
0.813356,1920.000000
4.047442,1920.000000
1.310247,1920.000000
0.712724,1920.000000
1.070721,1920.000000
4.241351,1920.000000
0.639464,1920.000000
0.581727,1920.000000
5.710102,1920.000000
2.083977,1920.000000
4.871827,1920.000000
4.905598,1920.000000
2.650453,1920.000000
1.844450,1920.000000
1.837369,1920.000000
0.384958,1920.000000
0.707958,1920.000000
1.675733,1920.000000
0.960694,1920.000000
1.022516,1920.000000
1.259047,1920.000000
0.843450,1920.000000
1.784807,1920.000000
0.786938,1920.000000
0.771006,1920.000000
0.841135,1920.000000
2.198225,1920.000000
0.363579,1920.000000
0.646000,1920.000000
1.682814,1920.000000
1.057512,1920.000000
1.568702,1920.000000
1.814356,1920.000000
1.108168,1920.000000
1.311882,1920.000000
0.413691,1920.000000
0.619310,1920.000000
0.179747,1920.000000
1.614864,1920.000000
0.833509,1920.000000
0.390678,1920.000000
0.601744,1920.000000
0.364396,1920.000000
1.891021,1920.000000
0.733150,1920.000000
0.312106,1920.000000
0.425810,1920.000000
1.711410,1920.000000
0.219373,1920.000000
0.232037,1920.000000
2.174531,1920.000000
0.964370,1920.000000
1.947124,1920.000000
1.766968,1920.000000
0.956745,1920.000000
0.750172,1920.000000
0.703465,1920.000000
0.154555,1920.000000
0.651039,1920.000000
21.881290,1920.000000
5.803645,1920.000000
4.652285,1920.000000
7.869284,1920.000000
3.162666,1920.000000
19.342033,1920.000000
5.578684,1920.000000
2.857089,1920.000000
3.778177,1920.000000
15.176847,1920.000000
2.077487,1920.000000
2.149251,1920.000000
21.796997,1920.000000
8.183168,1920.000000
17.052113,1920.000000
16.161801,1920.000000
10.119033,1920.000000
8.070143,1920.000000
4.269224,1920.000000
1.679447,1920.000000
1.708316,1920.000000
5.661070,1920.000000
3.402062,1920.000000
1.610542,1920.000000
2.234224,1920.000000
1.310276,1920.000000
6.144219,1920.000000
2.167771,1920.000000
1.103563,1920.000000
1.344729,1920.000000
5.597884,1920.000000
0.806156,1920.000000
0.977056,1920.000000
7.344057,1920.000000
2.668350,1920.000000
5.873775,1920.000000
6.490512,1920.000000
3.765649,1920.000000
2.921091,1920.000000
2.084976,1920.000000
0.744469,1920.000000
0.788454,1920.000000
4.748016,1920.000000
1.421668,1920.000000
2.380885,1920.000000
3.255401,1920.000000
1.445771,1920.000000
5.266979,1920.000000
1.785527,1920.000000
1.367198,1920.000000
1.748215,1920.000000
5.099620,1920.000000
0.701982,1920.000000
1.155854,1920.000000
5.153000,1920.000000
2.589369,1920.000000
4.063736,1920.000000
4.414523,1920.000000
2.640979,1920.000000
2.944377,1920.000000
0.941787,1920.000000
0.955540,1920.000000
0.399538,1920.000000
8.466548,1920.000000
2.081844,1920.000000
3.285632,1920.000000
6.507942,1920.000000
2.006267,1920.000000
8.343174,1920.000000
2.285154,1920.000000
1.924426,1920.000000
3.175875,1920.000000
7.861250,1920.000000
1.048684,1920.000000
1.532650,1920.000000
7.294762,1920.000000
4.360870,1920.000000
7.614501,1920.000000
6.451021,1920.000000
3.901552,1920.000000
4.653919,1920.000000
1.438009,1920.000000
1.159394,1920.000000
0.603392,1920.000000
2.994898,1920.000000
1.335196,1920.000000
1.507866,1920.000000
2.030779,1920.000000
1.904272,1920.000000
2.932394,1920.000000
1.296795,1920.000000
1.328115,1920.000000
1.558251,1920.000000
4.611977,1920.000000
0.688229,1920.000000
0.998708,1920.000000
3.782943,1920.000000
1.802549,1920.000000
2.844016,1920.000000
3.841771,1920.000000
2.166545,1920.000000
2.252199,1920.000000
0.794854,1920.000000
0.768300,1920.000000
0.439845,1920.000000
19.012217,1920.000000
6.251797,1920.000000
5.486902,1920.000000
8.304636,1920.000000
3.355762,1920.000000
26.340614,1920.000000
6.023840,1920.000000
2.661269,1920.000000
3.694429,1920.000000
15.025829,1920.000000
1.766191,1920.000000
2.092194,1920.000000
19.161329,1920.000000
8.382937,1920.000000
17.691728,1920.000000
14.657747,1920.000000
7.955619,1920.000000
8.699408,1920.000000
4.661000,1920.000000
1.860424,1920.000000
1.953567,1920.000000
5.669240,1920.000000
2.095734,1920.000000
1.784166,1920.000000
2.432223,1920.000000
1.219856,1920.000000
5.891478,1920.000000
3.262891,1920.000000
1.122900,1920.000000
1.266020,1920.000000
6.172952,1920.000000
0.611562,1920.000000
0.887589,1920.000000
7.335478,1920.000000
3.271197,1920.000000
5.291763,1920.000000
4.439716,1920.000000
2.890452,1920.000000
2.927219,1920.000000
1.273101,1920.000000
0.781509,1920.000000
0.665624,1920.000000
2.816373,1920.000000
1.091443,1920.000000
1.353852,1920.000000
2.026149,1920.000000
1.328115,1920.000000
2.619055,1920.000000
1.094711,1920.000000
1.408186,1920.000000
1.405054,1920.000000
3.873636,1920.000000
0.674747,1920.000000
1.049501,1920.000000
2.971204,1920.000000
1.650850,1920.000000
2.320695,1920.000000
3.164028,1920.000000
2.126918,1920.000000
2.093419,1920.000000
0.705387,1920.000000
0.826310,1920.000000
0.312794,1920.000000
3.959562,1920.000000
1.256215,1920.000000
1.739909,1920.000000
3.052636,1920.000000
1.508003,1920.000000
3.590664,1920.000000
1.273101,1920.000000
1.607274,1920.000000
3.109830,1920.000000
4.697223,1920.000000
0.871384,1920.000000
1.180774,1920.000000
4.140267,1920.000000
2.369855,1920.000000
3.966371,1920.000000
4.366590,1920.000000
2.506438,1920.000000
2.730582,1920.000000
0.952136,1920.000000
0.800437,1920.000000
0.420509,1920.000000
15.870114,1920.000000
5.400294,1920.000000
5.263030,1920.000000
8.316075,1920.000000
4.352563,1920.000000
15.360275,1920.000000
6.114941,1920.000000
3.689663,1920.000000
4.843338,1920.000000
19.145805,1920.000000
2.318653,1920.000000
3.119362,1920.000000
19.192241,1920.000000
8.976388,1920.000000
13.746055,1920.000000
14.849073,1920.000000
8.361285,1920.000000
8.566909,1920.000000
3.757751,1920.000000
2.276983,1920.000000
1.699873,1920.000000
2.020157,1920.000000
0.840336,1920.000000
0.701438,1920.000000
1.068157,1920.000000
0.659768,1920.000000
1.918570,1920.000000
0.646832,1920.000000
0.632125,1920.000000
0.862533,1920.000000
2.392868,1920.000000
0.581604,1920.000000
0.488051,1920.000000
2.199636,1920.000000
1.022811,1920.000000
1.855930,1920.000000
2.377753,1920.000000
1.505960,1920.000000
1.268062,1920.000000
0.618779,1920.000000
0.433990,1920.000000
0.236536,1920.000000
2.182478,1920.000000
0.867163,1920.000000
1.090354,1920.000000
1.401786,1920.000000
1.073740,1920.000000
2.207534,1920.000000
0.865937,1920.000000
1.022675,1920.000000
1.245321,1920.000000
3.113370,1920.000000
0.470893,1920.000000
0.793901,1920.000000
2.347658,1920.000000
1.299927,1920.000000
2.020157,1920.000000
2.680606,1920.000000
1.778719,1920.000000
1.674681,1920.000000
0.568667,1920.000000
0.672296,1920.000000
0.228774,1920.000000
21.947471,1920.000000
7.466342,1920.000000
4.834351,1920.000000
7.482139,1920.000000
3.769190,1920.000000
19.739664,1920.000000
7.286183,1920.000000
3.078782,1920.000000
4.273446,1920.000000
19.170997,1920.000000
2.202495,1920.000000
2.430725,1920.000000
31.847670,1920.000000
9.709146,1920.000000
18.950258,1920.000000
20.244465,1920.000000
11.632074,1920.000000
8.335412,1920.000000
5.181733,1920.000000
1.789749,1920.000000
2.169269,1920.000000
8.295376,1920.000000
2.663720,1920.000000
2.681695,1920.000000
4.589508,1920.000000
1.744403,1920.000000
8.632273,1920.000000
3.238243,1920.000000
1.564243,1920.000000
2.407984,1920.000000
9.078927,1920.000000
1.043782,1920.000000
1.386534,1920.000000
9.972917,1920.000000
5.584675,1920.000000
7.858254,1920.000000
6.661412,1920.000000
3.824885,1920.000000
4.296459,1920.000000
1.934094,1920.000000
1.007015,1920.000000
0.822089,1920.000000
16.626566,1920.000000
6.033372,1920.000000
4.093559,1920.000000
7.060677,1920.000000
2.982506,1920.000000
17.477661,1920.000000
5.276920,1920.000000
2.432631,1920.000000
3.897739,1920.000000
14.559157,1920.000000
1.923200,1920.000000
1.936001,1920.000000
19.054295,1920.000000
8.067419,1920.000000
19.658777,1920.000000
15.547243,1920.000000
8.197194,1920.000000
7.024318,1920.000000
4.969437,1920.000000
1.600193,1920.000000
1.908766,1920.000000
15.337261,1920.000000
6.922868,1920.000000
4.313617,1920.000000
6.680612,1920.000000
3.731333,1920.000000
14.218719,1920.000000
4.894813,1920.000000
3.164708,1920.000000
4.407987,1920.000000
15.050885,1920.000000
2.287605,1920.000000
2.640434,1920.000000
20.439332,1920.000000
7.230896,1920.000000
15.392684,1920.000000
20.798153,1920.000000
11.004443,1920.000000
7.000351,1920.000000
4.866897,1920.000000
1.892425,1920.000000
1.874586,1920.000000
9.317915,1920.000000
3.884121,1920.000000
2.495272,1920.000000
3.716626,1920.000000
2.131957,1920.000000
8.111948,1920.000000
2.878468,1920.000000
2.071495,1920.000000
2.560636,1920.000000
8.323292,1920.000000
1.527067,1920.000000
1.669234,1920.000000
11.854584,1920.000000
4.148573,1920.000000
8.674896,1920.000000
11.168942,1920.000000
7.439244,1920.000000
4.270586,1920.000000
2.848238,1920.000000
1.186357,1920.000000
1.067476,1920.000000
8.911568,1920.000000
2.726633,1920.000000
2.914282,1920.000000
4.448839,1920.000000
2.253289,1920.000000
8.400503,1920.000000
2.637302,1920.000000
2.097913,1920.000000
2.536533,1920.000000
8.571812,1920.000000
1.393071,1920.000000
1.707635,1920.000000
8.389337,1920.000000
4.044263,1920.000000
6.670672,1920.000000
7.425626,1920.000000
4.576027,1920.000000
5.149324,1920.000000
1.857973,1920.000000
1.348678,1920.000000
0.781100,1920.000000
4.072315,1920.000000
2.076942,1920.000000
0.957038,1920.000000
1.569962,1920.000000
0.875469,1920.000000
4.717240,1920.000000
1.265339,1920.000000
0.694084,1920.000000
0.943557,1920.000000
3.885347,1920.000000
0.666985,1920.000000
0.613469,1920.000000
5.124268,1920.000000
1.894331,1920.000000
5.000484,1920.000000
4.737530,1920.000000
2.663584,1920.000000
1.958742,1920.000000
2.103496,1920.000000
0.423096,1920.000000
0.681829,1920.000000
1.639820,1920.000000
0.703617,1920.000000
0.946417,1920.000000
1.236606,1920.000000
0.783687,1920.000000
1.674272,1920.000000
0.740792,1920.000000
0.804931,1920.000000
0.842243,1920.000000
2.328049,1920.000000
0.444612,1920.000000
0.624226,1920.000000
1.918162,1920.000000
1.125759,1920.000000
1.627564,1920.000000
1.810039,1920.000000
1.218222,1920.000000
1.271194,1920.000000
0.401172,1920.000000
0.599851,1920.000000
0.167495,1920.000000
1.731194,1920.000000
0.780692,1920.000000
0.390959,1920.000000
0.633350,1920.000000
0.388235,1920.000000
1.954384,1920.000000
0.674611,1920.000000
0.310479,1920.000000
0.462995,1920.000000
1.633692,1920.000000
0.225642,1920.000000
0.251107,1920.000000
2.128416,1920.000000
0.886363,1920.000000
1.919524,1920.000000
1.795332,1920.000000
1.062846,1920.000000
0.791313,1920.000000
0.652279,1920.000000
0.166951,1920.000000
0.557501,1920.000000
21.751923,1920.000000
5.928294,1920.000000
4.631595,1920.000000
7.559995,1920.000000
3.140976,1920.000000
19.684176,1920.000000
5.714084,1920.000000
2.778058,1920.000000
3.754328,1920.000000
15.615138,1920.000000
1.984950,1920.000000
2.146595,1920.000000
22.266136,1920.000000
8.058820,1920.000000
17.150832,1920.000000
15.873879,1920.000000
9.502457,1920.000000
8.133991,1920.000000
4.308305,1920.000000
1.702514,1920.000000
1.684811,1920.000000
5.988894,1920.000000
3.353280,1920.000000
1.539099,1920.000000
2.211825,1920.000000
1.594115,1920.000000
6.253899,1920.000000
2.043915,1920.000000
1.105504,1920.000000
1.315765,1920.000000
5.424159,1920.000000
0.796240,1920.000000
0.999011,1920.000000
7.149142,1920.000000
2.499980,1920.000000
5.912089,1920.000000
6.633703,1920.000000
3.746702,1920.000000
2.711194,1920.000000
2.185678,1920.000000
0.803049,1920.000000
0.774452,1920.000000
4.723244,1920.000000
1.590847,1920.000000
2.356855,1920.000000
3.134167,1920.000000
1.492525,1920.000000
5.278310,1920.000000
1.825348,1920.000000
1.290435,1920.000000
1.808598,1920.000000
5.160924,1920.000000
0.667687,1920.000000
1.196063,1920.000000
5.063964,1920.000000
2.763215,1920.000000
4.258600,1920.000000
4.156193,1920.000000
2.476421,1920.000000
2.862081,1920.000000
0.937050,1920.000000
1.058522,1920.000000
0.379804,1920.000000
7.972346,1920.000000
2.183908,1920.000000
3.213287,1920.000000
6.176958,1920.000000
1.903378,1920.000000
8.243888,1920.000000
2.494941,1920.000000
1.865793,1920.000000
3.194903,1920.000000
7.987870,1920.000000
1.121709,1920.000000
1.526570,1920.000000
7.915559,1920.000000
4.741083,1920.000000
7.409381,1920.000000
6.667067,1920.000000
3.804578,1920.000000
4.288423,1920.000000
1.507777,1920.000000
1.171142,1920.000000
0.608041,1920.000000
3.065805,1920.000000
1.453442,1920.000000
1.429338,1920.000000
1.946139,1920.000000
1.915090,1920.000000
3.081602,1920.000000
1.260340,1920.000000
1.329246,1920.000000
1.470464,1920.000000
4.458375,1920.000000
0.688659,1920.000000
1.013310,1920.000000
3.638711,1920.000000
1.904468,1920.000000
2.858812,1920.000000
3.812476,1920.000000
2.069245,1920.000000
2.377146,1920.000000
0.881761,1920.000000
0.813399,1920.000000
0.411534,1920.000000
19.447360,1920.000000
6.193572,1920.000000
5.287707,1920.000000
8.529183,1920.000000
3.349875,1920.000000
21.903218,1920.000000
6.083403,1920.000000
2.831168,1920.000000
3.783606,1920.000000
15.751453,1920.000000
1.794299,1920.000000
2.256900,1920.000000
22.161414,1920.000000
8.352014,1920.000000
17.266312,1920.000000
15.089213,1920.000000
8.554240,1920.000000
8.260910,1920.000000
4.295913,1920.000000
1.925167,1920.000000
1.926120,1920.000000
5.584169,1920.000000
2.079867,1920.000000
1.845911,1920.000000
2.412144,1920.000000
1.214856,1920.000000
6.032335,1920.000000
3.469713,1920.000000
1.104550,1920.000000
1.449220,1920.000000
5.988486,1920.000000
0.580532,1920.000000
0.934190,1920.000000
7.083640,1920.000000
3.319099,1920.000000
5.348579,1920.000000
4.660056,1920.000000
2.638747,1920.000000
2.848463,1920.000000
1.232014,1920.000000
0.789568,1920.000000
0.678445,1920.000000
2.598710,1920.000000
1.052666,1920.000000
1.424027,1920.000000
1.963570,1920.000000
1.286214,1920.000000
2.792085,1920.000000
1.061926,1920.000000
1.376228,1920.000000
1.653489,1920.000000
3.824732,1920.000000
0.696421,1920.000000
1.005957,1920.000000
2.980421,1920.000000
1.672418,1920.000000
2.461577,1920.000000
3.129401,1920.000000
2.070607,1920.000000
2.114456,1920.000000
0.719572,1920.000000
0.710992,1920.000000
0.316481,1920.000000
3.748881,1920.000000
1.429338,1920.000000
1.782043,1920.000000
3.178289,1920.000000
1.528341,1920.000000
4.149248,1920.000000
1.217035,1920.000000
1.441730,1920.000000
2.786910,1920.000000
4.676262,1920.000000
0.806454,1920.000000
1.113402,1920.000000
4.181931,1920.000000
2.405472,1920.000000
3.874710,1920.000000
4.426236,1920.000000
2.468931,1920.000000
2.622133,1920.000000
0.958702,1920.000000
0.852755,1920.000000
0.429101,1920.000000
15.337741,1920.000000
5.434644,1920.000000
5.265782,1920.000000
8.210387,1920.000000
4.418610,1920.000000
15.797074,1920.000000
5.956756,1920.000000
3.748336,1920.000000
4.932960,1920.000000
19.163154,1920.000000
2.370065,1920.000000
3.135937,1920.000000
18.660652,1920.000000
8.756194,1920.000000
14.114987,1920.000000
14.876365,1920.000000
8.197314,1920.000000
8.994508,1920.000000
3.929046,1920.000000
2.255810,1920.000000
1.663567,1920.000000
1.983860,1920.000000
0.798419,1920.000000
0.760834,1920.000000
1.123343,1920.000000
0.617301,1920.000000
2.052086,1920.000000
0.631055,1920.000000
0.632281,1920.000000
0.876042,1920.000000
2.346097,1920.000000
0.510809,1920.000000
0.475266,1920.000000
2.241648,1920.000000
0.977223,1920.000000
1.880228,1920.000000
2.339561,1920.000000
1.513769,1920.000000
1.344498,1920.000000
0.638817,1920.000000
0.361011,1920.000000
0.228645,1920.000000
2.220404,1920.000000
0.970005,1920.000000
0.958430,1920.000000
1.493070,1920.000000
1.039048,1920.000000
2.147139,1920.000000
0.971231,1920.000000
0.978040,1920.000000
1.170189,1920.000000
2.955636,1920.000000
0.490518,1920.000000
0.823749,1920.000000
2.422902,1920.000000
1.372415,1920.000000
2.158987,1920.000000
2.722225,1920.000000
1.619172,1920.000000
1.686989,1920.000000
0.561331,1920.000000
0.605998,1920.000000
0.238314,1920.000000
21.602398,1920.000000
7.282598,1920.000000
4.844579,1920.000000
7.566940,1920.000000
3.715925,1920.000000
21.331129,1920.000000
7.191494,1920.000000
2.992268,1920.000000
4.267315,1920.000000
18.946493,1920.000000
2.229800,1920.000000
2.310418,1920.000000
30.447653,1920.000000
10.072640,1920.000000
19.338689,1920.000000
20.081275,1920.000000
11.402839,1920.000000
8.436173,1920.000000
5.350622,1920.000000
1.886764,1920.000000
2.247640,1920.000000
8.334038,1920.000000
2.650867,1920.000000
2.802434,1920.000000
4.894012,1920.000000
1.817858,1920.000000
8.844847,1920.000000
3.270755,1920.000000
1.582676,1920.000000
2.369384,1920.000000
8.737401,1920.000000
1.022298,1920.000000
1.317943,1920.000000
9.548349,1920.000000
5.519348,1920.000000
7.612560,1920.000000
6.876511,1920.000000
4.010209,1920.000000
4.191463,1920.000000
1.982635,1920.000000
1.011949,1920.000000
0.890885,1920.000000
17.399496,1920.000000
5.969012,1920.000000
4.201949,1920.000000
7.457452,1920.000000
2.837977,1920.000000
17.562230,1920.000000
5.327063,1920.000000
2.621997,1920.000000
3.858641,1920.000000
14.153525,1920.000000
1.984814,1920.000000
2.034111,1920.000000
19.164788,1920.000000
7.871982,1920.000000
18.919938,1920.000000
15.386084,1920.000000
8.571671,1920.000000
7.073835,1920.000000
4.537631,1920.000000
1.476048,1920.000000
1.919992,1920.000000
16.088225,1920.000000
6.636699,1920.000000
4.315114,1920.000000
6.417859,1920.000000
3.730360,1920.000000
14.742092,1920.000000
4.631459,1920.000000
3.219824,1920.000000
4.363730,1920.000000
15.041687,1920.000000
2.409285,1920.000000
2.634661,1920.000000
19.404736,1920.000000
7.047280,1920.000000
15.696028,1920.000000
20.683596,1920.000000
11.029844,1920.000000
7.170794,1920.000000
5.124292,1920.000000
1.896978,1920.000000
1.868789,1920.000000
9.496329,1920.000000
3.670714,1920.000000
2.448913,1920.000000
3.852513,1920.000000
2.123580,1920.000000
8.227274,1920.000000
2.743332,1920.000000
2.165251,1920.000000
2.570521,1920.000000
8.657873,1920.000000
1.615359,1920.000000
1.584310,1920.000000
11.124489,1920.000000
3.948111,1920.000000
8.626279,1920.000000
10.786492,1920.000000
8.005029,1920.000000
4.539674,1920.000000
2.931396,1920.000000
1.174002,1920.000000
1.058249,1920.000000
7.967580,1920.000000
2.829262,1920.000000
3.065805,1920.000000
4.349704,1920.000000
2.247912,1920.000000
8.495683,1920.000000
2.776152,1920.000000
2.106558,1920.000000
2.572972,1920.000000
8.743393,1920.000000
1.299015,1920.000000
1.696658,1920.000000
8.731409,1920.000000
4.100087,1920.000000
7.023040,1920.000000
7.189860,1920.000000
4.566910,1920.000000
5.179717,1920.000000
1.847409,1920.000000
1.255029,1920.000000
0.798011,1920.000000
4.374216,1920.000000
2.054401,1920.000000
1.039048,1920.000000
1.599971,1920.000000
0.867735,1920.000000
4.503178,1920.000000
1.246722,1920.000000
0.698464,1920.000000
0.956796,1920.000000
3.811114,1920.000000
0.613896,1920.000000
0.596057,1920.000000
5.253117,1920.000000
1.983588,1920.000000
4.602452,1920.000000
5.017119,1920.000000
2.885095,1920.000000
1.913319,1920.000000
1.828344,1920.000000
0.424335,1920.000000
0.656929,1920.000000
1.678682,1920.000000
0.779899,1920.000000
0.901235,1920.000000
1.192114,1920.000000
0.779218,1920.000000
1.795661,1920.000000
0.736458,1920.000000
0.775677,1920.000000
0.857657,1920.000000
2.270926,1920.000000
0.404316,1920.000000
0.671500,1920.000000
1.759437,1920.000000
1.040955,1920.000000
1.582131,1920.000000
1.838966,1920.000000
1.167601,1920.000000
1.389029,1920.000000
0.447894,1920.000000
0.663329,1920.000000
0.176897,1920.000000
1.720490,1920.000000
0.789568,1920.000000
0.373676,1920.000000
0.624655,1920.000000
0.395737,1920.000000
1.927754,1920.000000
0.652844,1920.000000
0.324651,1920.000000
0.436999,1920.000000
1.662750,1920.000000
0.240084,1920.000000
0.223606,1920.000000
2.216455,1920.000000
0.876995,1920.000000
1.925167,1920.000000
1.809142,1920.000000
1.075953,1920.000000
0.765872,1920.000000
0.651346,1920.000000
0.149253,1920.000000
0.553705,1920.000000
183.362131,1920.000000
65.040759,1920.000000
54.478755,1920.000000
85.994828,1920.000000
41.894357,1920.000000
185.049602,1920.000000
61.299297,1920.000000
36.923729,1920.000000
50.145124,1920.000000
175.246058,1920.000000
24.336741,1920.000000
29.615568,1920.000000
213.553367,1920.000000
89.298843,1920.000000
170.339664,1920.000000
174.172568,1920.000000
101.360316,1920.000000
88.854923,1920.000000
46.928413,1920.000000
22.914874,1920.000000
19.404123,1920.000000
