2,20,1,2,134709851,0.775330
3,11,2,3,3,0.774288
3,19,3,2,1,0.398405
3,1,20,2,1,0.429672
0,3,1,2,1,0.285072
3,7,8,3,1,0.249137
2,20,2,0,1,0.244960
2,18,1,3,1,0.245557
0,0,1,3,1,0.218694
0,0,2,0,1,0.194904
3,3,2,0,3,0.176990
3,11,2,2,3,0.211702
2,12,3,3,3,0.216345
0,2,3,3,3,0.152450
2,14,0,2,3,0.142998
0,3,0,2,3,0.139878
0,3,2,2,3,0.121694
3,1,1,3,3,0.112318
3,10,8,3,2,0.115981
0,2,2,3,2,0.112306
0,3,1,2,2,0.113346
3,11,2,2,1,0.104880
2,1,1,1,1,0.112999
0,2,1,2,1,0.100215
0,0,2,2,1,0.100470
0,0,3,3,1,0.095701
2,9,1,3,1,0.087226
2,6,1,3,1,0.085705
0,0,1,1,1,0.096818
2,20,0,2,1,0.099711
3,3,8,0,3,0.082540
3,11,2,2,1,0.083940
0,3,2,0,1,0.077040
3,3,8,2,3,0.075449
0,0,0,2,3,0.066532
2,18,1,2,3,0.068981
2,15,1,2,3,0.079578
2,12,1,3,3,0.065203
2,2,1,2,3,0.066102
0,1,1,2,3,0.068470
0,1,1,3,3,0.064565
0,0,1,3,3,0.065549
0,2,1,3,3,0.063074
2,17,0,3,3,0.058614
2,16,2,3,3,0.055700
2,3,2,3,3,0.059494
2,13,0,3,3,0.055963
2,18,2,3,3,0.055403
0,3,2,3,3,0.055732
3,10,16,0,1,0.061221
0,0,2,0,1,0.053017
2,14,3,0,1,0.050545
3,11,2,0,2,0.053854
0,0,0,3,2,0.057315
2,1,3,0,2,0.050012
2,1,3,0,2,0.051432
2,20,3,0,2,0.055896
2,9,3,1,2,0.065165
2,18,3,0,2,0.058533
0,2,3,1,2,0.049342
3,19,8,0,0,0.055957
0,1,3,0,0,0.050447
0,1,3,1,0,0.050674
0,0,2,3,0,0.050768
0,1,3,3,0,0.046364
0,2,3,3,0,0.046520
3,10,8,3,2,0.043603
3,3,10,3,0,0.042627
0,2,3,3,0,0.044347
0,1,2,0,0,0.049591
2,14,0,0,0,0.056452
2,9,2,3,0,0.051596
0,3,0,0,0,0.047337
2,7,0,1,0,0.048851
3,11,4,2,0,0.040414
3,19,10,2,2,0.039605
0,1,0,3,2,0.042211
0,3,0,2,2,0.041568
0,3,2,3,2,0.038835
0,3,1,2,2,0.038054
0,2,0,1,2,0.045122
0,3,1,2,2,0.043101
0,2,1,2,2,0.036269
3,2,7,0,1,0.042426
2,20,1,1,1,0.049993
0,2,0,0,1,0.045431
0,3,3,1,1,0.035618
0,3,3,3,1,0.038435
3,11,2,1,1,0.043572
3,8,11,3,3,0.044374
3,3,2,1,2,0.034008
3,2,3,1,1,0.038553
3,3,2,2,2,0.040503
3,11,2,2,2,0.033485
3,3,2,3,2,0.037152
0,3,1,1,2,0.034931
0,3,2,1,2,0.029930
2,12,0,1,2,0.033093
3,11,11,2,3,0.032109
2,14,0,2,3,0.035839
2,12,2,0,3,0.035631
2,20,2,2,3,0.036848
0,1,2,0,3,0.038076
3,7,4,2,3,0.036401
3,8,2,2,0,0.029620
3,18,1,2,1,0.033583
0,2,3,2,1,0.033290
2,0,2,2,1,0.036085
0,3,2,2,1,0.030999
0,0,0,3,1,0.031778
0,2,2,2,1,0.027808
0,0,3,0,1,0.027669
0,3,0,0,1,0.028942
0,2,3,3,1,0.029292
0,2,1,3,1,0.030626
3,8,10,0,3,0.033585
3,19,8,1,0,0.028485
0,2,0,1,0,0.029535
3,3,8,0,3,0.027608
2,6,2,0,3,0.027325
0,3,2,0,3,0.033528
0,0,2,0,3,0.029605
0,0,2,2,3,0.030168
0,0,2,2,3,0.030082
3,3,8,3,0,0.029710
2,14,3,0,0,0.031336
0,2,3,0,0,0.026161
2,13,3,3,0,0.024266
3,18,1,2,2,0.032065
2,1,3,3,2,0.028575
2,1,2,0,2,0.029385
3,1,18,3,0,0.030829
3,4,10,3,3,0.025242
3,10,16,3,1,0.025630
0,3,1,2,1,0.027572
3,11,11,3,2,0.027255
2,20,1,3,2,0.031241
0,3,3,3,2,0.029391
0,1,1,3,2,0.029036
0,3,1,3,2,0.025579
0,3,3,1,2,0.025849
0,1,3,1,2,0.022265
2,13,2,0,2,0.023281
0,2,2,3,2,0.021397
2,18,2,0,2,0.027973
2,8,1,0,2,0.029006
3,11,2,0,2,0.029086
3,11,11,3,3,0.023846
2,9,1,1,3,0.027580
0,0,2,0,3,0.028798
0,0,3,3,3,0.022555
2,2,0,2,3,0.021949
0,2,3,3,3,0.025036
0,0,1,0,3,0.022323
0,0,2,2,3,0.027443
0,0,2,2,3,0.024207
0,3,0,2,3,0.022161
2,19,2,2,3,0.024822
0,3,0,0,3,0.030457
0,2,1,1,3,0.023155
0,3,0,1,3,0.027067
3,10,8,0,2,0.022339
3,10,3,0,0,0.025529
3,3,2,0,2,0.021954
3,3,2,0,2,0.029704
0,2,2,1,2,0.026270
3,7,4,2,3,0.026849
0,0,1,3,3,0.023204
0,0,1,0,3,0.027817
3,10,11,2,1,0.023590
2,4,0,3,1,0.020315
3,8,3,2,3,0.022646
2,18,1,2,3,0.022862
2,18,0,3,3,0.021197
3,18,1,2,2,0.026602
2,0,1,2,2,0.021708
3,11,11,2,2,0.025080
2,6,1,2,2,0.025441
3,7,7,2,0,0.024095
3,7,7,3,0,0.020659
0,3,3,2,0,0.022759
3,3,2,2,2,0.019919
0,0,3,3,2,0.018476
0,2,1,2,2,0.022496
0,0,0,2,2,0.019604
0,3,2,2,2,0.021548
0,0,0,2,2,0.027065
0,2,1,1,2,0.021402
2,20,0,3,2,0.025437
2,19,0,2,2,0.023807
2,14,0,3,2,0.023814
0,2,3,2,2,0.020638
2,15,0,3,2,0.023158
0,0,3,2,2,0.018881
0,2,0,3,2,0.020410
3,2,3,1,3,0.019290
2,5,1,0,3,0.019902
3,4,7,2,1,0.020541
3,10,16,2,1,0.018223
2,18,2,2,1,0.020925
0,1,0,2,1,0.021000
0,0,2,2,1,0.020588
3,1,18,2,0,0.018539
2,16,2,2,0,0.018151
0,3,2,2,0,0.018135
0,3,1,1,0,0.018730
0,3,2,2,0,0.017330
0,3,1,2,0,0.018723
0,3,1,2,0,0.022092
0,2,3,3,0,0.017703
0,2,3,3,0,0.019893
2,5,1,0,0,0.018537
0,2,2,1,0,0.018539
2,8,1,2,0,0.017210
3,3,8,0,0,0.020065
3,1,18,2,2,0.015959
2,12,1,0,2,0.017752
2,20,1,0,2,0.019562
0,0,1,0,2,0.019927
3,11,2,0,1,0.020870
2,11,1,1,1,0.016587
0,2,1,0,1,0.016472
0,2,1,2,1,0.019313
2,14,1,2,1,0.015191
2,13,1,2,1,0.015510
3,8,2,0,0,0.015318
0,2,1,2,0,0.017387
2,16,2,0,0,0.015182
3,19,16,0,2,0.019744
0,0,2,0,2,0.016892
3,2,11,0,2,0.018769
0,0,3,1,2,0.015130
3,10,16,3,1,0.014055
2,18,1,2,1,0.015081
3,2,11,2,2,0.013497
3,10,11,1,0,0.017210
0,0,1,0,0,0.013468
0,0,1,3,0,0.014704
0,0,1,3,0,0.016102
2,15,0,2,0,0.015430
2,9,0,1,0,0.016451
2,18,3,2,0,0.018151
0,2,3,2,0,0.018197
2,6,3,2,0,0.019327
2,9,1,1,0,0.016844
2,14,3,2,0,0.019014
0,2,0,1,0,0.016476
0,2,0,3,0,0.016077
0,2,1,1,0,0.014470
2,20,0,0,0,0.015589
2,19,0,2,0,0.018605
2,18,0,0,0,0.017944
2,8,0,2,0,0.017755
2,0,0,0,0,0.017547
3,8,7,1,3,0.026121
3,4,7,2,3,0.024071
2,12,0,0,3,0.016885
2,19,1,2,3,0.015436
3,18,1,1,2,0.017071
2,9,0,0,2,0.016274
2,5,0,1,2,0.015653
3,3,2,1,2,0.013878
0,2,0,1,2,0.013464
0,0,0,1,2,0.014958
2,2,1,2,2,0.013694
3,11,11,0,3,0.015714
3,2,11,0,2,0.014871
3,3,8,2,3,0.014338
0,2,3,0,3,0.014584
2,19,1,2,3,0.013805
2,20,0,0,3,0.016703
0,1,0,2,3,0.017388
2,20,0,0,3,0.016276
0,2,3,2,3,0.015828
2,18,3,2,3,0.016894
0,2,2,1,3,0.016370
0,2,3,2,3,0.016348
0,2,3,3,3,0.015126
2,17,1,2,3,0.013984
0,2,1,2,3,0.014618
0,2,1,3,3,0.020389
0,2,1,3,3,0.013366
0,2,1,3,3,0.013471
0,2,3,3,3,0.015433
0,3,1,2,3,0.012700
0,2,3,2,3,0.013987
0,3,1,2,3,0.018708
2,14,2,3,3,0.013371
0,0,0,0,3,0.014264
0,0,0,0,3,0.014578
2,0,2,3,3,0.014014
3,8,10,3,3,0.016020
3,19,16,3,2,0.014202
2,6,2,3,2,0.012282
2,0,0,2,2,0.011959
0,3,2,3,2,0.014743
0,2,2,3,2,0.012751
0,2,2,3,2,0.019399
0,2,2,3,2,0.013650
0,2,2,3,2,0.014190
3,7,4,3,3,0.014175
2,7,2,0,3,0.015080
2,7,0,2,3,0.012731
3,19,16,3,2,0.015353
3,11,4,0,1,0.012784
3,7,4,3,3,0.015743
0,3,0,2,3,0.012180
0,3,0,2,3,0.016251
0,2,2,0,3,0.018317
2,15,0,3,3,0.014678
2,8,3,0,3,0.013125
3,8,3,3,3,0.013889
3,10,16,0,1,0.011745
2,1,0,2,1,0.014930
2,1,1,0,1,0.014319
0,0,0,2,1,0.012682
0,0,1,0,1,0.012368
2,18,0,3,1,0.014996
0,2,1,1,1,0.015188
2,14,0,3,1,0.014496
3,3,10,3,0,0.012605
0,2,0,3,0,0.011565
0,3,3,0,0,0.012626
2,2,0,3,0,0.012283
0,2,3,2,0,0.014315
2,6,0,3,0,0.015497
2,9,2,1,0,0.014717
0,0,0,3,0,0.014654
0,0,0,3,0,0.012611
2,4,3,0,0,0.012941
3,4,7,0,3,0.011978
2,12,1,1,3,0.011948
2,12,3,3,3,0.014348
3,10,16,0,1,0.013923
3,4,7,1,3,0.013385
2,16,2,0,3,0.013573
2,13,3,0,3,0.011292
3,10,16,0,1,0.012347
0,0,3,0,1,0.015845
0,0,3,0,1,0.014090
0,0,3,3,1,0.014158
0,3,0,2,1,0.011673
0,3,0,2,1,0.011806
0,0,3,2,1,0.011330
2,20,1,0,1,0.014446
0,2,2,1,1,0.014327
2,18,1,0,1,0.014161
2,19,2,0,1,0.013833
0,1,1,0,1,0.013866
3,11,4,1,0,0.011886
3,7,4,3,3,0.013141
3,11,4,0,0,0.013103
3,10,11,0,0,0.012847
0,3,2,0,0,0.014063
2,1,0,3,0,0.014082
2,10,3,0,0,0.011728
3,10,11,0,1,0.011849
3,11,4,0,1,0.012336
3,2,11,0,2,0.011913
3,2,11,0,2,0.012084
0,2,3,0,2,0.011629
2,14,2,0,2,0.010932
3,2,3,3,3,0.010663
2,18,0,2,3,0.010491
3,18,1,1,1,0.012468
3,3,10,3,0,0.010648
3,8,3,1,3,0.009998
0,0,0,3,3,0.011870
3,8,3,1,3,0.011194
0,0,0,1,3,0.012475
3,3,10,0,0,0.010758
2,14,2,0,0,0.009694
0,2,0,1,0,0.011597
3,11,4,1,1,0.011988
3,11,2,3,2,0.021374
0,2,3,2,2,0.014391
3,11,2,3,2,0.018951
3,11,11,2,2,0.010813
2,2,2,3,2,0.014311
3,2,11,2,2,0.011963
2,12,2,0,2,0.010559
2,9,3,1,2,0.011114
0,0,2,0,2,0.010134
0,0,2,0,2,0.013969
0,3,2,2,2,0.012969
0,3,2,2,2,0.014271
0,0,2,0,2,0.011816
2,12,0,3,2,0.008939
0,2,3,1,2,0.011808
2,14,2,2,2,0.014115
0,0,3,1,2,0.012185
0,0,2,2,2,0.012882
3,10,16,2,1,0.010718
2,20,2,1,1,0.012811
3,11,4,2,0,0.013273
2,6,2,1,0,0.011988
0,2,3,2,0,0.012582
2,14,2,1,0,0.012891
0,3,0,0,0,0.011926
0,1,2,1,0,0.012125
2,0,2,3,0,0.009243
2,0,2,2,0,0.011183
0,2,2,1,0,0.013685
0,1,0,3,0,0.012680
0,1,0,1,0,0.010373
2,7,1,2,0,0.012611
3,19,9,0,0,0.020816
3,19,9,0,0,0.015961
2,19,3,2,0,0.018602
2,18,1,0,0,0.012583
2,9,1,2,0,0.012779
2,5,1,0,0,0.012748
0,2,2,3,0,0.009960
0,2,2,3,0,0.011393
0,0,2,3,0,0.010783
0,0,0,2,0,0.009912
2,12,3,2,0,0.009765
2,4,2,3,0,0.011017
3,11,4,3,0,0.009995
0,2,2,3,0,0.010984
0,2,2,2,0,0.010200
0,1,1,3,0,0.010236
0,2,2,0,0,0.009418
0,1,1,3,0,0.014070
0,1,1,1,0,0.009645
3,1,18,0,0,0.011672
0,1,3,2,0,0.009838
2,20,1,0,0,0.011850
0,2,2,1,0,0.012650
2,8,1,1,0,0.010824
0,0,2,1,0,0.009558
2,13,1,0,0,0.011040
2,13,1,2,0,0.011098
2,1,1,0,0,0.012559
0,3,1,2,0,0.010928
2,18,1,0,0,0.011818
0,1,3,1,0,0.012179
0,3,2,0,0,0.010252
0,0,1,1,0,0.009467
0,0,1,3,0,0.010392
0,2,0,3,0,0.010089
0,2,0,1,0,0.009940
2,20,0,2,0,0.011022
0,0,1,0,0,0.012759
2,16,0,2,0,0.011717
2,16,2,0,0,0.010335
0,2,1,0,0,0.011494
2,2,2,0,0,0.010523
0,3,1,2,0,0.009511
0,3,1,2,0,0.009767
2,17,3,0,0,0.008688
0,2,2,0,0,0.009287
3,10,16,2,1,0.011708
2,16,0,1,1,0.009485
2,3,1,1,1,0.009577
3,10,16,2,1,0.009198
0,0,0,2,1,0.011531
0,2,3,2,1,0.008957
2,0,1,2,1,0.011142
2,9,0,1,1,0.009275
0,3,2,0,1,0.011147
2,6,3,3,1,0.011407
0,1,0,2,1,0.010803
3,11,4,3,0,0.010997
2,9,3,1,0,0.008984
2,14,3,3,0,0.011611
2,8,3,1,0,0.009965
2,15,0,3,0,0.011259
2,8,0,1,0,0.009737
2,18,1,1,0,0.010144
0,2,0,1,0,0.009062
0,2,0,1,0,0.010017
2,12,0,3,0,0.010111
0,1,3,0,0,0.008967
0,1,3,3,0,0.008441
0,0,1,1,0,0.008653
0,0,1,3,0,0.009221
0,2,0,3,0,0.009144
0,2,0,1,0,0.008455
0,0,0,3,0,0.009541
0,0,1,0,0,0.009842
2,17,1,3,0,0.010872
0,2,3,1,0,0.010335
0,2,3,3,0,0.011455
0,0,0,3,0,0.008745
0,0,1,3,0,0.009650
0,2,1,3,0,0.008574
0,2,2,1,0,0.009668
2,20,1,3,0,0.011107
0,2,3,2,0,0.010255
0,1,3,3,0,0.011065
0,2,3,1,0,0.010100
0,2,1,3,0,0.010873
0,3,0,3,0,0.009703
0,2,1,3,0,0.008889
0,2,1,1,0,0.009555
0,2,1,2,0,0.010547
0,2,1,2,0,0.010460
0,2,1,1,0,0.010926
0,0,0,3,0,0.009576
1,0.500000
1,0.900000
1,0.400000
1,0.300000
1,0.400000
1,0.400000
0,0.200000
1,0.500000
1,0.400000
0,0.100000
0,0.200000
1,0.700000
1,0.500000
1,0.400000
1,0.700000
1,0.800000
1,0.100000
1,0.400000
1,0.300000
1,0.300000
0,0.400000
1,0.400000
1,0.600000
1,0.400000
0,0.200000
1,0.300000
0,0.400000
0,0.400000
1,0.600000
1,0.500000
1,0.100000
1,0.500000
1,0.100000
1,0.500000
1,0.600000
1,0.100000
1,0.100000
1,0.100000
1,0.100000
1,0.100000
1,0.500000
0,0.400000
1,0.300000
1,0.600000
1,0.200000
1,0.200000
1,0.600000
1,0.200000
1,0.300000
1,0.100000
1,0.100000
0,0.100000
0,0.200000
1,0.600000
0,0.100000
0,0.100000
0,0.200000
1,0.600000
0,0.200000
1,0.600000
0,0.200000
0,0.100000
1,0.100000
1,0.200000
1,0.300000
0,0.400000
1,0.100000
1,0.200000
1,0.200000
0,0.100000
0,0.500000
1,0.100000
0,0.500000
1,0.500000
0,0.900000
0,0.900000
1,0.500000
0,0.900000
1,0.100000
1,0.200000
1,0.500000
0,0.400000
1,0.200000
0,0.100000
0,0.200000
0,0.100000
1,0.300000
1,0.400000
0,0.200000
1,0.600000
0,0.100000
0,0.100000
0,0.500000
1,0.500000
1,0.600000
0,0.200000
1,0.100000
1,0.200000
1,0.500000
1,0.500000
0,0.100000
0,0.500000
0,0.100000
0,0.500000
1,0.400000
0,0.500000
1,0.500000
0,0.500000
1,0.400000
0,0.700000
0,0.300000
0,0.100000
0,0.400000
0,0.400000
1,0.500000
0,0.400000
0,0.100000
0,0.100000
1,0.100000
1,0.100000
1,0.200000
1,0.100000
1,0.200000
0,0.400000
1,0.700000
0,0.400000
0,0.200000
1,0.700000
1,0.100000
1,0.700000
0,0.400000
1,0.200000
1,0.200000
1,0.700000
1,0.100000
1,0.700000
0,0.900000
1,0.700000
0,0.900000
1,0.200000
1,0.200000
1,0.200000
0,0.400000
1,0.600000
0,0.400000
1,0.900000
0,0.400000
0,0.300000
1,0.900000
0,0.400000
0,0.300000
0,0.900000
1,0.100000
1,0.900000
0,0.500000
1,0.200000
0,0.900000
1,0.500000
0,0.600000
1,0.900000
0,0.500000
0,0.200000
0,0.200000
0,0.200000
0,0.200000
1,0.800000
0,0.200000
0,0.400000
0,0.200000
1,0.500000
0,0.700000
1,0.500000
1,0.100000
0,0.700000
1,0.500000
1,0.100000
1,0.500000
1,0.100000
1,0.500000
0,0.700000
0,0.200000
0,0.600000
1,0.600000
1,0.100000
0,0.600000
1,0.500000
1,0.200000
1,0.900000
0,0.700000
1,0.600000
0,0.700000
1,0.500000
0,0.700000
1,0.200000
0,0.700000
0,0.100000
1,0.900000
0,0.500000
1,0.600000
0,0.500000
1,0.600000
0,0.500000
0,0.100000
0,0.100000
0,0.100000
0,0.100000
1,0.300000
0,0.400000
1,0.300000
0,0.400000
1,0.500000
0,0.400000
1,0.100000
0,0.400000
0,0.100000
0,0.400000
1,0.900000
0,0.400000
1,0.900000
0,0.400000
1,0.400000
0,0.100000
0,0.400000
1,0.700000
1,0.200000
1,0.900000
1,0.200000
1,0.900000
0,0.600000
1,0.900000
0,0.600000
1,0.200000
1,0.700000
0,0.400000
0,0.400000
0,0.100000
0,0.200000
0,0.400000
1,0.700000
0,0.900000
0,0.100000
0,0.200000
1,0.800000
0,0.200000
1,0.400000
0,0.200000
0,0.100000
0,0.700000
1,0.400000
0,0.700000
1,0.400000
0,0.700000
1,0.400000
0,0.700000
0,0.100000
1,0.800000
0,0.700000
0,0.400000
0,0.100000
0,0.700000
0,0.100000
0,0.100000
0,0.100000
1,0.200000
1,0.700000
0,0.700000
0,0.300000
1,0.700000
0,0.400000
1,0.700000
0,0.700000
1,0.400000
0,0.700000
1,0.800000
0,0.200000
1,0.800000
0,0.200000
0,0.400000
1,0.700000
1,0.700000
1,0.100000
0,0.300000
1,0.500000
1,0.200000
0,0.400000
1,0.400000
1,0.100000
1,0.500000
0,0.700000
1,0.400000
1,0.500000
1,0.200000
1,0.500000
0,0.300000
0,0.800000
1,0.200000
0,0.300000
1,0.200000
0,0.300000
1,0.500000
1,0.200000
1,0.900000
0,0.800000
1,0.200000
1,0.900000
1,0.200000
0,0.800000
1,0.500000
1,0.900000
1,0.200000
0,0.100000
0,0.700000
1,0.900000
1,0.400000
1,0.900000
1,0.400000
1,0.900000
1,0.200000
1,0.900000
1,0.200000
0,0.700000
0,0.700000
0,0.100000
1,0.200000
1,0.800000
1,0.200000
1,0.800000
1,0.200000
0,0.400000
0,0.600000
1,0.200000
1,0.300000
1,0.600000
0,0.200000
1,0.300000
0,0.300000
1,0.200000
1,0.200000
0,0.600000
1,0.200000
1,0.500000
0,0.900000
1,0.500000
1,0.500000
0,0.200000
1,0.800000
0,0.200000
1,0.900000
0,0.200000
1,0.800000
0,0.900000
1,0.200000
1,0.200000
1,0.900000
1,0.100000
1,0.200000
1,0.100000
1,0.200000
1,0.200000
1,0.200000
1,0.200000
1,0.100000
0,0.900000
0,0.700000
1,0.400000
1,0.200000
0,0.100000
1,0.200000
1,0.400000
1,0.200000
0,0.300000
0,0.300000
0,0.800000
1,0.900000
1,0.300000
1,0.800000
1,0.300000
1,0.300000
1,0.300000
1,0.300000
0,0.300000
1,0.900000
0,0.300000
1,0.100000
1,0.300000
0,0.100000
0,0.300000
0,0.900000
1,0.900000
0,0.500000
1,0.800000
0,0.500000
1,0.400000
0,0.600000
1,0.800000
0,0.600000
1,0.800000
0,0.600000
1,0.900000
0,0.600000
1,0.300000
1,0.200000
1,0.800000
0,0.900000
0,0.600000
1,0.800000
0,0.400000
1,0.900000
1,0.800000
0,0.400000
1,0.800000
0,0.400000
1,0.200000
0,0.300000
1,0.300000
0,0.700000
1,0.200000
1,0.100000
0,0.900000
1,0.100000
1,0.400000
0,0.900000
1,0.900000
1,0.300000
1,0.900000
0,0.400000
1,0.200000
0,0.400000
1,0.400000
1,0.300000
1,0.300000
0,0.400000
1,0.800000
0,0.400000
1,0.800000
0,0.400000
1,0.400000
0,0.100000
1,0.300000
1,0.700000
0,0.700000
0,0.100000
1,0.200000
1,0.900000
1,0.200000
1,0.900000
0,0.400000
1,0.900000
0,0.400000
1,0.300000
1,0.100000
1,0.900000
1,0.200000
1,0.400000
1,0.200000
1,0.400000
1,0.200000
1,0.400000
1,0.100000
1,0.400000
1,0.900000
1,0.100000
1,0.400000
1,0.100000
1,0.900000
1,0.100000
1,0.900000
1,0.200000
1,0.400000
1,0.200000
1,0.400000
0,0.100000
0,0.700000
1,0.100000
1,0.200000
1,0.300000
1,0.800000
0,0.700000
0,0.100000
1,0.200000
1,0.900000
1,0.200000
1,0.900000
1,0.100000
0,0.400000
1,0.200000
0,0.300000
1,0.800000
1,0.100000
1,0.800000
0,0.600000
1,0.900000
1,0.100000
0,0.800000
0,0.200000
0,0.100000
0,0.400000
1,0.300000
1,0.400000
1,0.200000
1,2.567413
0,0.935840
0,0.943220
1,1.287759
0,1.221446
0,1.181589
0,1.155036
0,1.221617
0,1.155036
0,1.155036
0,1.155036
1,0.935840
1,1.581589
0,1.158261
0,1.349127
1,1.642093
1,1.642093
1,1.642093
0,1.126758
0,1.199313
0,1.199313
0,1.199313
1,1.458028
0,1.258261
0,1.258261
0,1.258261
0,1.258261
0,1.258261
0,1.208261
1,1.049313
1,1.458028
1,1.049313
0,1.108028
0,1.258028
0,1.171617
0,1.180790
1,1.426758
0,1.180790
0,1.098125
0,1.158261
0,1.158261
0,1.208261
0,1.208261
0,1.208261
0,1.156662
0,1.156662
1,1.426758
0,1.235645
0,1.235645
0,1.235645
0,1.517784
0,1.121617
1,0.988804
0,1.217784
0,1.171617
0,1.317784
1,1.051887
1,1.426758
1,1.051887
0,1.121617
0,1.156662
1,1.126758
1,1.126758
1,1.126758
1,1.126758
1,1.126758
1,1.126758
0,1.208261
0,1.267784
1,1.439271
0,1.501247
1,1.439271
1,1.088556
1,1.439271
0,1.145261
1,1.088556
1,1.439271
1,1.185875
1,1.185875
1,1.185875
1,1.439271
1,1.185875
1,1.185875
1,1.439271
1,0.999313
1,1.426758
1,1.185875
1,1.185875
1,0.999313
0,1.103205
1,1.185875
0,1.171617
0,1.285875
1,0.988804
1,1.435875
0,1.211954
1,1.258028
0,1.211954
0,1.217784
0,1.211954
1,1.425085
1,1.100196
1,1.425085
1,1.100196
1,1.425085
1,1.020654
1,1.702134
0,1.211954
1,1.702134
1,0.988804
1,1.006662
1,1.006662
0,1.211954
1,1.006662
1,1.641857
0,1.211954
1,1.006662
1,1.702134
1,1.258028
0,1.517784
1,1.702134
0,1.517784
0,1.517784
0,1.517784
1,1.641857
1,1.051887
1,1.105080
1,1.105080
1,1.051887
1,1.702134
1,1.105080
0,1.341404
1,1.105080
0,1.035645
0,1.517784
1,1.702134
1,0.988804
1,1.426758
1,0.988804
1,1.202064
1,1.202064
1,1.202064
0,1.517784
1,1.202064
1,0.988804
1,1.426758
1,0.988804
0,1.517784
1,1.621617
0,1.450196
1,1.621617
1,1.076758
0,1.400196
1,1.426758
0,1.450196
1,1.426758
1,1.076758
1,1.426758
0,1.450196
1,1.426758
0,1.400196
1,1.076758
0,1.259439
1,1.185875
0,1.285875
1,1.702134
0,1.400196
1,1.199701
1,1.199701
1,1.199701
1,1.301887
1,1.478219
1,1.185875
1,1.185875
1,1.301887
1,1.185875
1,1.702134
1,1.185875
1,1.492329
0,1.242329
1,1.185875
1,1.185875
0,1.251449
0,1.251449
1,1.485645
1,1.485645
0,1.483005
1,1.485645
0,1.483005
1,1.485645
0,1.483005
1,1.485645
1,1.097831
0,1.101449
0,1.251449
0,1.251449
1,1.485645
1,1.097831
1,1.485645
0,1.491857
1,1.619793
0,1.491857
0,1.241404
0,1.491857
0,1.085645
0,1.085645
0,1.491857
0,1.491857
0,1.491857
0,1.491857
0,1.085645
0,1.491857
1,1.119557
1,1.119557
0,1.491857
1,1.119557
0,1.108028
1,0.948125
1,1.619793
1,0.999313
0,1.108028
0,1.112162
0,1.108028
0,1.108028
0,1.085645
0,1.125085
0,1.285645
0,1.085645
0,1.112162
1,1.619793
1,0.948125
0,1.108028
0,1.085645
0,1.098125
0,1.098125
1,1.202064
0,1.211954
1,1.369793
0,1.108028
0,1.211954
1,1.485645
0,1.211954
1,1.619793
0,1.211954
1,1.619793
0,1.211954
1,1.485645
1,1.201449
1,1.369793
1,1.100196
1,1.398125
1,1.100196
1,1.348125
1,1.100196
1,1.127681
1,1.619793
0,1.211954
1,1.251887
1,1.351887
0,1.211954
1,1.201449
1,1.185875
0,1.108028
0,1.211954
0,1.517784
0,1.517784
1,1.048125
0,1.108028
1,1.100196
0,0.762162
1,1.100196
1,1.345261
1,1.100196
1,1.345261
1,1.100196
1,1.345261
1,1.100196
1,1.492329
1,1.492329
1,1.445261
1,1.100196
1,1.012162
1,1.345261
1,1.100196
1,1.012162
1,1.012162
1,1.100196
1,1.012162
1,1.100196
1,1.012162
1,1.361409
0,1.261954
1,1.012162
0,1.269793
0,1.278219
1,1.361409
1,1.100196
1,1.100196
0,1.078219
0,1.078219
1,1.100196
1,1.361409
1,1.208261
0,1.062162
1,1.461409
0,1.450196
1,1.485645
1,1.485645
1,1.485645
0,1.278219
1,1.208261
0,1.278219
1,1.485645
0,1.285645
0,1.169001
0,1.285645
1,1.702134
0,1.285645
1,1.702134
0,1.285645
1,1.208261
0,1.285645
0,1.078219
0,1.285645
1,1.702134
0,1.285645
1,1.702134
0,1.285645
0,1.078219
0,1.285645
0,1.269793
1,1.369793
1,1.369793
0,1.285645
1,1.369793
0,1.211409
1,1.201449
1,1.485645
1,1.100196
1,1.345261
1,1.345261
0,1.211409
0,1.211409
0,1.078219
1,1.100196
1,1.445261
1,1.100196
1,1.345261
1,1.100196
1,1.445261
1,1.100196
0,1.045261
1,1.052064
1,1.485645
1,0.998125
1,1.148125
1,1.149701
0,1.211409
1,1.148125
0,1.098125
1,1.201449
1,1.201449
1,1.201449
0,1.308261
0,1.120654
0,1.308261
0,1.078219
1,0.998125
1,1.478219
1,1.208261
1,1.208261
1,1.361409
1,0.998125
1,1.461409
0,1.238804
1,1.485645
1,0.988804
1,1.702134
0,1.211954
1,1.148125
0,1.211409
1,1.485645
0,1.211409
1,1.345261
1,1.445261
0,1.211409
1,1.070654
1,1.445261
1,1.445261
0,1.211954
1,1.345261
1,1.020654
1,1.485645
0,1.285645
1,1.445261
0,1.285645
1,1.702134
0,1.285645
1,1.702134
0,1.285645
1,1.702134
0,1.045261
1,1.702134
0,1.441404
0,1.285645
1,0.990388
1,0.990388
0,1.190388
1,1.702134
0,1.441404
1,1.702134
0,1.441404
0,1.441404
0,1.091404
0,1.091404
0,1.441404
0,1.141404
0,1.441404
0,1.045261
0,1.441404
0,1.141404
0,1.441404
0,1.141404
0,1.441404
0,1.141404
0,1.441404
1,1.345261
0,1.285645
1,1.345261
0,1.285645
1,1.345261
0,1.285645
1,1.445261
1,0.945261
1,1.445261
0,1.285645
1,1.445261
0,1.285645
0,1.285645
0,1.200196
0,1.285645
0,1.285645
0,1.285645
1,1.445261
0,1.285645
1,1.345261
0,1.285645
1,1.445261
0,1.285645
0,1.285645
1,1.445261
1,1.345261
0,1.285645
1,1.402134
1,0.945261
1,1.485645
1,0.945261
1,1.345261
1,0.945261
1,1.402134
1,1.345261
1,0.945261
1,1.445261
1,0.945261
1,1.702134
0,1.195261
1,1.702134
0,1.408261
1,1.061954
0,1.195261
0,1.195261
1,1.702134
0,1.195261
1,1.402134
1,1.402134
1,1.402134
1,1.702134
1,1.402134
1,1.402134
1,1.100196
1,1.702134
0,1.408261
1,1.702134
0,1.261954
1,1.702134
1,1.402134
1,1.702134
1,1.702134
0,1.261954
1,1.702134
0,1.261954
1,1.702134
0,1.261954
1,1.402134
0,1.200196
1,1.402134
0,1.200196
0,1.200196
1,1.702134
0,1.450196
0,0
1,4
1,4
0,0
0,3
1,2
0,0
0,0
0,3
0,3
1,3
0,3
0,3
0,4
0,4
0,0
0,0
0,0
1,1
1,2
1,2
1,2
1,2
1,3
0,5
0,5
0,5
0,2
1,3
0,1
1,5
0,1
1,8
0,1
0,1
0,1
1,8
1,3
1,1
1,3
0,0
1,3
1,3
1,3
1,3
1,1
1,3
1,0
0,3
0,7
0,1
0,2
0,1
0,3
0,1
1,2
0,1
0,1
0,2
0,3
0,7
0,0
0,0
0,0
0,0
0,0
0,0
0,7
0,7
0,3
0,7
0,3
0,1
0,0
0,1
0,1
1,6
0,1
0,1
0,1
1,6
0,1
0,1
1,6
0,1
1,6
1,5
0,5
0,1
1,6
1,3
1,3
0,1
1,3
1,6
0,1
1,3
1,3
0,1
0,7
0,1
0,1
1,8
0,3
1,6
0,8
1,8
0,8
1,5
0,3
1,4
1,4
0,3
0,0
0,0
0,3
0,1
1,6
0,3
0,3
1,6
0,5
0,5
0,5
1,6
0,5
0,0
0,0
0,3
1,2
0,1
1,0
1,6
1,6
0,1
1,6
0,1
1,8
0,3
0,3
0,3
0,3
0,3
0,1
0,3
1,6
0,4
1,3
0,1
0,4
1,3
1,3
1,2
1,5
0,4
1,5
1,5
1,5
0,4
1,5
0,4
0,1
1,1
0,1
0,1
1,8
0,4
0,2
0,2
0,2
0,2
1,2
0,1
1,0
1,2
0,8
1,5
0,4
1,5
1,2
1,2
0,3
0,3
0,1
1,5
1,5
0,1
1,5
0,1
1,5
0,8
0,1
1,2
0,1
0,3
0,3
0,1
0,3
0,1
0,3
1,5
0,3
0,3
0,3
0,3
0,3
0,1
0,6
0,6
0,6
0,1
0,6
0,1
0,1
0,6
0,1
0,1
0,1
1,8
0,4
1,2
0,3
1,4
1,4
0,3
1,8
1,0
1,8
0,4
0,0
0,4
0,2
0,2
1,0
0,1
0,3
0,1
0,0
0,2
0,8
0,2
0,3
1,8
0,4
0,0
0,8
1,8
0,3
0,0
0,2
1,5
0,4
1,8
0,8
0,0
0,0
0,6
0,1
1,3
0,7
0,4
0,3
0,3
0,3
1,3
0,2
0,3
1,3
0,3
1,3
0,2
0,0
0,1
0,0
0,4
0,0
0,4
0,3
0,3
0,1
0,5
0,1
0,1
0,5
0,1
0,1
0,5
0,1
0,6
0,1
0,1
0,5
0,0
0,1
0,6
0,0
0,2
1,4
0,0
0,0
0,8
1,2
0,0
0,8
1,5
0,8
0,1
1,5
1,5
0,8
0,1
0,5
1,5
0,3
1,2
0,5
1,5
0,4
1,5
0,5
1,4
1,4
1,4
1,0
0,0
0,5
0,1
0,2
1,4
0,2
0,3
1,3
0,2
0,3
1,4
0,3
0,3
1,4
0,2
1,8
1,5
0,1
0,1
1,4
0,2
1,5
0,4
1,5
0,3
1,8
0,3
1,8
1,4
1,8
0,3
1,1
1,4
0,6
0,4
0,6
1,4
1,4
0,1
0,1
0,2
0,6
0,2
0,8
0,2
0,8
1,4
0,2
1,0
1,7
1,0
1,7
0,2
0,4
1,0
0,4
0,6
0,4
0,6
1,7
1,8
0,8
0,6
1,3
1,7
0,8
1,7
0,2
1,7
0,2
1,7
0,5
1,7
1,0
1,7
0,4
1,4
0,6
1,8
0,4
0,6
1,7
0,4
0,2
1,5
0,4
0,0
0,6
0,2
0,2
0,2
0,2
0,2
0,2
0,4
0,4
0,1
0,4
0,1
0,2
0,1
0,5
0,1
0,2
1,8
0,4
1,8
0,5
1,8
0,4
1,8
0,4
1,8
0,2
0,7
0,7
0,6
0,7
0,2
1,8
0,6
1,8
0,4
1,3
0,4
0,3
0,3
1,8
0,5
0,2
0,4
0,7
0,5
1,8
0,7
0,7
1,8
0,5
0,0
0,8
0,0
0,8
1,8
0,7
0,1
0,1
0,6
0,6
0,6
0,1
0,1
0,1
1,7
0,1
0,1
0,1
1,7
0,7
1,7
0,1
0,1
0,1
0,1
1,7
0,1
1,7
0,4
1,7
0,4
0,1
0,1
0,1
0,1
0,1
1,7
0,8
16.399514,1920.000000
4.099132,1920.000000
4.145210,1920.000000
6.832550,1920.000000
3.915956,1920.000000
13.747159,1920.000000
4.076946,1920.000000
3.246254,1920.000000
4.141228,1920.000000
13.249256,1920.000000
2.047362,1920.000000
2.500751,1920.000000
12.893997,1920.000000
6.691612,1920.000000
10.361106,1920.000000
14.347743,1920.000000
7.684716,1920.000000
7.958343,1920.000000
3.289346,1920.000000
1.688547,1920.000000
1.731212,1920.000000
3.552590,1920.000000
2.978459,1920.000000
1.434405,1920.000000
1.864186,1920.000000
2.392239,1920.000000
4.764709,1920.000000
2.342747,1920.000000
1.809432,1920.000000
1.653277,1920.000000
7.077733,1920.000000
0.859846,1920.000000
1.167320,1920.000000
6.293262,1920.000000
2.890711,1920.000000
4.598457,1920.000000
6.693604,1920.000000
3.217811,1920.000000
3.439101,1920.000000
1.925623,1920.000000
0.990971,1920.000000
1.256917,1920.000000
3.785827,1920.000000
1.715284,1920.000000
2.158718,1920.000000
2.875067,1920.000000
2.357395,1920.000000
4.725742,1920.000000
1.967578,1920.000000
2.260119,1920.000000
2.192281,1920.000000
6.192429,1920.000000
0.983007,1920.000000
1.480483,1920.000000
4.980595,1920.000000
2.555220,1920.000000
3.855513,1920.000000
5.637639,1920.000000
3.080997,1920.000000
3.115272,1920.000000
0.971487,1920.000000
1.328737,1920.000000
0.654484,1920.000000
7.936868,1920.000000
1.957765,1920.000000
4.527633,1920.000000
7.902451,1920.000000
2.224564,1920.000000
7.707471,1920.000000
2.205649,1920.000000
3.040608,1920.000000
5.153389,1920.000000
7.357901,1920.000000
1.899598,1920.000000
3.033070,1920.000000
6.013236,1920.000000
3.913965,1920.000000
6.398645,1920.000000
6.157444,1920.000000
4.717066,1920.000000
5.012594,1920.000000
1.260473,1920.000000
1.386762,1920.000000
0.934795,1920.000000
2.659038,1920.000000
2.403758,1920.000000
1.482474,1920.000000
1.969853,1920.000000
3.990478,1920.000000
3.258485,1920.000000
2.035273,1920.000000
2.359671,1920.000000
2.200956,1920.000000
8.261835,1920.000000
0.947310,1920.000000
1.399277,1920.000000
5.482622,1920.000000
2.931100,1920.000000
3.291195,1920.000000
6.636148,1920.000000
2.962673,1920.000000
2.953286,1920.000000
1.367136,1920.000000
1.567662,1920.000000
1.374673,1920.000000
12.244348,1920.000000
4.717066,1920.000000
5.157229,1920.000000
7.305138,1920.000000
4.379727,1920.000000
14.307069,1920.000000
5.205299,1920.000000
4.165832,1920.000000
5.652999,1920.000000
13.611484,1920.000000
2.182326,1920.000000
3.444932,1920.000000
13.005069,1920.000000
7.181694,1920.000000
13.052712,1920.000000
14.378747,1920.000000
7.998590,1920.000000
7.332017,1920.000000
3.523578,1920.000000
2.082063,1920.000000
2.213329,1920.000000
3.281382,1920.000000
2.417269,1920.000000
1.320915,1920.000000
1.851813,1920.000000
2.200814,1920.000000
4.369487,1920.000000
3.269578,1920.000000
1.802605,1920.000000
1.553725,1920.000000
7.552739,1920.000000
0.769396,1920.000000
1.078292,1920.000000
6.648094,1920.000000
3.410089,1920.000000
5.051277,1920.000000
5.792514,1920.000000
3.161066,1920.000000
2.827708,1920.000000
1.263033,1920.000000
0.970776,1920.000000
1.061226,1920.000000
2.853876,1920.000000
1.983364,1920.000000
1.582880,1920.000000
2.076089,1920.000000
2.839797,1920.000000
2.653492,1920.000000
1.923348,1920.000000
2.431633,1920.000000
2.453108,1920.000000
6.480135,1920.000000
0.999219,1920.000000
1.690396,1920.000000
4.572147,1920.000000
2.835815,1920.000000
3.220086,1920.000000
5.702775,1920.000000
3.268298,1920.000000
2.559771,1920.000000
1.186093,1920.000000
1.597243,1920.000000
1.023681,1920.000000
5.202028,1920.000000
1.836026,1920.000000
2.969783,1920.000000
4.923424,1920.000000
1.878123,1920.000000
5.122528,1920.000000
1.872007,1920.000000
2.920150,1920.000000
5.575490,1920.000000
5.912119,1920.000000
1.685134,1920.000000
2.515683,1920.000000
4.925415,1920.000000
3.216673,1920.000000
5.112004,1920.000000
5.510639,1920.000000
4.261971,1920.000000
3.933591,1920.000000
1.199604,1920.000000
1.401695,1920.000000
1.110291,1920.000000
11.755689,1920.000000
6.996384,1920.000000
5.318504,1920.000000
8.717073,1920.000000
6.656769,1920.000000
13.454476,1920.000000
6.684644,1920.000000
5.072041,1920.000000
6.999513,1920.000000
20.874241,1920.000000
2.732849,1920.000000
4.057746,1920.000000
18.669303,1920.000000
10.203102,1920.000000
13.144442,1920.000000
17.122405,1920.000000
8.795008,1920.000000
8.558073,1920.000000
4.336208,1920.000000
3.372828,1920.000000
3.548039,1920.000000
2.580108,1920.000000
0.910191,1920.000000
1.202021,1920.000000
2.046508,1920.000000
0.908627,1920.000000
2.279460,1920.000000
0.710945,1920.000000
0.897249,1920.000000
1.615732,1920.000000
2.645528,1920.000000
0.779778,1920.000000
0.922706,1920.000000
2.187019,1920.000000
1.202590,1920.000000
1.998012,1920.000000
2.535167,1920.000000
1.925766,1920.000000
1.682147,1920.000000
0.670839,1920.000000
0.563608,1920.000000
0.458367,1920.000000
2.440024,1920.000000
1.388753,1920.000000
1.320488,1920.000000
1.804170,1920.000000
1.696511,1920.000000
2.960682,1920.000000
1.398424,1920.000000
2.040108,1920.000000
2.133545,1920.000000
4.748923,1920.000000
0.906351,1920.000000
1.415347,1920.000000
3.431990,1920.000000
2.176779,1920.000000
2.607414,1920.000000
4.449555,1920.000000
2.515114,1920.000000
2.328810,1920.000000
0.823296,1920.000000
1.021690,1920.000000
0.678661,1920.000000
16.113088,1920.000000
5.406394,1920.000000
4.483545,1920.000000
7.455320,1920.000000
4.372331,1920.000000
17.592860,1920.000000
5.548185,1920.000000
3.338553,1920.000000
4.549534,1920.000000
14.682096,1920.000000
1.899882,1920.000000
2.820455,1920.000000
17.248978,1920.000000
8.089752,1920.000000
13.832063,1920.000000
17.893365,1920.000000
8.898115,1920.000000
8.282030,1920.000000
4.083061,1920.000000
1.964733,1920.000000
2.437890,1920.000000
7.337848,1920.000000
2.359671,1920.000000
3.479348,1920.000000
5.523581,1920.000000
1.906993,1920.000000
7.477364,1920.000000
3.208851,1920.000000
2.527345,1920.000000
3.838732,1920.000000
8.025043,1920.000000
1.615021,1920.000000
2.442726,1920.000000
8.247186,1920.000000
5.298024,1920.000000
7.275273,1920.000000
6.302648,1920.000000
4.428507,1920.000000
4.906358,1920.000000
1.662806,1920.000000
1.252082,1920.000000
1.292898,1920.000000
11.767351,1920.000000
4.429218,1920.000000
4.526779,1920.000000
7.177000,1920.000000
3.157653,1920.000000
13.248261,1920.000000
4.292263,1920.000000
3.683430,1920.000000
6.250739,1920.000000
11.790675,1920.000000
2.277611,1920.000000
3.568376,1920.000000
12.468056,1920.000000
6.093588,1920.000000
14.743676,1920.000000
12.556373,1920.000000
7.863057,1920.000000
6.869811,1920.000000
3.362446,1920.000000
1.681436,1920.000000
2.025318,1920.000000
12.818195,1920.000000
6.785760,1920.000000
4.605995,1920.000000
6.929684,1920.000000
6.177212,1920.000000
13.317094,1920.000000
5.693246,1920.000000
4.811925,1920.000000
5.443086,1920.000000
18.895286,1920.000000
2.742947,1920.000000
3.421181,1920.000000
17.759254,1920.000000
8.364231,1920.000000
13.400718,1920.000000
22.862298,1920.000000
10.694463,1920.000000
8.732432,1920.000000
5.091525,1920.000000
2.871796,1920.000000
3.033355,1920.000000
8.619227,1920.000000
3.624410,1920.000000
2.969926,1920.000000
4.515544,1920.000000
3.316225,1920.000000
7.418059,1920.000000
3.109583,1920.000000
2.802820,1920.000000
3.538937,1920.000000
9.602376,1920.000000
1.777006,1920.000000
2.056748,1920.000000
9.135192,1920.000000
4.478994,1920.000000
6.976616,1920.000000
11.438544,1920.000000
6.659045,1920.000000
5.761795,1920.000000
2.885875,1920.000000
1.626967,1920.000000
1.624265,1920.000000
6.503317,1920.000000
3.917093,1920.000000
2.903084,1920.000000
4.160427,1920.000000
3.790093,1920.000000
6.486677,1920.000000
3.026386,1920.000000
3.054403,1920.000000
3.477500,1920.000000
10.265251,1920.000000
1.515042,1920.000000
2.346160,1920.000000
8.622498,1920.000000
4.465199,1920.000000
5.973557,1920.000000
9.202745,1920.000000
5.619151,1920.000000
4.949876,1920.000000
2.177917,1920.000000
1.973266,1920.000000
1.644033,1920.000000
3.341966,1920.000000
1.333572,1920.000000
1.334426,1920.000000
2.021762,1920.000000
0.985140,1920.000000
3.684710,1920.000000
1.140441,1920.000000
1.223781,1920.000000
1.944538,1920.000000
3.881397,1920.000000
0.947879,1920.000000
1.050133,1920.000000
3.870873,1920.000000
1.750838,1920.000000
4.112500,1920.000000
3.745437,1920.000000
2.811211,1920.000000
1.932734,1920.000000
1.252651,1920.000000
0.486952,1920.000000
0.754605,1920.000000
1.447204,1920.000000
1.030649,1920.000000
1.041885,1920.000000
1.331297,1920.000000
1.642184,1920.000000
1.779424,1920.000000
1.070755,1920.000000
1.471666,1920.000000
1.307831,1920.000000
3.600518,1920.000000
0.591055,1920.000000
0.930955,1920.000000
2.161846,1920.000000
1.496269,1920.000000
2.020198,1920.000000
2.929394,1920.000000
1.663801,1920.000000
1.561405,1920.000000
0.568727,1920.000000
0.919293,1920.000000
0.477850,1920.000000
2.335209,1920.000000
0.929959,1920.000000
0.923560,1920.000000
1.428716,1920.000000
0.781485,1920.000000
2.723179,1920.000000
0.907347,1920.000000
1.002348,1920.000000
1.458013,1920.000000
2.387545,1920.000000
0.555643,1920.000000
0.987415,1920.000000
2.285007,1920.000000
1.172013,1920.000000
2.718628,1920.000000
2.554651,1920.000000
1.704618,1920.000000
1.400272,1920.000000
0.684635,1920.000000
0.341891,1920.000000
1.075875,1920.000000
14.819396,1920.000000
4.505650,1920.000000
4.277388,1920.000000
6.603670,1920.000000
3.634415,1920.000000
13.100391,1920.000000
4.189212,1920.000000
3.599571,1920.000000
4.423732,1920.000000
13.265792,1920.000000
2.136845,1920.000000
2.633475,1920.000000
14.047856,1920.000000
6.519618,1920.000000
11.390346,1920.000000
13.650922,1920.000000
7.838703,1920.000000
7.481305,1920.000000
3.180451,1920.000000
1.893081,1920.000000
1.857242,1920.000000
4.473509,1920.000000
3.121572,1920.000000
1.808177,1920.000000
2.585690,1920.000000
2.113521,1920.000000
4.855652,1920.000000
2.379756,1920.000000
1.709050,1920.000000
1.997613,1920.000000
6.105902,1920.000000
0.943199,1920.000000
1.318658,1920.000000
5.728737,1920.000000
2.725776,1920.000000
4.761219,1920.000000
6.170754,1920.000000
3.087297,1920.000000
3.164664,1920.000000
1.821687,1920.000000
1.045596,1920.000000
1.286943,1920.000000
4.171862,1920.000000
1.678757,1920.000000
2.792619,1920.000000
3.816456,1920.000000
1.948974,1920.000000
5.051773,1920.000000
1.882699,1920.000000
2.125468,1920.000000
2.487843,1920.000000
5.443445,1920.000000
0.938505,1920.000000
1.728534,1920.000000
4.004754,1920.000000
2.691643,1920.000000
3.954977,1920.000000
5.052342,1920.000000
2.814663,1920.000000
3.452516,1920.000000
1.000797,1920.000000
1.180705,1920.000000
0.655062,1920.000000
6.767791,1920.000000
2.360699,1920.000000
3.434170,1920.000000
6.823683,1920.000000
2.616836,1920.000000
7.473057,1920.000000
2.574312,1920.000000
2.948349,1920.000000
4.321476,1920.000000
9.290051,1920.000000
1.551897,1920.000000
2.166996,1920.000000
6.474961,1920.000000
4.673043,1920.000000
6.531849,1920.000000
7.404223,1920.000000
4.317210,1920.000000
4.850675,1920.000000
1.637229,1920.000000
1.514351,1920.000000
1.009615,1920.000000
3.513671,1920.000000
2.105699,1920.000000
2.000884,1920.000000
2.831302,1920.000000
4.026229,1920.000000
3.938195,1920.000000
1.780870,1920.000000
2.416164,1920.000000
2.873826,1920.000000
6.657571,1920.000000
1.058254,1920.000000
1.906734,1920.000000
4.396995,1920.000000
2.613707,1920.000000
3.605829,1920.000000
5.849481,1920.000000
3.064684,1920.000000
3.342723,1920.000000
1.134626,1920.000000
1.344968,1920.000000
1.072760,1920.000000
12.450733,1920.000000
5.266524,1920.000000
4.576760,1920.000000
7.352170,1920.000000
4.108290,1920.000000
16.836208,1920.000000
4.881536,1920.000000
3.802376,1920.000000
5.041248,1920.000000
13.185580,1920.000000
1.989506,1920.000000
2.902270,1920.000000
13.330075,1920.000000
7.258874,1920.000000
13.386252,1920.000000
13.856713,1920.000000
7.077829,1920.000000
7.550566,1920.000000
3.763834,1920.000000
2.103139,1920.000000
2.420573,1920.000000
4.587284,1920.000000
2.264274,1920.000000
2.033167,1920.000000
2.627502,1920.000000
1.763235,1920.000000
5.123167,1920.000000
3.262227,1920.000000
1.543080,1920.000000
1.859518,1920.000000
6.355497,1920.000000
0.702848,1920.000000
1.297040,1920.000000
6.038064,1920.000000
3.398189,1920.000000
4.418612,1920.000000
5.258133,1920.000000
2.730042,1920.000000
2.949060,1920.000000
1.263761,1920.000000
1.111728,1920.000000
1.067783,1920.000000
3.595162,1920.000000
1.610634,1920.000000
2.122481,1920.000000
2.938536,1920.000000
2.342637,1920.000000
3.771372,1920.000000
1.656144,1920.000000
2.370369,1920.000000
2.835284,1920.000000
5.367642,1920.000000
1.024121,1920.000000
1.949685,1920.000000
3.741648,1920.000000
2.454563,1920.000000
3.381691,1920.000000
5.128144,1920.000000
3.312573,1920.000000
3.223259,1920.000000
1.028815,1920.000000
1.206162,1920.000000
0.871662,1920.000000
4.386186,1920.000000
1.936885,1920.000000
2.322015,1920.000000
4.161622,1920.000000
2.568339,1920.000000
4.613168,1920.000000
2.026341,1920.000000
2.902128,1920.000000
5.611121,1920.000000
7.324864,1920.000000
1.472539,1920.000000
2.295704,1920.000000
4.829484,1920.000000
3.503573,1920.000000
5.190152,1920.000000
6.229918,1920.000000
4.005323,1920.000000
3.676227,1920.000000
1.415936,1920.000000
1.504254,1920.000000
1.097507,1920.000000
13.315000,1920.000000
5.892573,1920.000000
5.885747,1920.000000
8.895534,1920.000000
6.821550,1920.000000
13.647509,1920.000000
6.143733,1920.000000
5.493079,1920.000000
7.344633,1920.000000
20.134132,1920.000000
2.980633,1920.000000
4.682429,1920.000000
16.897078,1920.000000
9.107583,1920.000000
12.756647,1920.000000
17.938692,1920.000000
9.946251,1920.000000
9.398849,1920.000000
3.809771,1920.000000
3.021165,1920.000000
2.957735,1920.000000
2.046394,1920.000000
0.841796,1920.000000
0.950878,1920.000000
1.393181,1920.000000
1.066218,1920.000000
1.892228,1920.000000
0.746083,1920.000000
1.088262,1920.000000
1.425891,1920.000000
3.065538,1920.000000
0.797282,1920.000000
0.885600,1920.000000
2.434795,1920.000000
1.313680,1920.000000
2.187191,1920.000000
3.098959,1920.000000
2.055069,1920.000000
1.697957,1920.000000
0.699719,1920.000000
0.581819,1920.000000
0.453822,1920.000000
2.744833,1920.000000
1.285947,1920.000000
1.696534,1920.000000
2.305233,1920.000000
1.719432,1920.000000
2.829169,1920.000000
1.312258,1920.000000
1.860229,1920.000000
2.220328,1920.000000
4.251789,1920.000000
0.839947,1920.000000
1.602385,1920.000000
2.971815,1920.000000
2.056776,1920.000000
2.753651,1920.000000
4.205568,1920.000000
2.710700,1920.000000
2.429248,1920.000000
0.776660,1920.000000
1.074040,1920.000000
0.639418,1920.000000
14.482478,1920.000000
5.638143,1920.000000
4.304552,1920.000000
6.352795,1920.000000
4.631372,1920.000000
13.835523,1920.000000
5.715084,1920.000000
3.792563,1920.000000
4.665505,1920.000000
16.691998,1920.000000
2.324290,1920.000000
3.042498,1920.000000
21.544521,1920.000000
7.509749,1920.000000
12.611725,1920.000000
17.826197,1920.000000
9.806591,1920.000000
7.595081,1920.000000
3.931227,1920.000000
2.197431,1920.000000
2.495522,1920.000000
6.455620,1920.000000
2.840262,1920.000000
2.582987,1920.000000
4.389457,1920.000000
2.608018,1920.000000
6.969458,1920.000000
3.503289,1920.000000
2.543735,1920.000000
3.211312,1920.000000
9.856653,1920.000000
1.402567,1920.000000
1.865491,1920.000000
8.642242,1920.000000
5.709110,1920.000000
6.638514,1920.000000
7.740571,1920.000000
4.255487,1920.000000
4.312943,1920.000000
1.981115,1920.000000
1.456610,1920.000000
1.443668,1920.000000
11.101925,1920.000000
4.978956,1920.000000
3.584638,1920.000000
6.217971,1920.000000
3.699125,1920.000000
12.290879,1920.000000
4.917802,1920.000000
3.407148,1920.000000
5.020911,1920.000000
13.525911,1920.000000
2.061896,1920.000000
2.635466,1920.000000
13.486659,1920.000000
7.279354,1920.000000
14.513198,1920.000000
13.513396,1920.000000
7.077118,1920.000000
6.145581,1920.000000
3.909467,1920.000000
1.858664,1920.000000
2.607876,1920.000000
13.832109,1920.000000
6.524880,1920.000000
5.332940,1920.000000
7.548860,1920.000000
5.896129,1920.000000
13.590763,1920.000000
5.572153,1920.000000
4.987916,1920.000000
6.235891,1920.000000
17.574042,1920.000000
2.936260,1920.000000
4.040593,1920.000000
17.144682,1920.000000
7.770295,1920.000000
13.395923,1920.000000
21.902629,1920.000000
11.182848,1920.000000
8.681779,1920.000000
4.684420,1920.000000
2.741704,1920.000000
2.876101,1920.000000
8.247299,1920.000000
3.283418,1920.000000
2.967691,1920.000000
4.490717,1920.000000
3.084453,1920.000000
7.213080,1920.000000
2.962144,1920.000000
3.093413,1920.000000
3.797825,1920.000000
9.374956,1920.000000
1.936743,1920.000000
2.418013,1920.000000
9.276540,1920.000000
4.351911,1920.000000
7.542317,1920.000000
11.249833,1920.000000
7.838845,1920.000000
5.120749,1920.000000
2.494811,1920.000000
1.607932,1920.000000
1.585745,1920.000000
7.288740,1920.000000
2.992152,1920.000000
3.265498,1920.000000
4.935153,1920.000000
3.407575,1920.000000
7.938256,1920.000000
2.740282,1920.000000
3.244307,1920.000000
3.759141,1920.000000
9.455594,1920.000000
1.809314,1920.000000
2.368378,1920.000000
7.162023,1920.000000
4.396710,1920.000000
6.500845,1920.000000
8.551506,1920.000000
5.159148,1920.000000
6.051290,1920.000000
1.944991,1920.000000
1.699805,1920.000000
1.404274,1920.000000
2.901416,1920.000000
1.752284,1920.000000
1.058396,1920.000000
1.720712,1920.000000
1.191371,1920.000000
3.406864,1920.000000
1.300454,1920.000000
1.007339,1920.000000
1.505392,1920.000000
4.256340,1920.000000
0.806668,1920.000000
0.899111,1920.000000
4.049553,1920.000000
2.042696,1920.000000
3.821718,1920.000000
4.371680,1920.000000
2.480589,1920.000000
1.893650,1920.000000
1.592572,1920.000000
0.647951,1920.000000
0.901528,1920.000000
1.806754,1920.000000
1.169327,1920.000000
1.211993,1920.000000
1.603950,1920.000000
1.373696,1920.000000
2.172400,1920.000000
1.082431,1920.000000
1.244988,1920.000000
1.405838,1920.000000
3.041929,1920.000000
0.544700,1920.000000
1.062378,1920.000000
2.083655,1920.000000
1.453055,1920.000000
1.865918,1920.000000
2.619253,1920.000000
1.559293,1920.000000
1.779022,1920.000000
0.591348,1920.000000
0.891289,1920.000000
0.480701,1920.000000
1.943712,1920.000000
1.173025,1920.000000
0.684502,1920.000000
1.099071,1920.000000
0.987855,1920.000000
2.414315,1920.000000
1.090538,1920.000000
0.858009,1920.000000
1.153683,1920.000000
2.912367,1920.000000
0.459795,1920.000000
0.653071,1920.000000
2.546864,1920.000000
1.540804,1920.000000
2.494385,1920.000000
2.828600,1920.000000
1.634527,1920.000000
1.295760,1920.000000
0.889013,1920.000000
0.432347,1920.000000
1.265468,1920.000000
13.901226,1920.000000
4.583680,1920.000000
4.056604,1920.000000
6.625422,1920.000000
3.748693,1920.000000
12.560355,1920.000000
4.524231,1920.000000
3.527964,1920.000000
4.514417,1920.000000
13.365332,1920.000000
2.085404,1920.000000
2.787413,1920.000000
14.304426,1920.000000
6.860942,1920.000000
11.651981,1920.000000
13.772657,1920.000000
8.308906,1920.000000
6.878719,1920.000000
3.169280,1920.000000
1.888000,1920.000000
1.936213,1920.000000
4.585955,1920.000000
3.066595,1920.000000
1.728995,1920.000000
2.408675,1920.000000
2.066204,1920.000000
5.028409,1920.000000
2.226631,1920.000000
1.669831,1920.000000
1.988835,1920.000000
6.118684,1920.000000
0.949760,1920.000000
1.352960,1920.000000
5.682631,1920.000000
2.715591,1920.000000
4.589369,1920.000000
6.348373,1920.000000
3.517155,1920.000000
3.267129,1920.000000
1.678933,1920.000000
0.994133,1920.000000
1.220835,1920.000000
4.214329,1920.000000
1.529600,1920.000000
2.663538,1920.000000
3.537920,1920.000000
1.914738,1920.000000
4.699591,1920.000000
1.901084,1920.000000
2.066489,1920.000000
2.609635,1920.000000
5.730417,1920.000000
0.900551,1920.000000
1.627022,1920.000000
4.382293,1920.000000
2.777458,1920.000000
4.061297,1920.000000
5.167644,1920.000000
2.967893,1920.000000
3.304533,1920.000000
1.063395,1920.000000
1.071360,1920.000000
0.685084,1920.000000
6.990791,1920.000000
2.459306,1920.000000
3.577884,1920.000000
6.457031,1920.000000
2.741049,1920.000000
7.418879,1920.000000
2.577493,1920.000000
2.712604,1920.000000
4.587235,1920.000000
8.396942,1920.000000
1.412267,1920.000000
2.291626,1920.000000
6.634666,1920.000000
4.455964,1920.000000
7.079537,1920.000000
7.457991,1920.000000
4.420266,1920.000000
4.899555,1920.000000
1.561315,1920.000000
1.581084,1920.000000
1.030684,1920.000000
3.492266,1920.000000
2.013867,1920.000000
2.149973,1920.000000
2.873600,1920.000000
3.622400,1920.000000
3.813689,1920.000000
1.853867,1920.000000
2.374115,1920.000000
2.784853,1920.000000
6.793528,1920.000000
1.140622,1920.000000
1.885582,1920.000000
4.393813,1920.000000
2.672782,1920.000000
3.607324,1920.000000
5.874631,1920.000000
3.195306,1920.000000
3.323591,1920.000000
1.229084,1920.000000
1.315129,1920.000000
1.123698,1920.000000
12.808817,1920.000000
5.022009,1920.000000
4.666311,1920.000000
7.466097,1920.000000
4.182471,1920.000000
17.805368,1920.000000
5.020444,1920.000000
3.746844,1920.000000
4.614400,1920.000000
13.377563,1920.000000
2.110435,1920.000000
2.764373,1920.000000
13.197652,1920.000000
7.186915,1920.000000
12.468621,1920.000000
13.559039,1920.000000
7.063751,1920.000000
7.744284,1920.000000
3.710009,1920.000000
2.178987,1920.000000
2.449493,1920.000000
4.450702,1920.000000
2.128498,1920.000000
1.933227,1920.000000
2.678329,1920.000000
1.866524,1920.000000
4.879786,1920.000000
2.882702,1920.000000
1.776213,1920.000000
1.989689,1920.000000
6.456035,1920.000000
0.767004,1920.000000
1.345849,1920.000000
5.908480,1920.000000
3.319324,1920.000000
4.406329,1920.000000
5.346417,1920.000000
3.116515,1920.000000
3.105422,1920.000000
1.320675,1920.000000
0.966542,1920.000000
1.010347,1920.000000
3.578453,1920.000000
1.640533,1920.000000
1.940480,1920.000000
2.737635,1920.000000
2.479218,1920.000000
3.568355,1920.000000
1.723164,1920.000000
2.478933,1920.000000
2.602524,1920.000000
5.935786,1920.000000
1.144178,1920.000000
1.800533,1920.000000
3.946666,1920.000000
2.475520,1920.000000
3.253902,1920.000000
4.973226,1920.000000
3.223324,1920.000000
3.126044,1920.000000
1.026133,1920.000000
1.402027,1920.000000
0.876515,1920.000000
4.597049,1920.000000
1.899093,1920.000000
2.581760,1920.000000
4.283875,1920.000000
2.607218,1920.000000
4.827875,1920.000000
1.923555,1920.000000
2.669795,1920.000000
5.172480,1920.000000
7.049244,1920.000000
1.347698,1920.000000
2.273138,1920.000000
5.011057,1920.000000
3.462115,1920.000000
5.324942,1920.000000
6.590720,1920.000000
3.918649,1920.000000
3.760924,1920.000000
1.326364,1920.000000
1.379271,1920.000000
1.051875,1920.000000
13.451235,1920.000000
6.015857,1920.000000
5.597155,1920.000000
8.738702,1920.000000
6.821831,1920.000000
13.756159,1920.000000
6.351786,1920.000000
5.663857,1920.000000
7.393564,1920.000000
20.568461,1920.000000
3.211804,1920.000000
4.600035,1920.000000
16.265670,1920.000000
9.212444,1920.000000
12.739697,1920.000000
17.683625,1920.000000
9.370737,1920.000000
9.358079,1920.000000
4.033564,1920.000000
3.200711,1920.000000
3.034595,1920.000000
2.181120,1920.000000
1.018595,1920.000000
0.934969,1920.000000
1.448675,1920.000000
1.070649,1920.000000
2.149689,1920.000000
0.841671,1920.000000
1.146738,1920.000000
1.376284,1920.000000
3.058062,1920.000000
0.789760,1920.000000
0.872675,1920.000000
2.174293,1920.000000
1.254969,1920.000000
2.110151,1920.000000
3.010133,1920.000000
1.851022,1920.000000
1.666560,1920.000000
0.694613,1920.000000
0.590080,1920.000000
0.482987,1920.000000
2.686720,1920.000000
1.265920,1920.000000
1.614364,1920.000000
2.162204,1920.000000
1.866809,1920.000000
2.888960,1920.000000
1.284551,1920.000000
1.827271,1920.000000
2.274560,1920.000000
4.699875,1920.000000
0.780800,1920.000000
1.534435,1920.000000
3.122773,1920.000000
1.927395,1920.000000
2.763378,1920.000000
4.044089,1920.000000
2.509938,1920.000000
2.547484,1920.000000
0.848782,1920.000000
1.034667,1920.000000
0.601600,1920.000000
14.236301,1920.000000
5.751608,1920.000000
4.152320,1920.000000
6.438826,1920.000000
4.554240,1920.000000
13.388657,1920.000000
5.822862,1920.000000
3.951360,1920.000000
4.962702,1920.000000
16.450132,1920.000000
2.312533,1920.000000
2.924089,1920.000000
21.265918,1920.000000
8.080924,1920.000000
13.221830,1920.000000
17.469723,1920.000000
9.511395,1920.000000
7.703039,1920.000000
4.042951,1920.000000
2.169600,1920.000000
2.584746,1920.000000
6.766364,1920.000000
2.724551,1920.000000
2.897920,1920.000000
4.836409,1920.000000
2.576355,1920.000000
7.257315,1920.000000
3.255324,1920.000000
2.392178,1920.000000
3.482738,1920.000000
9.313990,1920.000000
1.312711,1920.000000
1.943609,1920.000000
8.103679,1920.000000
5.404302,1920.000000
6.868479,1920.000000
7.748835,1920.000000
4.301369,1920.000000
4.584817,1920.000000
1.887573,1920.000000
1.390364,1920.000000
1.360782,1920.000000
11.292870,1920.000000
4.921173,1920.000000
4.039964,1920.000000
6.622577,1920.000000
3.751822,1920.000000
12.455821,1920.000000
4.564622,1920.000000
3.366400,1920.000000
5.002240,1920.000000
12.942079,1920.000000
2.114560,1920.000000
2.738204,1920.000000
13.236052,1920.000000
6.980408,1920.000000
14.099341,1920.000000
13.628870,1920.000000
7.307519,1920.000000
6.637511,1920.000000
3.900871,1920.000000
1.814471,1920.000000
2.418489,1920.000000
13.267483,1920.000000
6.412231,1920.000000
5.071644,1920.000000
7.840853,1920.000000
5.719324,1920.000000
13.426061,1920.000000
5.446257,1920.000000
5.160249,1920.000000
6.507804,1920.000000
17.268479,1920.000000
2.926791,1920.000000
4.114631,1920.000000
17.618061,1920.000000
8.152746,1920.000000
13.560746,1920.000000
21.646221,1920.000000
11.396266,1920.000000
8.423537,1920.000000
4.591075,1920.000000
2.856960,1920.000000
3.046969,1920.000000
7.696639,1920.000000
3.540622,1920.000000
2.934329,1920.000000
4.248604,1920.000000
3.153778,1920.000000
7.318186,1920.000000
3.169849,1920.000000
3.157760,1920.000000
3.787235,1920.000000
9.777919,1920.000000
1.822435,1920.000000
2.468551,1920.000000
9.647075,1920.000000
4.455111,1920.000000
7.558399,1920.000000
11.421581,1920.000000
7.173688,1920.000000
4.784071,1920.000000
2.542933,1920.000000
1.613227,1920.000000
1.667271,1920.000000
7.635057,1920.000000
3.334542,1920.000000
3.332124,1920.000000
4.802986,1920.000000
3.328995,1920.000000
7.537493,1920.000000
3.013973,1920.000000
3.115093,1920.000000
3.740871,1920.000000
9.698986,1920.000000
1.725155,1920.000000
2.444658,1920.000000
7.359146,1920.000000
4.314311,1920.000000
6.310826,1920.000000
8.576710,1920.000000
5.053155,1920.000000
5.691448,1920.000000
1.888142,1920.000000
1.789155,1920.000000
1.382400,1920.000000
3.161884,1920.000000
1.797120,1920.000000
1.032249,1920.000000
1.719751,1920.000000
1.283555,1920.000000
3.767466,1920.000000
1.263644,1920.000000
1.057422,1920.000000
1.300195,1920.000000
4.076231,1920.000000
0.792604,1920.000000
0.881920,1920.000000
3.863040,1920.000000
1.866382,1920.000000
3.788800,1920.000000
4.342613,1920.000000
2.446506,1920.000000
2.115413,1920.000000
1.601707,1920.000000
0.556089,1920.000000
0.894151,1920.000000
1.880747,1920.000000
0.905529,1920.000000
1.263929,1920.000000
1.547804,1920.000000
1.304604,1920.000000
1.930240,1920.000000
1.087147,1920.000000
1.333049,1920.000000
1.417102,1920.000000
3.193031,1920.000000
0.615253,1920.000000
1.034809,1920.000000
2.208711,1920.000000
1.396338,1920.000000
1.772089,1920.000000
2.824106,1920.000000
1.700978,1920.000000
1.747627,1920.000000
0.551111,1920.000000
0.888747,1920.000000
0.440604,1920.000000
1.966080,1920.000000
1.197511,1920.000000
0.703004,1920.000000
1.211591,1920.000000
0.992569,1920.000000
2.413226,1920.000000
1.033671,1920.000000
0.907378,1920.000000
1.177458,1920.000000
2.885546,1920.000000
0.452978,1920.000000
0.688640,1920.000000
2.497706,1920.000000
1.392213,1920.000000
2.384924,1920.000000
2.910009,1920.000000
1.626738,1920.000000
1.423075,1920.000000
0.867840,1920.000000
0.443164,1920.000000
1.180729,1920.000000
14.359141,1920.000000
4.488085,1920.000000
4.208042,1920.000000
6.567572,1920.000000
3.802698,1920.000000
12.986090,1920.000000
4.513401,1920.000000
3.493498,1920.000000
4.457222,1920.000000
13.614018,1920.000000
2.199526,1920.000000
2.618524,1920.000000
14.450592,1920.000000
6.717051,1920.000000
11.413924,1920.000000
13.502513,1920.000000
7.679495,1920.000000
6.963244,1920.000000
3.170076,1920.000000
1.916923,1920.000000
1.932567,1920.000000
4.496903,1920.000000
3.104510,1920.000000
1.650818,1920.000000
2.465773,1920.000000
2.208486,1920.000000
5.163801,1920.000000
2.110777,1920.000000
1.758767,1920.000000
1.954328,1920.000000
5.920870,1920.000000
0.967564,1920.000000
1.333654,1920.000000
5.569998,1920.000000
2.607003,1920.000000
4.859579,1920.000000
6.416954,1920.000000
3.515970,1920.000000
2.944079,1920.000000
1.824902,1920.000000
1.092012,1920.000000
1.238789,1920.000000
4.198939,1920.000000
1.674712,1920.000000
2.529632,1920.000000
3.621217,1920.000000
2.002969,1920.000000
4.553224,1920.000000
1.991449,1920.000000
1.917065,1920.000000
2.649671,1920.000000
5.698571,1920.000000
0.903562,1920.000000
1.773985,1920.000000
4.425790,1920.000000
2.815791,1920.000000
4.009494,1920.000000
5.027975,1920.000000
2.858886,1920.000000
3.214451,1920.000000
1.077789,1920.000000
1.276336,1920.000000
0.654809,1920.000000
6.692019,1920.000000
2.478858,1920.000000
3.492076,1920.000000
6.212007,1920.000000
2.677405,1920.000000
7.283395,1920.000000
2.766439,1920.000000
2.711113,1920.000000
4.518379,1920.000000
8.685602,1920.000000
1.386562,1920.000000
2.322551,1920.000000
6.758723,1920.000000
4.813071,1920.000000
6.836663,1920.000000
7.635120,1920.000000
4.292951,1920.000000
4.788466,1920.000000
1.715815,1920.000000
1.577571,1920.000000
1.100403,1920.000000
3.598176,1920.000000
2.057157,1920.000000
1.925314,1920.000000
2.795026,1920.000000
3.598745,1920.000000
3.985316,1920.000000
1.843818,1920.000000
2.455533,1920.000000
2.701584,1920.000000
6.747061,1920.000000
1.186592,1920.000000
1.796884,1920.000000
4.545117,1920.000000
2.631182,1920.000000
3.671565,1920.000000
5.841081,1920.000000
3.069096,1920.000000
3.382988,1920.000000
1.223997,1920.000000
1.342329,1920.000000
1.134253,1920.000000
12.948401,1920.000000
5.131942,1920.000000
4.643680,1920.000000
7.402723,1920.000000
4.251421,1920.000000
15.389568,1920.000000
4.963120,1920.000000
3.697024,1920.000000
4.691610,1920.000000
13.851536,1920.000000
1.987609,1920.000000
2.926158,1920.000000
14.513740,1920.000000
7.068492,1920.000000
12.243102,1920.000000
14.117499,1920.000000
7.672668,1920.000000
7.608666,1920.000000
3.480840,1920.000000
2.125995,1920.000000
2.431070,1920.000000
4.536584,1920.000000
2.191845,1920.000000
1.836849,1920.000000
2.708837,1920.000000
1.882504,1920.000000
4.884327,1920.000000
3.201366,1920.000000
1.718517,1920.000000
2.069673,1920.000000
6.266479,1920.000000
0.774421,1920.000000
1.261972,1920.000000
5.898683,1920.000000
3.415132,1920.000000
4.580247,1920.000000
5.423790,1920.000000
2.811809,1920.000000
2.945928,1920.000000
1.227980,1920.000000
0.997005,1920.000000
1.021183,1920.000000
3.351983,1920.000000
1.799444,1920.000000
2.093852,1920.000000
2.753496,1920.000000
2.420403,1920.000000
3.607990,1920.000000
1.678267,1920.000000
2.371477,1920.000000
2.771132,1920.000000
5.895269,1920.000000
1.101398,1920.000000
1.956604,1920.000000
3.939661,1920.000000
2.402909,1920.000000
3.399202,1920.000000
4.975209,1920.000000
3.145898,1920.000000
3.052882,1920.000000
1.109079,1920.000000
1.234806,1920.000000
0.871846,1920.000000
4.517952,1920.000000
2.130830,1920.000000
2.579127,1920.000000
4.415407,1920.000000
2.645973,1920.000000
4.907225,1920.000000
1.918345,1920.000000
2.720500,1920.000000
4.976062,1920.000000
7.192228,1920.000000
1.358970,1920.000000
2.112768,1920.000000
4.980614,1920.000000
3.410865,1920.000000
4.990427,1920.000000
6.582505,1920.000000
3.867268,1920.000000
3.742678,1920.000000
1.404767,1920.000000
1.466066,1920.000000
1.118750,1920.000000
12.921093,1920.000000
5.996676,1920.000000
5.830983,1920.000000
8.568265,1920.000000
6.572407,1920.000000
14.005424,1920.000000
6.294071,1920.000000
5.932817,1920.000000
7.306720,1920.000000
20.697586,1920.000000
3.122857,1920.000000
4.642827,1920.000000
16.261129,1920.000000
9.195055,1920.000000
12.842300,1920.000000
17.163696,1920.000000
9.437551,1920.000000
9.856549,1920.000000
4.218140,1920.000000
3.143195,1920.000000
3.062553,1920.000000
2.098545,1920.000000
0.961590,1920.000000
0.903420,1920.000000
1.408038,1920.000000
1.054179,1920.000000
2.144342,1920.000000
0.819791,1920.000000
1.136813,1920.000000
1.346596,1920.000000
2.958017,1920.000000
0.772430,1920.000000
0.797319,1920.000000
2.333787,1920.000000
1.427238,1920.000000
2.130119,1920.000000
3.054162,1920.000000
1.861881,1920.000000
1.732313,1920.000000
0.743415,1920.000000
0.566913,1920.000000
0.472759,1920.000000
2.736998,1920.000000
1.339200,1920.000000
1.542441,1920.000000
2.160840,1920.000000
1.916923,1920.000000
2.870121,1920.000000
1.301368,1920.000000
1.866717,1920.000000
2.220860,1920.000000
4.385113,1920.000000
0.823773,1920.000000
1.499347,1920.000000
3.191410,1920.000000
2.017050,1920.000000
2.784075,1920.000000
4.183010,1920.000000
2.523374,1920.000000
2.453968,1920.000000
0.786083,1920.000000
1.059584,1920.000000
0.623661,1920.000000
14.419018,1920.000000
5.542122,1920.000000
4.451533,1920.000000
6.827276,1920.000000
4.576123,1920.000000
14.284899,1920.000000
5.846486,1920.000000
3.792742,1920.000000
4.993129,1920.000000
16.296970,1920.000000
2.230246,1920.000000
2.952186,1920.000000
19.985745,1920.000000
8.111293,1920.000000
13.521287,1920.000000
17.278757,1920.000000
9.479365,1920.000000
7.650054,1920.000000
3.978489,1920.000000
2.140217,1920.000000
2.641991,1920.000000
6.772377,1920.000000
2.675556,1920.000000
3.029272,1920.000000
5.054002,1920.000000
2.591643,1920.000000
7.309992,1920.000000
3.234789,1920.000000
2.539019,1920.000000
3.387966,1920.000000
9.126076,1920.000000
1.377459,1920.000000
2.039237,1920.000000
7.897243,1920.000000
5.445266,1920.000000
6.562594,1920.000000
7.812476,1920.000000
4.489649,1920.000000
4.402749,1920.000000
1.868992,1920.000000
1.375041,1920.000000
1.420980,1920.000000
11.651868,1920.000000
4.868255,1920.000000
3.884051,1920.000000
6.845197,1920.000000
3.644969,1920.000000
12.510771,1920.000000
4.504725,1920.000000
3.474867,1920.000000
4.969662,1920.000000
13.093756,1920.000000
2.107932,1920.000000
2.766296,1920.000000
13.238115,1920.000000
6.765693,1920.000000
13.780992,1920.000000
13.793792,1920.000000
7.572541,1920.000000
6.433737,1920.000000
3.637289,1920.000000
1.896869,1920.000000
2.396651,1920.000000
13.537785,1920.000000
6.281840,1920.000000
5.035371,1920.000000
7.675797,1920.000000
5.744225,1920.000000
13.808584,1920.000000
5.373726,1920.000000
5.009770,1920.000000
6.673246,1920.000000
17.019479,1920.000000
3.043210,1920.000000
4.088572,1920.000000
17.150042,1920.000000
7.960533,1920.000000
13.848976,1920.000000
21.649789,1920.000000
11.435969,1920.000000
8.685460,1920.000000
4.706402,1920.000000
2.743682,1920.000000
2.982338,1920.000000
7.829259,1920.000000
3.392375,1920.000000
2.888042,1920.000000
4.321396,1920.000000
3.059851,1920.000000
7.196353,1920.000000
3.009503,1920.000000
3.160405,1920.000000
3.949901,1920.000000
9.635387,1920.000000
1.938256,1920.000000
2.506307,1920.000000
9.252230,1920.000000
4.480120,1920.000000
7.741932,1920.000000
11.454885,1920.000000
7.404714,1920.000000
5.003654,1920.000000
2.504032,1920.000000
1.587385,1920.000000
1.623937,1920.000000
7.099497,1920.000000
3.136084,1920.000000
3.458368,1920.000000
4.583661,1920.000000
3.385122,1920.000000
7.746341,1920.000000
3.039228,1920.000000
3.094839,1920.000000
3.760599,1920.000000
9.868496,1920.000000
1.678125,1920.000000
2.487960,1920.000000
7.749470,1920.000000
4.371033,1920.000000
6.380544,1920.000000
8.333166,1920.000000
5.114733,1920.000000
5.787320,1920.000000
1.961724,1920.000000
1.696330,1920.000000
1.342756,1920.000000
3.208193,1920.000000
1.740278,1920.000000
1.103958,1920.000000
1.672578,1920.000000
1.255287,1920.000000
3.659334,1920.000000
1.316586,1920.000000
1.112634,1920.000000
1.385993,1920.000000
4.027415,1920.000000
0.732180,1920.000000
0.866725,1920.000000
3.852477,1920.000000
1.885917,1920.000000
3.699726,1920.000000
4.492067,1920.000000
2.501472,1920.000000
2.174209,1920.000000
1.475026,1920.000000
0.576869,1920.000000
0.870992,1920.000000
1.802999,1920.000000
1.015778,1920.000000
1.124012,1920.000000
1.490813,1920.000000
1.311040,1920.000000
2.110208,1920.000000
1.060580,1920.000000
1.291412,1920.000000
1.511436,1920.000000
3.148600,1920.000000
0.557242,1920.000000
1.007387,1920.000000
2.211757,1920.000000
1.423683,1920.000000
1.876673,1920.000000
2.704001,1920.000000
1.602461,1920.000000
1.849223,1920.000000
0.571038,1920.000000
0.912238,1920.000000
0.461523,1920.000000
1.970400,1920.000000
1.202663,1920.000000
0.663769,1920.000000
1.123017,1920.000000
1.119177,1920.000000
2.387691,1920.000000
0.995013,1920.000000
0.893748,1920.000000
1.091727,1920.000000
3.032828,1920.000000
0.455408,1920.000000
0.646275,1920.000000
2.574149,1920.000000
1.413869,1920.000000
2.369628,1920.000000
2.978498,1920.000000
1.642426,1920.000000
1.398224,1920.000000
0.840840,1920.000000
0.420136,1920.000000
1.136386,1920.000000
145.047170,1920.000000
63.204682,1920.000000
58.873784,1920.000000
90.741642,1920.000000
61.535353,1920.000000
153.139818,1920.000000
61.653534,1920.000000
55.932904,1920.000000
73.090386,1920.000000
187.068241,1920.000000
30.722878,1920.000000
44.286426,1920.000000
170.992167,1920.000000
90.407719,1920.000000
143.831510,1920.000000
184.450759,1920.000000
103.937419,1920.000000
96.073597,1920.000000
43.607772,1920.000000
31.044002,1920.000000
30.358237,1920.000000
