2,20,0,2,134709883,1.454528
3,20,18,0,0,0.370974
2,3,2,0,0,0.276781
2,20,2,0,0,0.290870
0,1,2,0,0,0.299995
2,15,0,2,0,0.241082
3,2,7,0,0,0.192954
3,10,10,2,1,0.192052
0,1,0,2,1,0.214758
2,20,1,0,1,0.190372
3,8,0,0,0,0.201061
3,19,19,0,1,0.180376
2,0,1,0,1,0.153859
2,12,0,2,1,0.150643
0,1,0,0,1,0.153356
2,20,1,0,1,0.138570
3,16,17,2,0,0.164325
3,8,11,0,0,0.157879
3,3,14,0,0,0.142893
0,3,0,2,0,0.138564
0,0,1,0,0,0.117512
3,11,7,0,0,0.117160
3,13,8,0,0,0.118252
2,1,3,0,0,0.125054
0,1,3,0,0,0.119724
3,13,14,0,0,0.112416
0,2,3,0,0,0.115686
3,8,10,0,0,0.103154
0,0,2,0,0,0.100871
2,20,3,1,0,0.120056
2,7,3,1,0,0.106914
2,6,3,1,0,0.108081
2,9,1,0,0,0.119330
3,18,18,1,1,0.102168
2,18,1,1,1,0.108331
3,2,15,2,0,0.101609
3,11,8,1,2,0.098141
3,0,16,2,2,0.094141
2,14,1,1,2,0.087248
0,3,1,2,2,0.078363
3,3,3,1,2,0.082115
3,3,8,3,3,0.088490
2,16,1,1,3,0.082032
3,1,19,0,2,0.084115
0,2,1,2,2,0.075517
2,8,2,0,2,0.078858
0,0,1,1,2,0.082584
3,10,10,0,3,0.071370
0,1,1,1,3,0.067854
0,0,3,0,3,0.075721
0,3,3,1,3,0.062779
3,2,3,0,2,0.077766
2,20,3,2,2,0.084501
0,3,2,1,2,0.075922
2,6,2,0,2,0.069226
0,3,2,0,2,0.080088
0,2,0,3,2,0.059992
0,1,2,0,2,0.070473
0,3,3,3,2,0.066125
0,2,3,2,2,0.058903
0,0,0,2,2,0.066279
2,13,1,3,2,0.056778
2,15,3,1,2,0.057602
2,1,1,3,2,0.058938
2,15,1,0,2,0.060206
3,13,14,0,0,0.053941
3,13,14,0,0,0.063501
2,9,1,0,0,0.074288
2,7,1,3,0,0.061185
0,2,1,0,0,0.058597
0,2,1,0,0,0.064360
2,20,1,2,0,0.069766
2,2,3,1,0,0.064114
0,3,1,3,0,0.061361
3,14,8,2,0,0.055703
0,3,1,1,0,0.052167
0,3,1,2,0,0.057909
0,2,0,0,0,0.050804
0,0,3,1,0,0.049340
3,8,3,3,3,0.049948
2,6,3,0,3,0.075583
3,8,11,1,0,0.058547
2,11,0,0,0,0.053638
0,1,3,1,0,0.050329
0,3,0,0,0,0.049674
3,14,11,1,0,0.047899
0,2,2,2,0,0.047432
0,2,2,2,0,0.046496
2,5,1,2,0,0.052411
0,0,3,3,0,0.047879
2,17,2,1,0,0.047803
2,19,0,0,0,0.051753
2,3,1,0,0,0.049386
0,0,1,1,0,0.057949
2,0,1,0,0,0.048076
0,0,2,1,0,0.044831
2,8,1,0,0,0.045552
0,1,1,2,0,0.057953
0,2,0,1,0,0.049462
0,3,0,0,0,0.045390
0,1,1,0,0,0.048734
0,3,0,1,0,0.043035
3,10,10,2,3,0.043912
3,6,6,1,3,0.049850
3,1,19,2,2,0.052857
2,18,0,0,2,0.037856
2,1,1,0,2,0.038375
2,20,2,1,2,0.047404
0,2,1,0,2,0.055281
0,0,0,0,2,0.046778
0,1,2,1,2,0.049785
0,0,1,1,2,0.038177
0,1,3,3,2,0.039639
0,0,0,0,2,0.042479
0,2,2,0,2,0.044338
2,17,3,2,2,0.035622
0,3,3,2,2,0.036200
2,3,2,3,2,0.041079
2,20,1,3,2,0.048219
0,0,2,3,2,0.042214
0,1,1,3,2,0.047533
0,2,2,3,2,0.037390
0,2,2,3,2,0.037127
0,2,2,0,2,0.035807
0,3,2,1,2,0.042030
0,0,1,1,2,0.039792
2,19,2,3,2,0.038749
2,16,2,1,2,0.037007
2,12,0,0,2,0.037448
3,20,14,1,0,0.035720
2,14,2,2,0,0.040584
2,7,2,3,0,0.041345
2,20,2,0,0,0.038742
3,13,8,3,0,0.032531
3,5,8,1,0,0.036344
3,13,8,0,0,0.036199
0,2,2,1,0,0.031289
3,20,14,0,0,0.035773
0,3,2,2,0,0.031785
3,20,14,1,0,0.036052
2,2,2,2,0,0.031165
2,6,3,0,0,0.039862
2,3,2,3,0,0.038260
0,1,2,0,0,0.037813
0,2,1,1,0,0.031936
3,14,13,2,2,0.036376
3,1,19,3,1,0.041509
0,1,3,0,1,0.037283
2,1,0,1,1,0.035310
0,0,2,2,1,0.035633
3,6,6,0,3,0.030535
2,6,1,0,3,0.033605
0,1,3,1,3,0.032187
2,15,2,3,3,0.035532
0,2,3,2,3,0.038158
0,2,3,3,3,0.032996
0,2,1,0,3,0.031990
0,0,2,3,3,0.030605
2,17,2,2,3,0.028715
0,0,2,3,3,0.032009
2,20,2,0,3,0.039264
2,8,2,3,3,0.036300
2,11,2,0,3,0.036466
0,2,2,1,3,0.028987
0,2,2,2,3,0.028581
2,15,2,1,3,0.028444
0,2,2,1,3,0.033392
0,2,2,3,3,0.030184
2,5,2,0,3,0.036631
0,2,2,2,3,0.028162
2,15,2,0,3,0.039557
0,2,1,0,3,0.029761
2,5,0,0,3,0.033120
2,9,2,3,3,0.030301
3,11,7,0,1,0.035657
0,1,3,1,1,0.028249
0,3,3,3,1,0.027719
0,1,0,0,1,0.026479
0,3,3,3,1,0.036496
0,1,3,1,1,0.032442
0,0,2,3,1,0.031528
3,6,18,2,3,0.033376
0,2,3,1,3,0.034229
2,3,2,0,3,0.030824
2,3,2,0,3,0.028286
2,18,2,0,3,0.025931
3,12,18,0,2,0.067178
2,7,2,3,2,0.040617
2,14,1,2,2,0.032140
2,12,2,0,2,0.037283
2,18,2,0,2,0.028321
0,0,2,0,2,0.029786
3,13,8,1,0,0.024842
0,3,2,2,0,0.025339
0,2,0,1,0,0.025645
0,2,2,1,0,0.024141
0,3,1,0,0,0.024084
3,6,6,0,3,0.022934
3,6,6,0,3,0.030388
2,20,1,2,3,0.034621
2,3,0,2,3,0.030088
2,13,1,2,3,0.030012
0,2,1,3,3,0.027797
0,2,1,3,3,0.024904
2,13,0,2,3,0.030671
2,6,1,2,3,0.031472
0,0,0,2,3,0.028607
0,2,1,0,3,0.023906
0,1,1,3,3,0.025412
0,1,1,1,3,0.023785
0,3,1,0,3,0.033025
0,0,0,0,3,0.029536
3,14,11,3,0,0.030595
3,14,8,2,0,0.025846
3,14,8,0,0,0.024724
2,16,3,2,0,0.027184
3,2,3,0,2,0.029523
2,3,1,2,2,0.028619
2,3,3,0,2,0.023654
0,1,1,2,2,0.029832
0,3,3,0,2,0.025248
2,20,1,0,2,0.024078
0,1,2,3,2,0.026172
3,14,8,0,0,0.024619
3,6,6,3,3,0.023751
3,14,8,0,0,0.023541
3,14,3,3,0,0.024657
2,2,3,1,0,0.021936
0,2,3,1,0,0.022282
3,14,8,1,0,0.023267
0,3,1,0,0,0.024653
2,2,3,1,0,0.021793
0,2,3,1,0,0.021034
0,2,2,3,0,0.020550
0,2,2,1,0,0.021740
3,10,19,2,0,0.023116
0,2,2,0,0,0.023392
2,15,2,3,0,0.030009
3,6,18,3,3,0.027822
2,7,2,3,3,0.027663
2,14,1,3,3,0.027717
0,0,2,3,3,0.026443
3,2,3,0,2,0.027359
3,2,3,1,2,0.023479
0,0,3,1,2,0.022539
0,0,3,1,2,0.024090
0,3,1,3,2,0.027792
2,16,3,1,2,0.026709
2,16,3,1,2,0.025575
2,9,2,1,2,0.026642
2,13,2,0,2,0.024508
0,1,3,1,2,0.021130
0,3,0,0,2,0.023374
0,2,0,0,2,0.020961
0,2,0,0,2,0.024956
0,1,2,0,2,0.025754
0,0,1,1,2,0.023157
0,1,2,0,2,0.022164
2,3,2,1,2,0.026247
0,0,3,2,2,0.025128
2,7,2,3,2,0.021888
0,3,2,0,2,0.023492
0,2,2,3,2,0.024950
0,3,1,2,2,0.022690
0,3,2,0,2,0.025411
0,0,0,1,2,0.020440
0,0,0,2,2,0.019123
0,2,0,2,2,0.021358
2,3,3,1,2,0.022172
2,14,2,3,2,0.019849
3,14,11,3,0,0.022701
3,2,3,0,2,0.027597
2,2,2,1,2,0.021846
2,18,2,0,2,0.025610
0,0,2,1,2,0.024960
0,3,3,1,2,0.022668
3,13,8,3,0,0.021879
2,8,1,1,0,0.021774
2,15,0,0,0,0.024197
3,10,10,1,2,0.021008
3,8,11,3,0,0.021265
3,8,11,3,0,0.024797
0,0,2,3,0,0.024978
2,15,2,0,0,0.026769
2,1,3,3,0,0.020699
0,1,2,3,0,0.020975
3,10,10,0,3,0.026416
0,3,2,3,3,0.024037
2,20,2,0,3,0.024387
0,3,2,1,3,0.023917
0,1,1,1,3,0.021669
0,1,1,3,3,0.022452
0,2,0,0,3,0.021146
0,0,2,0,3,0.018243
0,0,2,0,3,0.025440
3,8,3,0,2,0.042181
0,3,2,0,2,0.036111
2,13,1,0,2,0.023088
3,8,3,2,2,0.028257
3,8,3,1,2,0.023620
0,3,1,3,2,0.019247
0,2,1,1,2,0.019976
0,3,0,0,2,0.023231
3,14,11,0,0,0.020960
2,13,3,0,0,0.022353
0,0,2,0,0,0.021631
3,10,19,0,0,0.022601
2,3,1,0,0,0.026486
0,2,1,1,0,0.024250
0,3,0,0,0,0.022558
2,12,0,0,0,0.020520
2,20,1,3,0,0.022692
0,2,0,0,0,0.021181
3,11,7,1,1,0.019611
3,11,7,1,1,0.022971
0,2,1,0,1,0.027814
0,0,1,3,1,0.023604
0,3,0,3,1,0.019629
0,3,0,0,1,0.022276
3,6,6,2,3,0.021708
3,3,8,2,0,0.037464
0,3,1,0,0,0.032143
3,3,8,2,0,0.031264
0,2,1,2,0,0.020359
0,2,2,2,0,0.020085
0,2,2,0,0,0.019887
0,2,2,2,0,0.023981
2,17,1,3,0,0.022210
0,0,2,3,0,0.018737
2,5,3,3,0,0.017273
0,2,2,3,0,0.020259
0,0,2,0,0,0.017334
2,3,3,0,0,0.020132
3,14,8,2,0,0.023112
2,8,1,0,0,0.017298
3,14,8,1,0,0.021932
2,12,3,0,0,0.020468
0,0,2,2,0,0.022618
0,0,2,3,0,0.020361
2,6,1,2,0,0.021705
2,11,3,3,0,0.022704
2,18,1,2,0,0.022387
0,3,3,3,0,0.022325
0,0,3,0,0,0.020673
0,0,3,1,0,0.020967
0,0,3,3,0,0.019418
0,3,1,2,0,0.020939
0,0,3,0,0,0.024139
0,2,2,1,0,0.020916
0,2,2,1,0,0.018430
2,16,3,1,0,0.017840
2,16,3,1,0,0.020434
0,2,2,3,0,0.019456
0,2,3,1,0,0.018825
0,2,3,0,0,0.020317
3,6,6,1,3,0.016297
2,6,2,0,3,0.020648
0,1,2,0,3,0.018041
2,6,3,1,3,0.020189
0,2,1,2,3,0.017718
3,20,14,3,0,0.017872
2,3,2,0,0,0.016882
0,2,1,3,0,0.017757
0,1,2,0,0,0.018840
0,2,1,1,0,0.020323
0,2,3,3,0,0.018213
0,2,1,1,0,0.017753
0,0,1,3,0,0.020478
0,2,3,1,0,0.017613
2,6,3,0,0,0.024371
2,19,2,1,0,0.021021
2,4,3,0,0,0.021555
2,4,2,0,0,0.018917
0,1,1,1,0,0.017581
0,3,2,1,0,0.019189
2,14,3,0,0,0.020599
2,11,1,3,0,0.021192
2,18,3,0,0,0.021301
2,10,1,3,0,0.021599
3,10,10,0,3,0.020358
2,13,1,3,3,0.021614
0,1,3,0,3,0.019728
2,15,1,3,3,0.020779
2,15,3,2,3,0.020534
0,1,3,2,3,0.017123
2,15,3,1,3,0.019849
0,1,1,0,3,0.015668
0,1,1,0,3,0.022693
2,18,3,0,3,0.022171
0,0,1,3,3,0.019000
0,2,1,3,3,0.016507
2,12,3,3,3,0.018192
2,5,3,0,3,0.020237
2,5,3,3,3,0.016677
0,3,2,3,3,0.020713
0,1,3,0,3,0.019424
0,1,0,2,3,0.020202
2,4,2,0,3,0.018575
3,14,11,0,0,0.018784
0,1,2,0,0,0.016134
0,1,3,3,0,0.016941
0,1,3,3,0,0.025012
0,1,3,3,0,0.017451
2,2,2,0,0,0.019642
2,6,1,2,0,0.018023
2,11,2,0,0,0.020193
0,1,3,0,0,0.019600
2,15,3,1,0,0.019493
0,2,1,2,0,0.018897
0,0,2,0,0,0.018300
0,0,2,2,0,0.020136
2,14,2,0,0,0.016881
0,3,2,0,0,0.019748
0,1,0,1,0,0.017872
0,1,0,1,0,0.016586
2,19,2,2,0,0.017809
2,19,3,1,0,0.017724
2,11,1,1,0,0.017903
3,14,11,3,0,0.016548
0,0,1,1,0,0.016818
0,2,3,1,0,0.017671
2,20,2,0,0,0.017870
0,3,2,2,0,0.019661
2,6,2,0,0,0.018729
0,2,2,3,0,0.019511
2,14,2,0,0,0.017540
3,20,14,0,0,0.020479
2,20,2,0,0,0.020495
0,0,2,0,0,0.017234
2,18,3,3,0,0.017177
3,18,6,3,1,0.031041
3,18,6,0,1,0.041261
3,18,6,1,1,0.030837
3,6,18,3,3,0.027099
3,18,6,3,1,0.022470
0,3,3,3,1,0.017043
0,3,3,1,1,0.016803
0,3,3,1,1,0.019590
3,14,8,0,0,0.021173
3,14,8,3,0,0.020278
0,1,2,1,0,0.017541
0,1,2,3,0,0.019718
0,1,2,1,0,0.018677
0,1,2,3,0,0.017697
3,14,8,0,0,0.016996
3,6,18,1,3,0.023236
2,14,3,1,3,0.021105
0,3,2,1,3,0.020647
3,8,11,1,0,0.019787
2,1,3,1,0,0.019421
3,1,19,1,2,0.030142
2,19,2,1,2,0.023632
0,1,0,1,2,0.016668
0,3,3,3,2,0.018845
0,3,3,1,2,0.019282
0,1,3,1,2,0.017365
0,1,3,0,2,0.017836
2,16,3,1,2,0.016957
3,6,18,1,3,0.016276
2,16,0,1,3,0.018867
0,1,3,3,3,0.015976
2,15,2,3,3,0.018880
0,1,0,1,3,0.017390
0,1,2,1,3,0.015678
2,3,1,0,3,0.018093
0,0,0,0,3,0.019287
0,0,0,2,3,0.018959
0,0,0,0,3,0.019251
0,1,1,0,3,0.016594
0,3,0,0,3,0.016931
0,3,3,1,3,0.015815
2,7,1,0,3,0.016634
0,0,0,3,3,0.016592
3,6,18,3,3,0.016689
2,20,1,3,3,0.021349
0,1,1,0,3,0.018427
0,3,1,1,3,0.017418
3,13,8,0,0,0.015697
0,2,2,0,0,0.016408
3,6,6,3,3,0.016422
2,6,3,3,3,0.015704
3,6,18,3,3,0.015071
2,9,3,3,3,0.014711
3,11,7,0,1,0.015634
2,9,1,0,1,0.020439
2,11,2,0,1,0.019159
0,3,2,3,1,0.018180
0,2,1,3,1,0.019473
2,8,2,2,1,0.018078
0,0,2,0,1,0.018083
0,1,3,3,1,0.015258
0,1,3,3,1,0.014739
0,2,2,0,1,0.015108
0,0,2,0,1,0.017344
0,0,2,0,1,0.015370
2,0,2,3,1,0.015460
0,3,2,2,1,0.014752
3,14,11,3,0,0.016956
2,0,0,1,0,0.016202
3,20,14,0,0,0.017866
1,0.300000
0,0.100000
0,0.100000
0,0.100000
0,0.100000
0,0.100000
0,0.100000
0,0.100000
0,0.100000
0,0.300000
0,0.100000
0,0.300000
0,0.300000
1,0.600000
0,0.100000
0,0.300000
1,0.600000
0,0.300000
0,0.300000
1,0.600000
0,0.300000
0,0.100000
0,0.100000
0,0.100000
0,0.100000
0,0.200000
0,0.100000
0,0.200000
0,0.200000
0,0.500000
1,0.300000
0,0.500000
0,0.100000
1,0.300000
1,0.400000
1,0.300000
0,0.500000
1,0.300000
1,0.300000
1,0.300000
1,0.300000
1,0.400000
1,0.300000
0,0.200000
1,0.100000
1,0.100000
1,0.200000
0,0.200000
1,0.400000
0,0.200000
0,0.500000
1,0.100000
0,0.200000
1,0.300000
1,0.100000
1,0.100000
0,0.200000
1,0.100000
1,0.300000
0,0.200000
1,0.600000
1,0.100000
1,0.300000
1,0.100000
0,0.100000
0,0.200000
0,0.200000
1,0.700000
1,0.100000
0,0.200000
1,0.700000
0,0.400000
1,0.300000
1,0.100000
1,0.100000
1,0.200000
1,0.100000
1,0.700000
1,0.300000
1,0.100000
0,0.400000
1,0.300000
0,0.500000
1,0.300000
0,0.500000
1,0.200000
0,0.200000
1,0.400000
0,0.400000
1,0.100000
1,0.200000
1,0.200000
0,0.100000
0,0.900000
0,0.100000
1,0.100000
0,0.100000
0,0.400000
0,0.400000
1,0.200000
0,0.100000
1,0.900000
0,0.100000
1,0.600000
0,0.100000
0,0.800000
1,0.700000
1,0.600000
1,0.700000
0,0.800000
1,0.600000
1,0.400000
1,0.200000
1,0.100000
1,0.500000
0,0.100000
0,0.100000
1,0.400000
0,0.800000
1,0.500000
0,0.800000
1,0.400000
0,0.200000
0,0.800000
1,0.300000
0,0.800000
1,0.600000
0,0.400000
0,0.500000
0,0.400000
0,0.100000
1,0.600000
1,0.100000
1,0.500000
0,0.400000
1,0.700000
0,0.300000
1,0.700000
0,0.100000
0,0.100000
0,0.300000
0,0.400000
1,0.500000
1,0.100000
0,0.100000
0,0.300000
1,0.500000
0,0.400000
1,0.800000
0,0.300000
0,0.200000
0,0.200000
0,0.400000
1,0.600000
0,0.100000
1,0.100000
0,0.100000
0,0.100000
0,0.100000
1,0.500000
0,0.600000
1,0.600000
0,0.600000
1,0.100000
0,0.100000
0,0.400000
0,0.400000
1,0.600000
0,0.600000
1,0.500000
0,0.600000
1,0.600000
1,0.300000
1,0.400000
0,0.600000
1,0.300000
0,0.100000
1,0.300000
1,0.400000
0,0.400000
1,0.400000
0,0.400000
1,0.900000
0,0.800000
0,0.300000
0,0.300000
0,0.300000
1,0.500000
0,0.400000
0,0.300000
0,0.300000
0,0.300000
1,0.100000
0,0.100000
1,0.800000
1,0.100000
0,0.100000
0,0.500000
0,0.300000
0,0.400000
1,0.600000
0,0.400000
1,0.300000
0,0.400000
1,0.600000
0,0.400000
1,0.600000
0,0.300000
0,0.400000
0,0.900000
1,0.300000
1,0.100000
1,0.500000
0,0.200000
1,0.500000
0,0.200000
1,0.500000
0,0.400000
1,0.500000
0,0.400000
1,0.500000
0,0.200000
1,0.800000
0,0.200000
0,0.200000
0,0.200000
0,0.100000
1,0.200000
1,0.200000
0,0.300000
0,0.200000
0,0.300000
0,0.300000
0,0.100000
0,0.300000
0,0.100000
0,0.800000
1,0.500000
0,0.300000
1,0.500000
0,0.300000
1,0.500000
0,0.400000
1,0.300000
1,0.300000
0,0.100000
0,0.300000
1,0.300000
1,0.300000
1,0.300000
0,0.600000
1,0.300000
0,0.500000
1,0.800000
0,0.500000
0,0.600000
1,0.500000
1,0.100000
1,0.300000
0,0.200000
1,0.500000
0,0.400000
1,0.500000
0,0.500000
1,0.100000
0,0.600000
1,0.300000
0,0.100000
1,0.100000
0,0.200000
0,0.200000
0,0.400000
1,0.400000
0,0.400000
1,0.400000
1,0.100000
0,0.200000
0,0.900000
0,0.500000
0,0.900000
0,0.200000
0,0.200000
1,0.500000
0,0.400000
1,0.500000
0,0.200000
0,0.400000
1,0.400000
0,0.400000
1,0.300000
0,0.900000
0,0.400000
0,0.500000
1,0.700000
0,0.500000
1,0.200000
0,0.400000
1,0.700000
0,0.500000
1,0.400000
1,0.100000
1,0.400000
1,0.200000
1,0.700000
1,0.100000
1,0.700000
1,0.100000
1,0.700000
0,0.700000
0,0.400000
1,0.700000
1,0.100000
1,0.700000
0,0.100000
0,0.100000
1,0.700000
1,0.100000
0,0.100000
1,0.200000
1,0.300000
1,0.100000
1,0.400000
1,0.100000
1,0.500000
0,0.200000
0,0.800000
1,0.600000
0,0.400000
0,0.100000
0,0.100000
0,0.100000
0,0.500000
1,0.900000
0,0.400000
1,0.300000
1,0.200000
1,0.900000
0,0.700000
1,0.500000
0,0.500000
1,0.500000
0,0.500000
1,0.500000
1,0.100000
1,0.300000
1,0.400000
0,0.500000
1,0.900000
0,0.300000
1,0.100000
1,0.200000
1,0.200000
1,0.400000
1,0.200000
1,0.300000
0,0.100000
1,0.100000
1,0.100000
1,0.900000
1,0.100000
1,0.300000
0,0.400000
1,0.300000
0,0.400000
1,0.400000
1,0.100000
0,0.100000
0,0.400000
1,0.900000
0,0.800000
1,0.400000
0,0.800000
1,0.700000
0,0.900000
1,0.400000
0,0.800000
1,0.500000
0,0.800000
1,0.500000
0,0.800000
1,0.600000
0,0.800000
1,0.500000
0,0.100000
0,0.100000
0,0.100000
0,0.200000
1,0.300000
0,0.800000
1,0.500000
0,0.400000
1,0.200000
0,0.800000
1,0.200000
1,0.400000
0,0.800000
1,0.600000
1,0.100000
1,0.700000
1,0.100000
0,0.100000
1,0.200000
0,0.400000
1,0.700000
0,0.700000
1,0.700000
0,0.800000
1,0.900000
0,0.700000
1,0.700000
1,0.100000
1,0.100000
1,0.100000
0,0.800000
1,0.600000
0,0.300000
1,0.900000
0,0.900000
0,0.100000
0,0.900000
1,0.900000
0,0.400000
1,0.400000
0,0.400000
1,0.700000
0,0.400000
1,0.700000
0,0.400000
1,0.700000
0,0.100000
0,0.100000
0,0.800000
1,0.300000
0,0.500000
0,0.100000
0,0.100000
0,0.500000
1,0.900000
0,0.800000
1,0.400000
0,0.900000
0,0.200000
0,0.900000
0,0.200000
0,0.600000
1,0.300000
0,0.600000
1,0.300000
0,0.600000
0,0.600000
0,0.100000
0,0.900000
0,0.800000
1,0.400000
1,0.100000
0,0.100000
0,0.200000
0,0.400000
1,0.600000
1,0.600000
0,0.100000
1,0.100000
1,0.600000
0,0.900000
1,0.300000
1,0.100000
1,0.600000
1,0.500000
0,0.200000
0,0.400000
0,0.400000
1,0.300000
0,0.500000
0,0.200000
0,0.500000
1,0.300000
1,0.100000
1,0.300000
1,0.200000
0,0.200000
1,0.200000
1,0.200000
1,0.200000
0,0.800000
1,0.300000
0,0.800000
1,0.400000
0,0.500000
1,0.600000
0,0.800000
1,0.200000
0,0.100000
0,0.700000
1,0.700000
0,0.600000
0,0.200000
0,0.100000
0,0.200000
0,0.800000
1,0.300000
1,1.858868
1,1.077963
0,1.166496
1,0.956698
0,0.974465
0,1.326777
0,1.024465
0,1.376777
0,1.166496
0,1.157985
1,1.318615
0,1.207985
0,1.006827
0,1.119289
1,1.286549
0,1.119289
1,1.348835
0,1.166496
0,1.304588
1,1.236549
0,1.119289
0,1.119289
1,1.236549
0,1.488390
1,1.387084
0,1.488390
1,1.692452
0,1.290395
1,1.437084
0,1.361511
0,0.918283
0,1.361511
1,1.276264
0,1.472933
0,0.918283
1,1.276264
0,1.361511
1,1.440340
1,1.287084
0,0.876272
1,1.050558
1,1.520183
0,1.026272
0,0.876272
1,1.310027
0,0.949269
0,1.635151
0,1.265456
0,1.102976
0,1.002976
1,1.310027
0,1.002976
0,1.038235
1,1.416496
1,1.452343
1,1.416496
1,1.452343
1,1.452343
1,1.416496
0,1.485151
1,1.416496
0,1.485151
1,1.238390
0,1.538390
1,1.238390
1,1.238390
0,1.538390
0,1.285151
0,1.485151
1,1.416496
1,1.416496
0,1.635151
1,1.416496
0,1.485151
0,1.485151
0,0.949269
0,1.365456
1,1.416496
0,1.337084
0,0.949269
0,1.795159
1,1.416496
0,1.365456
0,1.337084
0,1.337084
0,1.347133
1,1.732556
1,1.782556
0,1.415456
1,1.732556
1,1.732556
0,1.365456
0,1.086549
0,1.465456
1,1.732556
1,1.732556
1,1.782556
0,1.415456
1,1.782556
0,1.415456
1,1.782556
1,1.732556
0,1.415456
1,1.782556
0,0.976272
0,1.337084
0,1.502481
0,1.537084
0,0.788235
0,1.537084
0,0.838235
1,1.437084
0,1.337084
0,1.385188
0,0.788235
0,1.375662
0,1.385188
0,0.788235
0,1.485188
0,0.788235
0,1.485188
0,1.337084
0,1.485188
0,1.337084
0,0.788235
0,1.485188
0,1.337084
0,1.337084
0,1.337084
0,1.337084
0,1.485188
0,1.086549
0,1.485188
0,1.086549
0,1.385188
1,1.236549
1,1.437084
1,1.437084
0,1.337084
0,1.337084
0,0.788235
0,1.832556
0,0.788235
1,0.990211
0,0.788235
0,1.375662
0,0.788235
1,0.990211
1,1.475736
0,1.582556
0,1.582556
0,1.136549
0,1.552481
1,1.697133
1,0.990211
1,1.697133
1,1.697133
1,1.697133
0,1.582556
1,1.697133
1,0.990211
1,1.697133
1,0.990211
0,1.582556
0,1.582556
1,0.990211
1,0.990211
0,1.482556
0,1.114041
0,1.136549
0,1.314041
0,1.482556
1,0.990211
1,1.732556
1,0.990211
1,1.697133
0,1.582556
0,1.582556
0,0.838235
0,1.582556
1,1.697133
0,1.314041
1,1.697133
0,1.635151
0,1.136549
0,1.582556
1,0.859103
0,0.932711
0,1.635151
1,1.782556
0,1.482556
1,1.732556
0,1.136549
1,1.385151
0,1.482556
0,1.582556
0,1.582556
0,1.582556
1,1.732556
0,1.565456
0,1.002976
0,1.465456
1,1.697133
0,1.182711
1,1.697133
0,1.465456
1,1.697133
0,1.132711
1,1.697133
1,1.697133
1,1.697133
1,1.385151
1,1.697133
1,1.385151
0,1.335151
0,1.635151
0,1.002976
1,1.052976
0,1.482556
0,1.465456
0,1.482556
0,1.132711
0,1.482556
0,1.635151
0,1.482556
1,1.385151
0,1.132711
0,1.285151
1,1.378063
0,1.285151
0,1.465456
1,1.378063
1,1.052976
1,1.052976
1,1.052976
1,1.378063
1,1.052976
0,1.115456
0,1.314041
0,1.115456
1,1.052976
0,1.115456
1,1.052976
0,1.102976
1,1.052976
1,1.090211
0,1.565456
1,1.090211
1,1.090211
0,1.002976
0,1.465456
1,1.090211
1,1.052976
1,1.090211
0,1.565456
0,1.565456
1,1.236549
1,0.914041
1,1.236549
1,1.052976
0,1.115456
1,1.052976
0,1.115456
1,1.052976
0,1.115456
1,1.052976
1,1.236549
1,1.236549
0,1.470820
1,1.236549
0,1.247133
1,1.052976
0,1.002976
0,1.565456
1,1.236549
0,1.565456
1,1.236549
0,1.420820
1,1.216496
0,1.470820
1,1.216496
0,1.266496
1,1.732556
0,1.465456
1,1.732556
0,1.465456
0,1.565456
1,1.732556
1,1.235151
1,1.732556
1,1.235151
1,1.090211
1,1.090211
1,1.090211
0,1.240211
1,1.314659
1,1.114659
0,1.297133
1,1.114659
0,1.164659
1,1.090211
0,1.297133
1,1.235151
0,1.297133
1,1.090211
1,1.090211
0,1.478063
0,1.115456
1,1.235151
1,1.782556
1,1.090211
1,1.235151
1,1.090211
1,1.090211
0,1.240211
1,1.697133
1,1.235151
1,1.235151
1,1.235151
1,1.732556
1,1.178335
1,1.697133
0,1.528335
0,1.115456
0,1.635151
0,1.635151
0,1.115456
0,1.635151
0,1.115456
0,1.582556
0,1.115456
0,1.115456
0,1.115456
0,1.635151
1,1.385151
1,1.385151
0,1.337084
0,1.465456
1,1.697133
0,1.465456
0,1.115456
0,1.465456
0,1.115456
0,1.465456
0,1.337084
0,1.337084
0,1.565456
0,1.115456
0,1.565456
0,1.337084
0,1.337084
0,1.337084
1,1.697133
0,1.565456
0,1.337084
0,1.582556
0,1.337084
0,1.545159
0,1.237084
0,1.337084
0,1.337084
1,1.287084
0,1.115456
1,1.287084
0,1.115456
0,1.795159
0,1.582556
0,1.565456
0,1.115456
0,1.565456
0,1.115456
0,1.465456
0,1.115456
0,1.545159
0,1.115456
0,1.565456
0,1.115456
0,1.465456
0,1.115456
0,1.465456
1,1.697133
1,1.235151
1,1.697133
1,1.235151
0,1.478063
1,1.697133
1,1.235151
1,1.697133
0,1.465456
1,1.697133
1,1.235151
1,1.697133
1,1.235151
1,1.697133
1,1.697133
0,1.565456
1,1.697133
0,1.565456
1,1.697133
1,1.235151
0,1.237084
1,1.378063
1,1.235151
0,1.237084
1,1.235151
0,1.237084
1,1.235151
0,1.237084
1,1.235151
0,1.237084
0,1.240211
1,1.378063
0,1.237084
0,1.795159
0,1.237084
1,1.378063
0,1.237084
0,1.795159
0,1.297133
1,1.235151
1,1.378063
0,1.795159
0,1.237084
1,1.235151
0,1.237084
1,1.235151
0,1.237084
1,1.235151
1,1.782556
0,1.240211
1,1.130478
1,0.780478
1,1.130478
0,1.114041
1,1.030478
1,1.235151
0,1.582556
1,1.378063
1,1.235151
0,1.285151
1,1.235151
0,1.582556
1,1.235151
0,1.582556
1,1.235151
0,0.814041
0,1.565456
1,1.378063
1,1.216496
1,0.914041
0,0.876272
1,0.914041
1,1.315456
1,1.697133
1,0.914041
1,1.236549
1,0.914041
1,0.914041
1,0.914041
0,0.814041
0,1.014041
0,1.014041
0,1.014041
0,1.582556
0,0.814041
0,1.240211
0,0.814041
0,1.582556
0,1.582556
1,1.236549
0,1.582556
1,1.236549
0,1.240211
0,0.814041
0,1.240211
0,1.247133
0,1.240211
1,1.236549
0,1.582556
0,1.582556
1,1.378063
0,1.014041
1,1.378063
0,1.240211
1,1.697133
0,1.465456
1,1.697133
0,1.465456
1,1.697133
0,1.465456
1,1.697133
1,1.090211
1,1.090211
1,1.697133
1,1.090211
1,1.697133
0,1.176777
1,1.697133
1,1.090211
1,1.487084
0,0
1,5
1,4
0,1
0,3
0,6
0,3
1,0
1,5
0,2
1,6
1,1
1,2
0,3
1,5
0,2
1,6
1,4
0,3
1,5
0,2
0,2
0,2
0,2
0,2
0,3
1,5
0,2
0,2
0,1
1,5
0,4
0,4
1,1
0,1
0,2
0,5
0,2
0,4
1,6
1,1
1,6
1,1
1,6
0,1
1,6
0,2
0,1
0,2
1,4
0,2
1,4
0,2
1,4
0,5
1,4
1,1
0,3
0,3
1,1
0,3
1,1
0,3
0,3
1,6
1,1
1,1
0,3
1,1
1,4
1,4
0,3
1,4
1,0
0,5
1,1
1,2
1,2
1,2
0,1
0,5
1,7
0,3
1,3
1,1
1,3
1,3
1,3
1,1
1,5
1,5
1,0
1,7
0,3
1,3
1,8
1,8
0,3
1,3
1,0
1,3
1,3
0,5
0,0
0,3
1,0
0,0
0,3
1,7
0,6
1,3
1,3
1,3
0,5
1,7
1,3
0,2
1,7
0,2
1,3
0,6
1,3
0,6
0,4
1,6
0,5
1,3
1,2
1,3
1,1
0,6
1,6
0,1
1,4
1,1
1,4
1,1
1,4
1,1
1,4
1,4
0,5
1,7
0,4
0,1
1,1
0,1
0,3
0,0
1,1
1,1
0,1
0,4
0,1
0,3
1,8
1,8
1,2
1,2
1,8
0,3
1,8
1,1
1,6
1,6
1,6
0,8
0,2
1,1
1,4
0,8
0,2
0,5
0,2
0,4
1,8
0,4
1,0
1,8
0,4
1,8
0,4
1,8
0,4
1,3
1,0
0,1
1,8
0,7
1,3
1,0
1,7
0,1
0,4
1,7
0,1
0,4
0,4
0,1
0,3
1,7
0,4
1,6
0,5
1,6
0,5
0,1
1,1
0,1
0,1
0,1
1,0
0,1
1,1
1,1
1,0
0,1
0,4
1,6
0,1
0,1
0,1
0,1
1,1
0,1
1,1
1,4
0,1
1,4
1,4
1,1
1,2
1,1
1,1
1,1
1,6
0,3
0,1
0,7
1,8
0,7
0,2
1,0
1,6
1,1
1,1
0,4
1,3
0,4
0,2
1,1
0,3
0,3
0,3
0,4
0,3
1,6
1,2
1,6
0,4
1,6
0,4
1,4
1,2
1,4
1,2
1,2
1,4
1,2
0,3
1,6
0,4
1,4
0,4
1,7
0,3
1,6
1,2
1,6
0,8
0,0
0,2
1,7
0,8
0,0
1,1
0,3
1,6
0,3
1,6
0,5
0,1
1,3
1,3
0,5
0,4
0,7
1,6
0,7
0,1
0,1
0,1
0,5
0,1
0,3
1,7
0,5
1,7
0,5
0,1
0,1
0,1
1,3
0,3
1,3
1,7
0,5
1,3
1,0
1,3
0,5
1,7
0,5
0,1
0,4
1,2
0,1
1,1
1,6
1,2
1,6
1,6
1,7
0,5
1,4
1,4
1,6
0,4
1,7
0,7
1,7
0,4
1,6
0,5
1,2
0,3
0,7
1,6
0,5
1,3
1,3
0,4
1,6
1,2
1,2
1,2
0,1
1,2
1,3
1,2
1,2
1,2
1,6
0,6
1,6
0,6
1,1
0,6
0,3
0,5
1,5
1,1
0,2
0,3
1,3
0,8
1,7
0,4
1,3
0,3
1,6
0,3
0,1
1,4
0,4
0,3
1,1
1,4
0,3
1,7
1,1
1,7
1,1
0,4
1,7
0,7
1,7
1,0
1,4
1,0
1,4
1,6
1,0
1,4
0,7
1,7
0,3
0,1
0,3
1,8
1,0
0,3
0,3
0,3
1,0
0,2
1,3
0,3
0,2
0,1
0,3
0,3
1,7
0,7
0,3
0,6
0,3
0,1
0,2
1,0
0,2
0,4
1,7
0,8
0,2
0,2
1,3
1,7
0,8
1,8
0,7
0,3
0,7
1,3
0,7
1,7
0,8
1,7
0,3
0,3
1,3
0,2
1,3
1,6
0,4
1,3
1,4
1,3
1,4
0,2
1,0
1,4
0,0
1,0
1,6
0,3
0,3
1,0
1,0
0,1
1,7
1,4
0,2
1,7
0,2
1,8
1,0
0,2
1,0
1,7
0,1
1,7
1,7
0,4
0,3
1,0
1,8
0,4
1,8
0,4
1,3
0,1
0,7
1,3
1,3
1,3
0,3
1,5
0,5
1,8
5.601278,1920.000000
2.705379,1920.000000
2.676801,1920.000000
4.415974,1920.000000
4.767074,1920.000000
4.372426,1920.000000
2.045365,1920.000000
5.138587,1920.000000
4.749383,1920.000000
8.814256,1920.000000
2.113407,1920.000000
2.928559,1920.000000
3.885240,1920.000000
3.343620,1920.000000
3.855301,1920.000000
7.948752,1920.000000
4.798374,1920.000000
5.338633,1920.000000
1.495579,1920.000000
2.405991,1920.000000
1.948744,1920.000000
2.332505,1920.000000
2.846908,1920.000000
2.197780,1920.000000
2.437291,1920.000000
4.315270,1920.000000
4.034934,1920.000000
2.815608,1920.000000
4.063512,1920.000000
3.436158,1920.000000
7.835802,1920.000000
1.345885,1920.000000
2.527107,1920.000000
2.999324,1920.000000
2.586985,1920.000000
3.180318,1920.000000
7.241108,1920.000000
3.383085,1920.000000
3.255165,1920.000000
1.733729,1920.000000
2.399187,1920.000000
2.742122,1920.000000
2.453621,1920.000000
1.963713,1920.000000
1.990930,1920.000000
2.619645,1920.000000
2.996602,1920.000000
3.021098,1920.000000
1.899753,1920.000000
3.656617,1920.000000
3.166709,1920.000000
5.880253,1920.000000
1.136314,1920.000000
2.029034,1920.000000
2.675440,1920.000000
2.120212,1920.000000
2.686327,1920.000000
5.134505,1920.000000
3.117718,1920.000000
3.106831,1920.000000
0.808348,1920.000000
1.835793,1920.000000
1.446589,1920.000000
4.349292,1920.000000
2.842826,1920.000000
4.147885,1920.000000
7.351337,1920.000000
3.274216,1920.000000
4.275806,1920.000000
1.741894,1920.000000
5.459749,1920.000000
8.075312,1920.000000
7.177148,1920.000000
2.188254,1920.000000
4.684062,1920.000000
2.720349,1920.000000
2.951694,1920.000000
5.139948,1920.000000
6.107516,1920.000000
4.914046,1920.000000
4.451356,1920.000000
1.103653,1920.000000
1.951466,1920.000000
1.959631,1920.000000
3.664782,1920.000000
4.396922,1920.000000
2.064417,1920.000000
2.558407,1920.000000
7.332285,1920.000000
3.775011,1920.000000
3.531418,1920.000000
6.495360,1920.000000
3.984583,1920.000000
15.393989,1920.000000
2.318896,1920.000000
2.989798,1920.000000
5.154918,1920.000000
4.136998,1920.000000
3.686555,1920.000000
10.889560,1920.000000
4.856891,1920.000000
4.726248,1920.000000
1.785441,1920.000000
4.309827,1920.000000
3.644369,1920.000000
3.867549,1920.000000
3.064645,1920.000000
2.674080,1920.000000
4.081203,1920.000000
4.384674,1920.000000
4.874582,1920.000000
2.642780,1920.000000
5.051493,1920.000000
7.340450,1920.000000
8.391030,1920.000000
1.695625,1920.000000
4.617380,1920.000000
3.663421,1920.000000
2.951694,1920.000000
5.485605,1920.000000
7.775924,1920.000000
4.590163,1920.000000
4.364261,1920.000000
1.339081,1920.000000
2.482199,1920.000000
2.415517,1920.000000
2.087551,1920.000000
2.597872,1920.000000
1.499662,1920.000000
2.150150,1920.000000
3.851219,1920.000000
2.976189,1920.000000
3.229308,1920.000000
3.472901,1920.000000
2.910868,1920.000000
8.532559,1920.000000
1.189387,1920.000000
1.520075,1920.000000
3.187122,1920.000000
3.029263,1920.000000
2.968024,1920.000000
5.682929,1920.000000
3.019737,1920.000000
3.266051,1920.000000
0.996146,1920.000000
2.101160,1920.000000
2.079386,1920.000000
4.203680,1920.000000
4.528925,1920.000000
2.513499,1920.000000
3.105470,1920.000000
7.756872,1920.000000
3.719216,1920.000000
4.171020,1920.000000
7.315955,1920.000000
6.004091,1920.000000
14.497185,1920.000000
2.680884,1920.000000
4.337044,1920.000000
5.227043,1920.000000
4.660927,1920.000000
4.822869,1920.000000
10.992985,1920.000000
5.535957,1920.000000
5.243373,1920.000000
2.005900,1920.000000
4.655484,1920.000000
4.026769,1920.000000
5.936048,1920.000000
3.998191,1920.000000
4.177824,1920.000000
7.747346,1920.000000
4.210485,1920.000000
5.273312,1920.000000
3.260608,1920.000000
7.548661,1920.000000
13.505122,1920.000000
10.493551,1920.000000
3.962809,1920.000000
6.310283,1920.000000
5.284199,1920.000000
4.719444,1920.000000
7.679303,1920.000000
8.810174,1920.000000
6.903616,1920.000000
5.790437,1920.000000
1.869814,1920.000000
3.686555,1920.000000
3.772289,1920.000000
9.208904,1920.000000
8.659119,1920.000000
5.206630,1920.000000
8.872773,1920.000000
11.895231,1920.000000
8.912238,1920.000000
8.312101,1920.000000
11.712877,1920.000000
12.069421,1920.000000
27.953317,1920.000000
4.644597,1920.000000
7.241108,1920.000000
11.074636,1920.000000
10.210493,1920.000000
9.565448,1920.000000
18.338878,1920.000000
9.535509,1920.000000
9.502849,1920.000000
4.342487,1920.000000
7.115909,1920.000000
8.340679,1920.000000
2.853712,1920.000000
1.266956,1920.000000
1.517353,1920.000000
2.412795,1920.000000
1.956909,1920.000000
1.962353,1920.000000
1.000228,1920.000000
2.433208,1920.000000
3.391250,1920.000000
5.050132,1920.000000
1.237017,1920.000000
2.029034,1920.000000
1.751420,1920.000000
1.814019,1920.000000
1.992291,1920.000000
3.249721,1920.000000
2.423682,1920.000000
2.440013,1920.000000
1.031528,1920.000000
2.005900,1920.000000
1.599004,1920.000000
3.153100,1920.000000
2.740761,1920.000000
1.778637,1920.000000
2.935364,1920.000000
4.249949,1920.000000
3.441602,1920.000000
2.826495,1920.000000
5.221600,1920.000000
4.538451,1920.000000
8.440021,1920.000000
1.815380,1920.000000
2.876847,1920.000000
3.949200,1920.000000
2.909507,1920.000000
3.226587,1920.000000
6.880482,1920.000000
3.879797,1920.000000
4.984811,1920.000000
1.510549,1920.000000
2.561129,1920.000000
2.631893,1920.000000
4.907242,1920.000000
3.022458,1920.000000
2.461786,1920.000000
4.187350,1920.000000
4.665010,1920.000000
5.006585,1920.000000
2.808804,1920.000000
3.357229,1920.000000
4.726248,1920.000000
9.824010,1920.000000
2.200502,1920.000000
3.051036,1920.000000
5.164444,1920.000000
3.837610,1920.000000
5.007945,1920.000000
8.825143,1920.000000
4.361539,1920.000000
4.660927,1920.000000
1.839876,1920.000000
2.493086,1920.000000
2.753009,1920.000000
3.502840,1920.000000
2.162398,1920.000000
2.912229,1920.000000
4.437747,1920.000000
2.687688,1920.000000
3.223865,1920.000000
2.456343,1920.000000
4.568389,1920.000000
6.289871,1920.000000
7.624869,1920.000000
2.361083,1920.000000
3.683834,1920.000000
3.534140,1920.000000
3.970974,1920.000000
5.160361,1920.000000
5.760498,1920.000000
4.365622,1920.000000
3.800867,1920.000000
1.362216,1920.000000
1.879340,1920.000000
2.410074,1920.000000
4.147885,1920.000000
3.238834,1920.000000
2.901342,1920.000000
5.265147,1920.000000
3.559996,1920.000000
4.456799,1920.000000
2.822413,1920.000000
5.797241,1920.000000
9.512375,1920.000000
8.491734,1920.000000
2.442734,1920.000000
5.677486,1920.000000
3.777733,1920.000000
3.683834,1920.000000
7.664334,1920.000000
7.943309,1920.000000
4.802456,1920.000000
4.539811,1920.000000
1.731007,1920.000000
2.925838,1920.000000
3.029263,1920.000000
7.577239,1920.000000
6.674992,1920.000000
4.456799,1920.000000
6.051721,1920.000000
9.890692,1920.000000
7.648004,1920.000000
6.189167,1920.000000
8.457712,1920.000000
9.083705,1920.000000
19.746002,1920.000000
3.408941,1920.000000
5.727838,1920.000000
8.572024,1920.000000
6.677714,1920.000000
7.950113,1920.000000
19.071018,1920.000000
10.371074,1920.000000
9.193935,1920.000000
3.697442,1920.000000
5.742807,1920.000000
6.146981,1920.000000
4.783404,1920.000000
3.883879,1920.000000
3.110914,1920.000000
4.979367,1920.000000
4.935820,1920.000000
5.315499,1920.000000
2.842826,1920.000000
5.956461,1920.000000
5.527792,1920.000000
10.791578,1920.000000
2.162398,1920.000000
3.803589,1920.000000
4.558863,1920.000000
3.829445,1920.000000
4.581998,1920.000000
9.482436,1920.000000
5.983678,1920.000000
6.474947,1920.000000
1.873897,1920.000000
3.052397,1920.000000
3.294629,1920.000000
5.031080,1920.000000
3.570883,1920.000000
2.800639,1920.000000
4.166937,1920.000000
6.292592,1920.000000
4.405087,1920.000000
2.890455,1920.000000
6.462699,1920.000000
5.854397,1920.000000
11.409406,1920.000000
2.162398,1920.000000
3.479706,1920.000000
4.606493,1920.000000
4.203680,1920.000000
3.819919,1920.000000
8.140633,1920.000000
5.780911,1920.000000
5.382180,1920.000000
1.682016,1920.000000
3.128605,1920.000000
3.075532,1920.000000
1.358133,1920.000000
0.944433,1920.000000
1.107736,1920.000000
1.675212,1920.000000
1.298255,1920.000000
1.562261,1920.000000
0.955320,1920.000000
2.239967,1920.000000
3.090501,1920.000000
3.666143,1920.000000
0.752553,1920.000000
1.597643,1920.000000
1.888866,1920.000000
1.907918,1920.000000
2.459064,1920.000000
2.811526,1920.000000
1.924249,1920.000000
1.533683,1920.000000
0.846452,1920.000000
0.843730,1920.000000
1.090045,1920.000000
1.882062,1920.000000
2.461786,1920.000000
1.831710,1920.000000
2.167842,1920.000000
4.511233,1920.000000
2.716266,1920.000000
2.218193,1920.000000
4.022687,1920.000000
2.972107,1920.000000
7.109105,1920.000000
1.488775,1920.000000
2.166481,1920.000000
2.512138,1920.000000
2.253575,1920.000000
2.864599,1920.000000
5.699260,1920.000000
3.368115,1920.000000
3.649812,1920.000000
1.126788,1920.000000
2.231802,1920.000000
2.272627,1920.000000
2.363805,1920.000000
2.061695,1920.000000
1.657521,1920.000000
3.158544,1920.000000
2.844186,1920.000000
2.430487,1920.000000
1.835793,1920.000000
3.732825,1920.000000
5.291003,1920.000000
5.711507,1920.000000
1.717399,1920.000000
3.500118,1920.000000
2.773422,1920.000000
2.321618,1920.000000
4.564307,1920.000000
5.623052,1920.000000
3.351785,1920.000000
2.471312,1920.000000
1.222048,1920.000000
1.880701,1920.000000
3.668864,1920.000000
4.903921,1920.000000
3.228449,1920.000000
2.945347,1920.000000
4.032839,1920.000000
4.193444,1920.000000
4.458852,1920.000000
2.474418,1920.000000
5.003279,1920.000000
4.917531,1920.000000
8.721711,1920.000000
2.048404,1920.000000
3.125008,1920.000000
4.284636,1920.000000
3.594575,1920.000000
4.030116,1920.000000
8.034373,1920.000000
4.266942,1920.000000
4.716094,1920.000000
1.622391,1920.000000
2.383227,1920.000000
2.375060,1920.000000
2.894987,1920.000000
2.873210,1920.000000
2.326062,1920.000000
2.998428,1920.000000
3.772875,1920.000000
2.942625,1920.000000
3.191700,1920.000000
3.801457,1920.000000
4.205694,1920.000000
7.683218,1920.000000
1.378760,1920.000000
2.327423,1920.000000
3.661268,1920.000000
2.749353,1920.000000
3.321001,1920.000000
6.863856,1920.000000
3.329167,1920.000000
3.259753,1920.000000
1.430480,1920.000000
2.207649,1920.000000
2.493473,1920.000000
2.381865,1920.000000
1.978990,1920.000000
1.977629,1920.000000
3.104592,1920.000000
3.041983,1920.000000
2.351922,1920.000000
2.124624,1920.000000
3.412192,1920.000000
3.500662,1920.000000
5.309518,1920.000000
1.131046,1920.000000
2.283869,1920.000000
2.562887,1920.000000
2.426781,1920.000000
2.984818,1920.000000
4.535072,1920.000000
2.698994,1920.000000
2.994345,1920.000000
0.915997,1920.000000
2.520694,1920.000000
1.514866,1920.000000
4.378549,1920.000000
2.892265,1920.000000
2.824212,1920.000000
4.873977,1920.000000
3.971591,1920.000000
4.507851,1920.000000
2.343756,1920.000000
5.105359,1920.000000
6.643363,1920.000000
8.984397,1920.000000
2.157290,1920.000000
3.650379,1920.000000
3.759264,1920.000000
3.791930,1920.000000
4.683428,1920.000000
7.351117,1920.000000
4.343162,1920.000000
4.437075,1920.000000
1.434564,1920.000000
2.409087,1920.000000
2.332867,1920.000000
3.945730,1920.000000
4.068226,1920.000000
3.369999,1920.000000
4.079115,1920.000000
6.704611,1920.000000
4.962447,1920.000000
3.163117,1920.000000
6.132963,1920.000000
5.613036,1920.000000
12.561278,1920.000000
2.052488,1920.000000
4.420742,1920.000000
4.367661,1920.000000
3.714349,1920.000000
4.560932,1920.000000
8.616909,1920.000000
5.402071,1920.000000
5.282297,1920.000000
1.838800,1920.000000
3.567354,1920.000000
3.273364,1920.000000
4.321385,1920.000000
3.481607,1920.000000
3.160395,1920.000000
4.060060,1920.000000
4.068226,1920.000000
4.782786,1920.000000
2.975290,1920.000000
5.103997,1920.000000
5.621203,1920.000000
9.003452,1920.000000
1.803412,1920.000000
3.470718,1920.000000
4.028755,1920.000000
3.657184,1920.000000
4.939309,1920.000000
7.261287,1920.000000
4.875338,1920.000000
4.201611,1920.000000
1.555698,1920.000000
2.384588,1920.000000
3.006595,1920.000000
2.494834,1920.000000
2.684022,1920.000000
1.680917,1920.000000
2.811962,1920.000000
3.481607,1920.000000
3.292419,1920.000000
2.689466,1920.000000
3.214838,1920.000000
3.711627,1920.000000
6.760415,1920.000000
1.343372,1920.000000
2.426781,1920.000000
2.877294,1920.000000
2.719410,1920.000000
3.361833,1920.000000
5.408876,1920.000000
3.029733,1920.000000
2.907237,1920.000000
1.113352,1920.000000
2.233509,1920.000000
2.098764,1920.000000
4.432992,1920.000000
3.338695,1920.000000
3.012039,1920.000000
4.924337,1920.000000
6.273153,1920.000000
4.635791,1920.000000
4.008339,1920.000000
7.084349,1920.000000
7.849268,1920.000000
12.663358,1920.000000
3.082814,1920.000000
4.349967,1920.000000
4.767814,1920.000000
4.016506,1920.000000
5.400710,1920.000000
10.066444,1920.000000
6.444648,1920.000000
5.949219,1920.000000
2.004850,1920.000000
4.151251,1920.000000
3.540133,1920.000000
5.297269,1920.000000
3.627241,1920.000000
3.432608,1920.000000
6.331679,1920.000000
6.312624,1920.000000
4.816813,1920.000000
3.726599,1920.000000
7.562083,1920.000000
13.034929,1920.000000
13.232284,1920.000000
3.104592,1920.000000
5.297269,1920.000000
4.638513,1920.000000
5.287741,1920.000000
6.422870,1920.000000
9.920810,1920.000000
5.720560,1920.000000
6.591643,1920.000000
2.170900,1920.000000
4.243804,1920.000000
4.094087,1920.000000
9.332830,1920.000000
7.372895,1920.000000
5.681089,1920.000000
9.091921,1920.000000
11.962409,1920.000000
8.818347,1920.000000
6.738638,1920.000000
13.081205,1920.000000
13.255422,1920.000000
24.917035,1920.000000
4.869894,1920.000000
9.285192,1920.000000
10.048750,1920.000000
8.318835,1920.000000
9.995669,1920.000000
19.759956,1920.000000
11.170269,1920.000000
10.864029,1920.000000
3.831401,1920.000000
7.201400,1920.000000
7.133347,1920.000000
1.878271,1920.000000
1.054826,1920.000000
1.141934,1920.000000
2.210371,1920.000000
2.486668,1920.000000
1.678194,1920.000000
1.105186,1920.000000
2.605080,1920.000000
3.088259,1920.000000
5.229216,1920.000000
1.371955,1920.000000
2.008933,1920.000000
2.268897,1920.000000
1.939519,1920.000000
2.728937,1920.000000
4.023311,1920.000000
2.535666,1920.000000
2.575137,1920.000000
0.695505,1920.000000
1.407342,1920.000000
1.391009,1920.000000
3.316918,1920.000000
2.726215,1920.000000
2.434947,1920.000000
3.804179,1920.000000
4.118586,1920.000000
3.357750,1920.000000
2.535666,1920.000000
5.091748,1920.000000
5.026417,1920.000000
8.253504,1920.000000
1.729915,1920.000000
3.325084,1920.000000
2.976651,1920.000000
3.277447,1920.000000
3.885843,1920.000000
6.659696,1920.000000
4.223388,1920.000000
3.775597,1920.000000
1.254903,1920.000000
2.311090,1920.000000
2.466252,1920.000000
4.202972,1920.000000
3.442136,1920.000000
2.179067,1920.000000
3.883121,1920.000000
3.926675,1920.000000
4.168945,1920.000000
2.963041,1920.000000
4.725621,1920.000000
4.946114,1920.000000
10.410794,1920.000000
2.022544,1920.000000
3.033816,1920.000000
5.772281,1920.000000
3.228449,1920.000000
4.714733,1920.000000
8.395055,1920.000000
4.901199,1920.000000
4.737871,1920.000000
1.501256,1920.000000
3.039260,1920.000000
2.975290,1920.000000
3.703461,1920.000000
2.737104,1920.000000
2.025266,1920.000000
3.819151,1920.000000
3.970230,1920.000000
3.651740,1920.000000
2.425420,1920.000000
4.133557,1920.000000
5.157079,1920.000000
8.845568,1920.000000
1.772108,1920.000000
2.957596,1920.000000
4.100892,1920.000000
3.733404,1920.000000
4.155334,1920.000000
7.008129,1920.000000
3.655823,1920.000000
3.805541,1920.000000
1.622391,1920.000000
2.290674,1920.000000
2.583303,1920.000000
4.518739,1920.000000
3.568715,1920.000000
2.538388,1920.000000
4.398965,1920.000000
5.079498,1920.000000
4.434353,1920.000000
3.508828,1920.000000
4.984224,1920.000000
7.171457,1920.000000
9.918088,1920.000000
2.123263,1920.000000
3.621797,1920.000000
4.820896,1920.000000
4.509212,1920.000000
5.893416,1920.000000
8.611465,1920.000000
5.219688,1920.000000
4.957002,1920.000000
2.026627,1920.000000
2.933097,1920.000000
3.583687,1920.000000
7.936376,1920.000000
7.307563,1920.000000
4.859006,1920.000000
7.051683,1920.000000
9.267498,1920.000000
7.978569,1920.000000
5.456514,1920.000000
9.558767,1920.000000
9.524740,1920.000000
20.410546,1920.000000
3.865427,1920.000000
6.292208,1920.000000
7.764882,1920.000000
6.535839,1920.000000
8.469914,1920.000000
17.516919,1920.000000
9.259332,1920.000000
8.498496,1920.000000
3.563271,1920.000000
5.129858,1920.000000
6.089409,1920.000000
4.524183,1920.000000
3.112758,1920.000000
3.184894,1920.000000
4.839951,1920.000000
4.929781,1920.000000
4.762370,1920.000000
2.848711,1920.000000
5.994135,1920.000000
6.432398,1920.000000
10.801420,1920.000000
3.199866,1920.000000
3.727960,1920.000000
4.362217,1920.000000
3.978396,1920.000000
5.191106,1920.000000
9.364134,1920.000000
6.339845,1920.000000
5.864833,1920.000000
1.747609,1920.000000
2.686744,1920.000000
3.329167,1920.000000
4.333634,1920.000000
3.182172,1920.000000
2.719410,1920.000000
4.389438,1920.000000
5.358517,1920.000000
4.614014,1920.000000
2.893626,1920.000000
6.658335,1920.000000
6.411982,1920.000000
11.189324,1920.000000
2.543832,1920.000000
4.359494,1920.000000
4.800480,1920.000000
3.789208,1920.000000
4.453408,1920.000000
8.354223,1920.000000
5.226493,1920.000000
5.638896,1920.000000
1.547532,1920.000000
3.100508,1920.000000
2.788824,1920.000000
1.354261,1920.000000
1.347455,1920.000000
0.895581,1920.000000
1.260347,1920.000000
1.802051,1920.000000
1.616946,1920.000000
1.189572,1920.000000
1.992601,1920.000000
2.267536,1920.000000
3.815068,1920.000000
0.895581,1920.000000
1.425036,1920.000000
1.683639,1920.000000
1.599253,1920.000000
2.219899,1920.000000
3.451663,1920.000000
1.818384,1920.000000
1.433202,1920.000000
0.903748,1920.000000
1.174600,1920.000000
1.411425,1920.000000
2.670411,1920.000000
2.941264,1920.000000
1.814301,1920.000000
2.418614,1920.000000
3.816429,1920.000000
2.877294,1920.000000
2.123263,1920.000000
3.586409,1920.000000
3.825957,1920.000000
6.769942,1920.000000
1.105186,1920.000000
2.658162,1920.000000
2.360088,1920.000000
2.508445,1920.000000
3.105953,1920.000000
4.931142,1920.000000
3.176728,1920.000000
3.198505,1920.000000
1.163711,1920.000000
2.381865,1920.000000
2.096042,1920.000000
2.281147,1920.000000
2.618691,1920.000000
1.448174,1920.000000
2.388671,1920.000000
3.167201,1920.000000
2.448558,1920.000000
2.074265,1920.000000
3.579604,1920.000000
3.902176,1920.000000
7.293953,1920.000000
1.445452,1920.000000
2.835100,1920.000000
2.835100,1920.000000
2.726215,1920.000000
3.484329,1920.000000
6.196933,1920.000000
3.495217,1920.000000
2.579220,1920.000000
1.407342,1920.000000
2.040238,1920.000000
3.932120,1920.000000
4.489817,1920.000000
2.823493,1920.000000
2.698247,1920.000000
3.517795,1920.000000
4.282888,1920.000000
4.029672,1920.000000
2.412358,1920.000000
4.587836,1920.000000
5.983247,1920.000000
8.972828,1920.000000
1.884144,1920.000000
3.176090,1920.000000
4.163087,1920.000000
3.481038,1920.000000
5.174589,1920.000000
7.565165,1920.000000
5.355652,1920.000000
4.329175,1920.000000
1.493429,1920.000000
2.602950,1920.000000
2.347012,1920.000000
3.076709,1920.000000
3.436112,1920.000000
1.669047,1920.000000
2.340205,1920.000000
3.472870,1920.000000
3.113466,1920.000000
3.045398,1920.000000
3.830911,1920.000000
3.626705,1920.000000
8.568499,1920.000000
1.279693,1920.000000
3.116189,1920.000000
3.238713,1920.000000
3.177451,1920.000000
3.227822,1920.000000
6.382130,1920.000000
3.722001,1920.000000
3.129803,1920.000000
1.317812,1920.000000
2.180924,1920.000000
2.766316,1920.000000
2.886117,1920.000000
1.806546,1920.000000
2.182285,1920.000000
3.159753,1920.000000
2.860251,1920.000000
2.811241,1920.000000
1.663601,1920.000000
3.294529,1920.000000
3.772372,1920.000000
6.060845,1920.000000
1.144917,1920.000000
2.405551,1920.000000
2.330675,1920.000000
2.214958,1920.000000
2.540327,1920.000000
4.180785,1920.000000
2.928319,1920.000000
3.290445,1920.000000
0.901231,1920.000000
1.929069,1920.000000
1.395410,1920.000000
3.937099,1920.000000
2.615203,1920.000000
3.030422,1920.000000
5.110605,1920.000000
3.878560,1920.000000
4.361848,1920.000000
2.646515,1920.000000
4.304670,1920.000000
7.212569,1920.000000
9.359459,1920.000000
1.718056,1920.000000
3.547745,1920.000000
3.747868,1920.000000
4.108632,1920.000000
4.884616,1920.000000
7.103659,1920.000000
4.500708,1920.000000
4.340066,1920.000000
1.272886,1920.000000
2.747256,1920.000000
2.460006,1920.000000
4.315561,1920.000000
4.530659,1920.000000
3.099853,1920.000000
3.991554,1920.000000
6.657128,1920.000000
4.198483,1920.000000
3.384380,1920.000000
6.241908,1920.000000
5.610230,1920.000000
12.445697,1920.000000
2.163226,1920.000000
3.726086,1920.000000
4.293779,1920.000000
3.438835,1920.000000
4.544272,1920.000000
9.416636,1920.000000
4.839691,1920.000000
5.649710,1920.000000
1.869169,1920.000000
3.547745,1920.000000
3.730170,1920.000000
4.331898,1920.000000
3.072625,1920.000000
2.741811,1920.000000
4.541550,1920.000000
4.236601,1920.000000
5.332509,1920.000000
2.668297,1920.000000
5.091545,1920.000000
5.219515,1920.000000
8.768621,1920.000000
1.897758,1920.000000
3.071264,1920.000000
4.195760,1920.000000
3.712472,1920.000000
4.491179,1920.000000
7.993999,1920.000000
4.419026,1920.000000
4.816548,1920.000000
1.543800,1920.000000
2.699608,1920.000000
2.929681,1920.000000
2.720029,1920.000000
2.754063,1920.000000
2.063846,1920.000000
3.015447,1920.000000
3.186981,1920.000000
3.327202,1920.000000
2.219043,1920.000000
3.738338,1920.000000
3.388464,1920.000000
6.406634,1920.000000
1.467563,1920.000000
2.529436,1920.000000
2.958270,1920.000000
2.559386,1920.000000
3.170644,1920.000000
5.012586,1920.000000
3.163837,1920.000000
3.471508,1920.000000
1.007418,1920.000000
2.091073,1920.000000
2.093796,1920.000000
4.515683,1920.000000
3.528686,1920.000000
3.211485,1920.000000
4.257022,1920.000000
7.119995,1920.000000
5.042536,1920.000000
3.176090,1920.000000
7.232990,1920.000000
6.960714,1920.000000
13.414997,1920.000000
3.136610,1920.000000
4.876448,1920.000000
4.819270,1920.000000
3.576334,1920.000000
5.253549,1920.000000
9.884950,1920.000000
6.455644,1920.000000
6.105770,1920.000000
1.960381,1920.000000
3.999722,1920.000000
3.468785,1920.000000
5.219515,1920.000000
3.640319,1920.000000
3.551829,1920.000000
7.149946,1920.000000
5.713694,1920.000000
5.084739,1920.000000
4.107271,1920.000000
7.072347,1920.000000
13.033812,1920.000000
12.026394,1920.000000
3.114828,1920.000000
5.079293,1920.000000
5.075209,1920.000000
5.461840,1920.000000
6.955269,1920.000000
11.164643,1920.000000
6.399828,1920.000000
5.745006,1920.000000
1.904565,1920.000000
3.321757,1920.000000
3.941183,1920.000000
9.292751,1920.000000
8.011696,1920.000000
5.629289,1920.000000
8.734587,1920.000000
11.594838,1920.000000
8.218626,1920.000000
7.388186,1920.000000
13.007946,1920.000000
11.875281,1920.000000
26.403883,1920.000000
5.894757,1920.000000
8.093379,1920.000000
10.557469,1920.000000
8.218626,1920.000000
9.609952,1920.000000
19.350595,1920.000000
11.055733,1920.000000
11.628872,1920.000000
4.069152,1920.000000
7.028783,1920.000000
7.070986,1920.000000
2.168672,1920.000000
1.214347,1920.000000
1.694913,1920.000000
1.760259,1920.000000
2.811241,1920.000000
1.758898,1920.000000
1.296030,1920.000000
2.895646,1920.000000
3.148862,1920.000000
5.435974,1920.000000
1.473009,1920.000000
2.066568,1920.000000
1.587364,1920.000000
1.659517,1920.000000
2.214958,1920.000000
3.934376,1920.000000
2.416442,1920.000000
2.445031,1920.000000
0.786875,1920.000000
1.291946,1920.000000
1.372267,1920.000000
3.188342,1920.000000
2.340205,1920.000000
2.374239,1920.000000
3.644403,1920.000000
4.152196,1920.000000
3.065818,1920.000000
2.283027,1920.000000
5.453671,1920.000000
5.538077,1920.000000
7.499819,1920.000000
1.821521,1920.000000
4.314200,1920.000000
2.868419,1920.000000
3.008640,1920.000000
3.707026,1920.000000
7.000194,1920.000000
3.719279,1920.000000
4.139944,1920.000000
1.389965,1920.000000
2.443670,1920.000000
2.594782,1920.000000
4.247492,1920.000000
3.918040,1920.000000
2.417803,1920.000000
3.845887,1920.000000
4.560609,1920.000000
3.885366,1920.000000
3.154308,1920.000000
4.375462,1920.000000
5.163698,1920.000000
10.448559,1920.000000
1.916817,1920.000000
3.506904,1920.000000
5.344761,1920.000000
3.557275,1920.000000
4.645014,1920.000000
8.048454,1920.000000
4.571500,1920.000000
4.145389,1920.000000
1.583280,1920.000000
3.208763,1920.000000
2.623371,1920.000000
3.342178,1920.000000
2.590698,1920.000000
2.189092,1920.000000
4.130414,1920.000000
4.242047,1920.000000
3.565443,1920.000000
2.386492,1920.000000
3.870391,1920.000000
5.885228,1920.000000
8.298947,1920.000000
1.979440,1920.000000
3.402078,1920.000000
3.559998,1920.000000
3.923485,1920.000000
4.344150,1920.000000
6.555024,1920.000000
4.073236,1920.000000
3.577696,1920.000000
1.285139,1920.000000
2.168672,1920.000000
2.784013,1920.000000
4.960853,1920.000000
3.363960,1920.000000
2.499486,1920.000000
4.800211,1920.000000
4.615064,1920.000000
5.072486,1920.000000
2.977329,1920.000000
5.034368,1920.000000
6.930764,1920.000000
9.558219,1920.000000
2.368794,1920.000000
3.497374,1920.000000
4.598727,1920.000000
4.909121,1920.000000
6.668019,1920.000000
8.742755,1920.000000
5.098352,1920.000000
4.333259,1920.000000
2.145528,1920.000000
2.669658,1920.000000
3.594032,1920.000000
7.170366,1920.000000
6.422971,1920.000000
5.283499,1920.000000
7.488928,1920.000000
8.477287,1920.000000
8.056622,1920.000000
5.814436,1920.000000
9.957102,1920.000000
10.142250,1920.000000
19.539827,1920.000000
3.430667,1920.000000
6.514183,1920.000000
8.563054,1920.000000
7.072347,1920.000000
8.343872,1920.000000
17.123385,1920.000000
9.167505,1920.000000
8.320729,1920.000000
3.671630,1920.000000
5.694635,1920.000000
6.094879,1920.000000
4.306032,1920.000000
3.181535,1920.000000
2.720029,1920.000000
4.421749,1920.000000
5.513572,1920.000000
4.596005,1920.000000
3.037229,1920.000000
6.014558,1920.000000
7.237074,1920.000000
10.993109,1920.000000
2.455922,1920.000000
3.992915,1920.000000
4.557886,1920.000000
4.145389,1920.000000
5.043897,1920.000000
9.475175,1920.000000
5.990053,1920.000000
4.963576,1920.000000
1.866446,1920.000000
3.561359,1920.000000
3.158392,1920.000000
4.604173,1920.000000
3.771011,1920.000000
2.390576,1920.000000
4.086850,1920.000000
5.751813,1920.000000
4.350957,1920.000000
3.118912,1920.000000
5.915178,1920.000000
6.281388,1920.000000
11.515878,1920.000000
2.528075,1920.000000
3.898980,1920.000000
4.857389,1920.000000
3.551829,1920.000000
4.664073,1920.000000
8.369738,1920.000000
5.169144,1920.000000
6.254160,1920.000000
1.720779,1920.000000
2.967799,1920.000000
2.596144,1920.000000
1.434890,1920.000000
1.549246,1920.000000
0.876726,1920.000000
1.279693,1920.000000
1.794293,1920.000000
1.769789,1920.000000
1.297391,1920.000000
1.813353,1920.000000
1.978079,1920.000000
3.679799,1920.000000
0.833162,1920.000000
1.256550,1920.000000
1.620037,1920.000000
1.312366,1920.000000
1.903203,1920.000000
3.709749,1920.000000
2.103326,1920.000000
1.590087,1920.000000
1.033284,1920.000000
1.276970,1920.000000
1.451227,1920.000000
2.436863,1920.000000
2.307532,1920.000000
1.900481,1920.000000
2.939210,1920.000000
3.527325,1920.000000
2.666935,1920.000000
2.243547,1920.000000
5.357014,1920.000000
3.521879,1920.000000
6.461089,1920.000000
1.193927,1920.000000
2.347012,1920.000000
3.050843,1920.000000
2.304809,1920.000000
2.762231,1920.000000
5.133748,1920.000000
2.813964,1920.000000
3.219654,1920.000000
0.946156,1920.000000
2.386492,1920.000000
2.005307,1920.000000
2.329314,1920.000000
2.846637,1920.000000
1.447142,1920.000000
2.468174,1920.000000
3.350346,1920.000000
2.543050,1920.000000
2.149612,1920.000000
3.415692,1920.000000
4.078682,1920.000000
6.975690,1920.000000
1.297391,1920.000000
2.528075,1920.000000
2.726836,1920.000000
2.657406,1920.000000
3.595393,1920.000000
6.169755,1920.000000
3.154308,1920.000000
2.724113,1920.000000
1.523380,1920.000000
1.953574,1920.000000
4.237963,1920.000000
4.352216,1920.000000
3.093941,1920.000000
2.562851,1920.000000
3.893300,1920.000000
4.461158,1920.000000
4.436646,1920.000000
2.648642,1920.000000
4.444816,1920.000000
4.933692,1920.000000
8.895080,1920.000000
1.842474,1920.000000
3.029938,1920.000000
4.574185,1920.000000
3.755761,1920.000000
4.512905,1920.000000
8.462037,1920.000000
4.792068,1920.000000
4.345407,1920.000000
1.278702,1920.000000
2.912825,1920.000000
2.158405,1920.000000
3.054450,1920.000000
2.825672,1920.000000
1.970481,1920.000000
2.829758,1920.000000
4.168377,1920.000000
3.498386,1920.000000
2.406247,1920.000000
3.615499,1920.000000
3.698567,1920.000000
7.943203,1920.000000
1.281425,1920.000000
2.483868,1920.000000
3.226032,1920.000000
2.930528,1920.000000
3.529707,1920.000000
6.343123,1920.000000
3.396254,1920.000000
3.782996,1920.000000
1.523820,1920.000000
2.635024,1920.000000
2.584639,1920.000000
3.212415,1920.000000
1.924181,1920.000000
2.187002,1920.000000
3.181094,1920.000000
2.678601,1920.000000
2.109381,1920.000000
1.969119,1920.000000
3.070791,1920.000000
3.755761,1920.000000
6.016299,1920.000000
1.051286,1920.000000
2.433483,1920.000000
2.227855,1920.000000
2.343606,1920.000000
2.889675,1920.000000
5.193790,1920.000000
2.590086,1920.000000
2.703113,1920.000000
0.898768,1920.000000
1.783918,1920.000000
1.545609,1920.000000
4.254169,1920.000000
2.654089,1920.000000
2.880143,1920.000000
5.479761,1920.000000
3.799338,1920.000000
4.158845,1920.000000
2.671792,1920.000000
4.906456,1920.000000
7.463860,1920.000000
8.923677,1920.000000
2.264623,1920.000000
3.797976,1920.000000
3.757123,1920.000000
3.669969,1920.000000
4.473414,1920.000000
6.762548,1920.000000
4.709000,1920.000000
4.149312,1920.000000
1.349514,1920.000000
2.434844,1920.000000
2.329988,1920.000000
4.379451,1920.000000
3.844276,1920.000000
2.549233,1920.000000
3.999518,1920.000000
7.011752,1920.000000
4.289575,1920.000000
3.307739,1920.000000
6.389424,1920.000000
6.307717,1920.000000
12.182392,1920.000000
2.415780,1920.000000
4.154759,1920.000000
4.060797,1920.000000
3.766655,1920.000000
4.512905,1920.000000
9.453405,1920.000000
5.163831,1920.000000
5.071230,1920.000000
1.945969,1920.000000
3.442554,1920.000000
3.443916,1920.000000
4.681764,1920.000000
3.066705,1920.000000
2.470250,1920.000000
4.090756,1920.000000
4.673594,1920.000000
4.741682,1920.000000
2.907378,1920.000000
5.046719,1920.000000
5.012674,1920.000000
9.272290,1920.000000
1.856092,1920.000000
3.247821,1920.000000
4.495202,1920.000000
3.765293,1920.000000
4.478861,1920.000000
8.133851,1920.000000
4.037647,1920.000000
4.508820,1920.000000
1.673615,1920.000000
2.712645,1920.000000
2.919634,1920.000000
2.689495,1920.000000
2.325903,1920.000000
2.305476,1920.000000
2.586001,1920.000000
2.822949,1920.000000
2.874696,1920.000000
3.305015,1920.000000
3.224671,1920.000000
3.772102,1920.000000
6.125240,1920.000000
1.205166,1920.000000
2.520636,1920.000000
3.296845,1920.000000
2.807969,1920.000000
3.016320,1920.000000
5.511082,1920.000000
3.006788,1920.000000
3.434383,1920.000000
1.228316,1920.000000
2.185640,1920.000000
2.116190,1920.000000
4.216039,1920.000000
3.644096,1920.000000
3.021767,1920.000000
4.356301,1920.000000
6.420744,1920.000000
5.099828,1920.000000
3.537878,1920.000000
7.877838,1920.000000
7.281383,1920.000000
13.683062,1920.000000
2.681325,1920.000000
4.860156,1920.000000
4.853347,1920.000000
3.829296,1920.000000
5.301370,1920.000000
9.243693,1920.000000
6.518792,1920.000000
5.963190,1920.000000
1.989546,1920.000000
4.075777,1920.000000
3.533792,1920.000000
4.902371,1920.000000
4.816580,1920.000000
3.582816,1920.000000
6.780252,1920.000000
5.745307,1920.000000
4.984077,1920.000000
3.294121,1920.000000
6.761187,1920.000000
12.761144,1920.000000
12.073450,1920.000000
3.076238,1920.000000
5.611853,1920.000000
4.764832,1920.000000
5.610491,1920.000000
6.826552,1920.000000
9.867383,1920.000000
7.540119,1920.000000
6.038087,1920.000000
1.789365,1920.000000
3.931429,1920.000000
3.870150,1920.000000
9.243693,1920.000000
7.674934,1920.000000
6.487471,1920.000000
8.839247,1920.000000
11.436142,1920.000000
9.069386,1920.000000
7.075756,1920.000000
12.959963,1920.000000
12.654926,1920.000000
25.840942,1920.000000
5.719433,1920.000000
7.890094,1920.000000
9.766613,1920.000000
8.558723,1920.000000
10.235061,1920.000000
19.779705,1920.000000
10.606824,1920.000000
10.759343,1920.000000
3.821126,1920.000000
6.935493,1920.000000
7.397133,1920.000000
1.868348,1920.000000
1.454370,1920.000000
1.082607,1920.000000
1.996354,1920.000000
2.535615,1920.000000
1.628677,1920.000000
1.182016,1920.000000
2.997255,1920.000000
2.892399,1920.000000
5.794330,1920.000000
1.413517,1920.000000
1.665444,1920.000000
1.816601,1920.000000
1.743065,1920.000000
2.457994,1920.000000
3.940962,1920.000000
2.395353,1920.000000
2.617321,1920.000000
1.137078,1920.000000
1.314108,1920.000000
1.506117,1920.000000
3.182456,1920.000000
2.571021,1920.000000
2.088955,1920.000000
3.642734,1920.000000
3.951856,1920.000000
2.807969,1920.000000
2.756222,1920.000000
4.879221,1920.000000
5.862419,1920.000000
7.909159,1920.000000
1.744427,1920.000000
3.398977,1920.000000
3.330889,1920.000000
2.959126,1920.000000
3.433021,1920.000000
6.405765,1920.000000
3.958665,1920.000000
4.521076,1920.000000
1.450285,1920.000000
2.882867,1920.000000
2.803884,1920.000000
4.416219,1920.000000
2.995893,1920.000000
2.694942,1920.000000
4.014497,1920.000000
4.753938,1920.000000
4.164292,1920.000000
2.882867,1920.000000
4.579632,1920.000000
4.988163,1920.000000
9.996752,1920.000000
1.975928,1920.000000
2.982276,1920.000000
5.403502,1920.000000
3.593710,1920.000000
4.495202,1920.000000
8.787500,1920.000000
4.862880,1920.000000
4.740320,1920.000000
1.798898,1920.000000
2.158405,1920.000000
2.893761,1920.000000
3.709461,1920.000000
2.824310,1920.000000
2.297306,1920.000000
3.965473,1920.000000
3.759846,1920.000000
3.528345,1920.000000
2.613236,1920.000000
4.322257,1920.000000
5.494741,1920.000000
8.611832,1920.000000
1.738980,1920.000000
3.099388,1920.000000
3.740781,1920.000000
3.797976,1920.000000
3.897385,1920.000000
6.748931,1920.000000
3.902832,1920.000000
3.627755,1920.000000
1.416241,1920.000000
2.271432,1920.000000
2.791628,1920.000000
4.301831,1920.000000
3.349954,1920.000000
2.566936,1920.000000
4.568737,1920.000000
4.555120,1920.000000
4.895562,1920.000000
2.929167,1920.000000
5.358564,1920.000000
6.972261,1920.000000
10.255488,1920.000000
2.095764,1920.000000
4.282766,1920.000000
4.862880,1920.000000
4.395793,1920.000000
6.556921,1920.000000
8.969977,1920.000000
4.749853,1920.000000
4.847900,1920.000000
1.692680,1920.000000
2.925081,1920.000000
3.309100,1920.000000
7.165632,1920.000000
7.602760,1920.000000
4.688573,1920.000000
7.018561,1920.000000
9.371699,1920.000000
7.969076,1920.000000
5.696283,1920.000000
9.675374,1920.000000
10.583674,1920.000000
18.959920,1920.000000
3.891938,1920.000000
6.272311,1920.000000
8.381693,1920.000000
6.641351,1920.000000
9.063939,1920.000000
16.394346,1920.000000
9.874192,1920.000000
8.384416,1920.000000
3.318633,1920.000000
5.132510,1920.000000
6.281844,1920.000000
4.171101,1920.000000
3.253268,1920.000000
2.776648,1920.000000
4.531970,1920.000000
5.549212,1920.000000
4.265063,1920.000000
3.302292,1920.000000
6.803402,1920.000000
6.453427,1920.000000
10.809728,1920.000000
2.603704,1920.000000
4.752576,1920.000000
5.005866,1920.000000
3.829296,1920.000000
5.054889,1920.000000
9.213734,1920.000000
5.934592,1920.000000
5.067145,1920.000000
1.802983,1920.000000
2.786181,1920.000000
3.277780,1920.000000
4.459796,1920.000000
3.091217,1920.000000
3.175647,1920.000000
3.939600,1920.000000
5.848801,1920.000000
4.785259,1920.000000
2.769840,1920.000000
5.980893,1920.000000
6.227373,1920.000000
11.852844,1920.000000
2.143426,1920.000000
3.983176,1920.000000
4.142504,1920.000000
3.665884,1920.000000
4.748491,1920.000000
8.221004,1920.000000
4.884668,1920.000000
5.900548,1920.000000
2.029037,1920.000000
3.618222,1920.000000
2.907378,1920.000000
1.551056,1920.000000
1.481605,1920.000000
0.894683,1920.000000
1.390367,1920.000000
1.918734,1920.000000
1.860177,1920.000000
1.098948,1920.000000
1.790727,1920.000000
2.109381,1920.000000
4.403963,1920.000000
0.678161,1920.000000
1.459817,1920.000000
1.745789,1920.000000
1.271893,1920.000000
1.778471,1920.000000
3.570560,1920.000000
1.700850,1920.000000
1.616421,1920.000000
0.751697,1920.000000
1.070351,1920.000000
1.421688,1920.000000
2.614598,1920.000000
2.701751,1920.000000
1.741703,1920.000000
2.607789,1920.000000
3.330889,1920.000000
2.594171,1920.000000
2.084869,1920.000000
4.417581,1920.000000
3.665884,1920.000000
6.486109,1920.000000
1.940522,1920.000000
2.742604,1920.000000
2.413056,1920.000000
2.365394,1920.000000
2.727625,1920.000000
4.817941,1920.000000
3.099388,1920.000000
3.605966,1920.000000
0.998177,1920.000000
2.507018,1920.000000
2.061719,1920.000000
2.327264,1920.000000
2.592810,1920.000000
1.606888,1920.000000
2.885590,1920.000000
3.255991,1920.000000
2.805246,1920.000000
2.038569,1920.000000
3.445277,1920.000000
4.195613,1920.000000
6.772081,1920.000000
1.386282,1920.000000
2.447100,1920.000000
2.613236,1920.000000
2.696304,1920.000000
3.608690,1920.000000
6.306356,1920.000000
3.359486,1920.000000
2.588724,1920.000000
1.293681,1920.000000
2.188364,1920.000000
3.757123,1920.000000
85.343191,1920.000000
69.709594,1920.000000
55.742910,1920.000000
86.860422,1920.000000
101.692540,1920.000000
87.750349,1920.000000
62.345244,1920.000000
112.006985,1920.000000
124.970801,1920.000000
212.722510,1920.000000
45.421661,1920.000000
76.548698,1920.000000
89.154637,1920.000000
78.148934,1920.000000
98.403620,1920.000000
172.326080,1920.000000
101.221722,1920.000000
98.346468,1920.000000
35.550818,1920.000000
61.528797,1920.000000
64.204021,1920.000000
