3,3,19,3,3,0.600785
2,20,0,0,3,0.654290
3,11,2,2,0,0.516164
0,3,1,2,0,0.354238
3,18,20,3,3,0.327031
0,0,1,3,3,0.287433
3,4,8,2,3,0.229733
0,2,0,2,3,0.191707
0,2,2,3,3,0.172571
0,3,0,2,3,0.163182
0,0,2,0,3,0.149692
2,1,1,2,3,0.139355
0,2,1,2,3,0.127112
0,2,3,3,3,0.121106
0,3,1,2,3,0.114208
2,17,3,0,3,0.133879
3,3,19,1,2,0.121521
2,3,3,0,2,0.140167
0,0,1,1,2,0.104623
2,12,1,3,2,0.113688
3,11,2,2,3,0.117855
2,14,3,3,3,0.117683
0,0,2,2,3,0.103278
0,0,3,3,3,0.101150
2,10,1,3,3,0.092044
2,18,1,3,3,0.083286
3,3,19,3,2,0.097438
0,1,1,3,2,0.092143
0,2,1,3,2,0.080016
3,3,19,3,2,0.083933
2,18,3,2,2,0.089728
0,3,0,3,2,0.070932
0,0,1,3,2,0.076893
0,0,0,2,2,0.075665
0,2,0,2,2,0.073977
2,2,3,3,2,0.082053
2,6,3,0,2,0.083921
0,3,3,3,2,0.073551
3,2,11,3,0,0.064410
3,7,2,1,3,0.074761
0,3,2,3,3,0.059864
2,14,0,1,3,0.067014
3,18,19,2,2,0.065164
0,0,0,1,2,0.064100
3,8,6,2,1,0.056301
2,20,1,3,1,0.067510
0,3,3,2,1,0.072117
2,14,1,2,1,0.063981
0,3,1,2,1,0.055171
0,2,3,2,1,0.069298
0,3,1,2,1,0.075340
0,0,2,0,1,0.051117
0,3,2,2,1,0.057047
0,3,1,3,1,0.056000
2,13,2,3,1,0.058494
2,20,2,0,1,0.059394
2,9,2,3,1,0.057698
0,1,1,2,1,0.045655
0,1,3,0,1,0.048912
0,2,0,0,1,0.042680
3,3,8,0,1,0.041861
0,2,2,0,1,0.049586
0,3,1,3,1,0.042436
0,2,2,3,1,0.049729
0,1,0,3,1,0.046117
0,0,1,3,1,0.043112
0,2,2,3,1,0.040504
2,13,0,3,1,0.042283
3,1,1,2,2,0.041533
0,2,3,3,2,0.039133
2,7,2,1,2,0.042277
2,20,0,0,2,0.047689
2,14,2,3,2,0.044552
3,6,19,0,3,0.047972
0,3,0,3,3,0.039955
3,1,1,3,3,0.038178
0,3,0,0,3,0.038995
0,3,0,0,3,0.049072
3,2,2,1,2,0.036520
0,3,1,1,2,0.038494
3,2,11,1,0,0.044166
0,3,2,3,0,0.052353
0,2,2,3,0,0.034710
2,12,3,3,0,0.037328
0,1,3,3,0,0.034965
0,3,1,2,0,0.034695
0,3,1,2,0,0.036180
0,1,2,1,0,0.033771
3,18,10,3,2,0.033149
2,14,3,2,2,0.035155
0,3,0,0,2,0.036846
3,17,19,2,1,0.035000
2,20,1,3,1,0.034708
0,0,3,2,1,0.035584
0,0,2,0,1,0.033424
0,1,1,3,1,0.031580
3,10,8,3,3,0.029067
2,1,1,2,3,0.029481
2,3,2,0,3,0.031388
0,0,2,3,3,0.028838
0,2,1,2,3,0.028568
2,14,1,2,3,0.031481
0,3,2,0,3,0.029401
0,2,1,3,3,0.028374
0,2,3,3,3,0.027920
0,2,3,3,3,0.028405
2,0,1,2,3,0.028304
3,7,3,2,1,0.026779
0,3,1,2,1,0.027208
0,3,2,2,1,0.030627
0,0,2,0,1,0.032536
2,18,1,0,1,0.031015
0,3,1,2,1,0.027703
2,7,0,2,1,0.023416
2,20,0,2,1,0.031738
2,11,1,0,1,0.029824
0,0,0,2,1,0.029540
3,17,19,2,3,0.025476
0,0,3,3,3,0.023356
3,3,10,3,0,0.022804
3,18,10,2,2,0.031182
2,16,3,3,2,0.023573
2,17,1,3,2,0.023513
2,17,3,3,2,0.028611
0,2,2,2,2,0.027387
3,1,18,3,3,0.021594
2,1,3,1,3,0.025616
0,0,3,3,3,0.028154
0,2,1,2,3,0.024301
0,2,1,3,3,0.023289
0,1,3,1,3,0.024301
0,0,1,3,3,0.020852
0,0,1,3,3,0.022142
2,5,2,1,3,0.021356
2,13,0,1,3,0.021063
2,12,2,1,3,0.025230
2,8,0,1,3,0.021212
2,20,2,0,3,0.025346
2,7,0,1,3,0.024833
2,18,2,1,3,0.024170
2,11,0,1,3,0.021566
2,16,0,0,3,0.023121
2,1,0,1,3,0.020853
0,3,0,1,3,0.020086
3,1,1,1,2,0.022394
0,0,1,0,2,0.021365
2,15,2,1,2,0.021874
0,0,2,1,2,0.021589
0,2,3,3,2,0.019541
3,3,10,2,0,0.018930
0,0,2,0,0,0.020427
2,4,0,3,0,0.018056
3,2,2,0,3,0.018622
0,3,3,0,3,0.017864
0,2,0,2,3,0.017977
3,10,8,3,3,0.019004
0,2,1,2,3,0.018895
0,2,1,2,3,0.017942
2,17,1,2,3,0.018846
3,7,10,3,3,0.017865
3,10,18,3,3,0.017957
3,18,10,3,0,0.017080
3,10,11,1,3,0.017504
0,0,0,3,3,0.017480
2,8,0,2,3,0.018494
0,2,3,3,3,0.022351
0,1,2,3,3,0.016332
3,1,1,0,2,0.017563
3,11,10,0,3,0.019673
2,10,1,2,3,0.018548
3,3,7,0,0,0.019925
2,7,0,2,0,0.017468
0,0,0,0,0,0.021332
2,11,0,2,0,0.019011
0,3,0,0,0,0.021500
0,3,0,0,0,0.022044
0,0,1,3,0,0.016434
0,1,0,2,0,0.015063
0,2,0,2,0,0.021349
0,1,1,2,0,0.015501
2,13,2,3,0,0.018833
0,3,2,3,0,0.015037
0,0,2,0,0,0.015586
0,2,2,3,0,0.017694
0,3,3,3,0,0.014406
3,11,19,3,0,0.014927
0,3,3,3,0,0.016826
2,8,1,2,0,0.017018
2,14,1,2,0,0.014991
0,2,3,2,0,0.013969
2,17,0,1,0,0.020426
2,12,1,2,0,0.016027
2,17,1,1,0,0.015392
3,3,19,1,1,0.064058
3,17,19,0,0,0.039373
3,3,19,1,3,0.112536
3,3,19,0,2,0.094024
3,3,19,2,3,0.073001
3,19,3,0,3,0.079435
3,3,19,0,3,0.082060
3,3,19,3,3,0.079823
3,3,19,2,1,0.045156
3,3,19,1,3,0.039617
3,3,2,2,1,0.038505
3,4,19,1,1,0.029653
2,6,0,1,1,0.032954
3,3,19,2,2,0.025427
3,3,19,0,3,0.035475
3,3,19,2,2,0.031629
3,3,19,0,3,0.028229
3,3,7,2,0,0.029028
2,4,2,0,0,0.022113
3,3,19,2,1,0.020107
2,18,2,0,1,0.020838
3,7,2,1,2,0.017436
3,3,10,2,0,0.017149
0,3,0,1,0,0.021175
0,3,2,2,0,0.017511
2,15,0,3,0,0.017937
2,5,0,1,0,0.015153
2,18,0,1,0,0.017750
0,1,0,3,0,0.018055
2,3,0,1,0,0.018959
3,3,19,2,3,0.028221
3,7,19,1,3,0.025630
0,3,0,1,3,0.015651
0,0,2,0,3,0.014027
2,19,1,1,3,0.017439
3,19,7,3,2,0.019039
3,16,16,1,2,0.012973
2,3,1,3,2,0.014830
2,18,1,2,2,0.021121
2,3,1,1,2,0.018769
2,20,1,2,2,0.018709
2,9,1,1,2,0.018119
0,3,1,2,2,0.017692
2,19,1,1,2,0.015291
0,3,3,1,2,0.017092
0,3,3,1,2,0.012911
0,2,1,1,2,0.014456
2,6,2,3,2,0.017622
2,17,2,3,2,0.013736
2,16,1,2,2,0.016428
2,1,2,3,2,0.016154
2,18,2,3,2,0.017366
0,3,2,3,2,0.014745
0,3,1,2,2,0.016388
0,0,2,2,2,0.013430
0,3,1,2,2,0.015486
0,2,2,0,2,0.016177
0,0,1,3,2,0.013136
0,0,3,3,2,0.014340
0,0,3,3,2,0.013178
0,1,3,0,2,0.014414
0,2,2,3,2,0.017788
0,0,3,0,2,0.013338
0,2,2,3,2,0.011963
0,0,2,3,2,0.017384
2,8,0,2,2,0.014100
2,1,1,2,2,0.014480
2,1,0,2,2,0.015305
0,0,3,3,2,0.011083
2,12,3,3,2,0.010955
3,3,10,3,0,0.011960
3,10,8,2,3,0.012739
3,3,19,1,3,0.022767
3,3,19,2,3,0.024712
3,3,19,2,2,0.017515
0,0,0,2,2,0.019115
2,1,0,0,2,0.012579
2,20,3,3,2,0.016170
0,1,0,2,2,0.015130
0,0,0,2,2,0.015062
3,8,8,2,1,0.013794
0,2,3,1,1,0.011201
2,1,3,0,1,0.012506
2,1,3,3,1,0.015684
2,1,3,0,1,0.013465
0,3,3,3,1,0.015379
2,18,3,0,1,0.012350
3,10,18,2,0,0.012860
3,3,10,0,0,0.013576
0,1,0,3,0,0.012719
2,14,3,3,0,0.011755
0,3,2,1,0,0.011195
0,2,1,0,0,0.011382
2,17,3,3,0,0.012693
0,3,0,0,0,0.014936
0,3,0,2,0,0.013892
2,18,1,1,0,0.015009
0,1,3,0,0,0.014130
0,1,1,1,0,0.014161
0,2,0,1,0,0.011048
0,1,3,1,0,0.010788
0,1,1,1,0,0.010675
2,16,1,2,0,0.013350
3,2,2,3,1,0.013566
0,2,1,2,1,0.012705
0,2,1,2,1,0.013613
0,2,1,3,1,0.012115
3,8,8,3,1,0.010868
2,19,3,3,1,0.010061
2,20,0,2,1,0.012729
0,1,0,0,1,0.013262
0,0,0,2,1,0.010968
0,3,2,3,1,0.012025
2,5,3,2,1,0.012108
0,0,2,0,1,0.011854
0,0,3,3,1,0.010820
0,3,2,2,1,0.011197
0,2,0,2,1,0.010080
2,3,2,3,1,0.009828
0,3,2,3,1,0.011173
0,0,2,2,1,0.010592
2,20,0,0,1,0.013502
0,3,2,2,1,0.012735
2,3,2,3,1,0.012068
3,3,19,3,3,0.010833
3,19,3,1,3,0.014761
3,3,19,3,1,0.015133
3,19,3,3,3,0.012902
2,3,0,1,3,0.011314
2,18,0,0,3,0.012907
2,11,0,1,3,0.012612
0,3,0,0,3,0.012803
0,3,0,2,3,0.011869
0,0,2,3,3,0.012935
0,3,0,1,3,0.011651
0,3,0,1,3,0.013471
0,3,0,1,3,0.012286
2,11,0,1,3,0.011309
2,6,3,0,3,0.010982
3,19,3,0,3,0.010911
2,6,0,1,3,0.012583
2,11,3,0,3,0.012390
0,3,0,1,3,0.012274
0,2,3,3,3,0.011162
0,3,0,1,3,0.010743
2,16,2,1,3,0.011737
0,2,3,3,3,0.012294
2,9,1,3,3,0.010506
0,0,1,3,3,0.009012
3,19,7,3,3,0.014035
0,0,3,0,3,0.009355
0,1,0,3,3,0.012692
2,1,2,0,3,0.010543
2,1,2,1,3,0.012217
2,1,2,3,3,0.010472
2,18,0,0,3,0.011883
2,0,2,0,3,0.011814
0,2,0,0,3,0.011637
0,3,3,3,3,0.008578
0,3,3,3,3,0.008591
0,2,2,0,3,0.010897
2,17,2,1,3,0.011504
2,17,2,0,3,0.010578
0,0,0,1,3,0.009370
3,10,11,0,1,0.010301
2,9,2,3,1,0.011615
3,10,18,1,2,0.012814
2,18,2,3,2,0.010615
0,1,2,1,2,0.010826
0,1,2,1,2,0.010642
2,14,0,3,2,0.011204
0,0,0,2,2,0.008981
3,8,8,0,1,0.009427
0,2,2,3,1,0.010835
2,11,0,0,1,0.010971
2,18,2,3,1,0.008599
0,2,2,3,1,0.009599
0,2,2,0,1,0.010017
3,10,18,1,3,0.008584
3,10,7,1,3,0.010904
2,10,3,0,3,0.009818
2,18,0,0,3,0.010809
0,3,3,0,3,0.010834
0,0,0,0,3,0.010844
0,2,1,1,3,0.009814
0,2,0,3,3,0.011036
2,11,1,0,3,0.008932
2,6,2,2,3,0.011076
2,1,1,0,3,0.010759
0,0,2,2,3,0.010764
0,0,1,0,3,0.009826
0,1,0,3,3,0.010184
2,12,1,1,3,0.009293
3,18,10,2,0,0.008488
2,12,1,1,0,0.008672
0,3,3,0,0,0.008940
2,5,1,1,0,0.008409
2,7,3,0,0,0.008500
3,2,2,2,3,0.011538
3,19,3,1,3,0.008132
0,2,0,2,3,0.008507
0,1,1,1,3,0.007769
2,2,3,0,3,0.009516
0,1,1,1,3,0.012011
0,1,1,1,3,0.009824
2,16,1,0,3,0.009830
3,19,3,0,3,0.010424
2,3,1,0,3,0.010274
2,15,1,0,3,0.008683
3,3,19,2,3,0.011407
3,3,19,0,3,0.016094
3,10,11,0,3,0.011688
3,3,19,0,2,0.009400
2,20,2,0,2,0.012005
2,3,3,0,2,0.009905
2,17,1,0,2,0.010898
2,15,1,0,2,0.008906
0,2,1,2,2,0.008187
0,2,1,3,2,0.011906
2,15,1,0,2,0.009253
2,3,3,0,2,0.007912
2,8,1,0,2,0.009867
3,2,8,2,3,0.009425
0,3,1,0,3,0.009015
2,17,2,2,3,0.007782
2,18,3,2,3,0.010818
2,9,3,0,3,0.010565
0,0,3,2,3,0.010529
0,0,3,2,3,0.007798
0,0,2,0,3,0.010325
0,1,3,0,3,0.008825
2,6,2,1,3,0.010464
2,0,1,1,3,0.010214
3,19,3,1,3,0.010405
3,19,3,1,3,0.008337
0,3,1,2,3,0.010105
0,1,1,2,3,0.008669
2,18,3,3,3,0.007195
0,3,1,2,3,0.009971
0,2,1,1,3,0.009165
3,18,10,0,0,0.010489
2,9,2,2,0,0.007370
0,2,1,2,0,0.010266
0,2,1,2,0,0.007577
0,2,1,0,0,0.007572
2,17,2,0,0,0.009300
0,3,2,0,0,0.010222
0,3,0,2,0,0.008729
0,3,0,0,0,0.011004
0,3,0,2,0,0.010070
0,2,2,2,0,0.009572
0,2,2,0,0,0.008588
0,3,2,1,0,0.010001
0,1,3,0,0,0.008592
2,18,0,0,0,0.009598
2,0,2,0,0,0.009607
0,3,0,0,0,0.009631
0,3,0,2,0,0.009336
0,3,0,0,0,0.008594
0,3,0,2,0,0.009683
2,14,0,3,0,0.009324
0,0,3,3,0,0.008005
0,0,3,3,0,0.009599
0,0,3,0,0,0.008704
0,1,0,3,0,0.009649
2,1,3,2,0,0.008129
0,2,2,3,0,0.009556
0,0,3,2,0,0.008734
0,2,2,0,0,0.009014
0,2,2,0,0,0.009515
0,0,1,1,0,0.007633
0,2,2,3,0,0.008009
0,2,2,3,0,0.008726
2,12,1,3,0,0.007216
3,2,2,0,1,0.007559
0,2,2,3,1,0.007049
0,3,3,1,1,0.008881
0,0,0,0,1,0.007087
0,3,1,3,1,0.007035
2,1,2,1,1,0.008025
0,1,2,3,1,0.006877
3,1,1,1,3,0.008372
0,2,2,0,3,0.007665
0,1,2,1,3,0.008721
2,11,0,1,3,0.008043
0,2,2,0,3,0.008249
2,16,0,0,3,0.009362
2,11,2,0,3,0.009100
2,20,0,0,3,0.009461
3,3,19,0,2,0.009197
0,3,0,1,2,0.008707
0,3,0,1,2,0.009100
2,18,0,0,2,0.009652
2,0,2,0,2,0.009040
2,6,0,0,2,0.008998
0,2,2,0,2,0.008819
0,2,0,0,2,0.008821
0,1,0,2,2,0.007166
2,20,1,1,2,0.008369
2,1,3,2,2,0.008710
2,18,1,1,2,0.008646
0,1,3,2,2,0.008562
0,1,1,1,2,0.008497
0,1,1,1,2,0.008011
2,6,2,3,2,0.008765
0,2,1,1,2,0.008381
2,5,2,3,2,0.008294
1,0.500000
1,0.300000
1,0.500000
1,0.500000
1,0.400000
1,0.400000
1,0.500000
1,0.600000
1,0.500000
1,0.700000
0,0.100000
1,0.400000
1,0.400000
1,0.400000
0,0.500000
0,0.100000
1,0.100000
0,0.100000
1,0.100000
1,0.500000
0,0.300000
1,0.400000
0,0.400000
1,0.400000
1,0.600000
1,0.300000
1,0.200000
1,0.600000
1,0.300000
1,0.900000
1,0.400000
1,0.900000
0,0.400000
1,0.500000
0,0.600000
1,0.300000
0,0.100000
1,0.300000
1,0.100000
0,0.200000
1,0.100000
0,0.200000
0,0.500000
0,0.200000
0,0.500000
1,0.100000
1,0.400000
0,0.500000
0,0.500000
1,0.400000
1,0.300000
1,0.100000
1,0.200000
1,0.100000
1,0.500000
0,0.300000
1,0.500000
1,0.100000
0,0.100000
1,0.200000
0,0.300000
0,0.300000
1,0.400000
0,0.500000
1,0.500000
0,0.400000
1,0.300000
1,0.600000
1,0.300000
1,0.200000
0,0.100000
0,0.500000
1,0.500000
0,0.500000
1,0.600000
1,0.600000
0,0.500000
1,0.300000
0,0.100000
0,0.200000
0,0.100000
1,0.500000
0,0.500000
1,0.300000
1,0.300000
0,0.500000
1,0.400000
0,0.100000
0,0.600000
1,0.300000
0,0.500000
1,0.300000
0,0.600000
1,0.300000
1,0.100000
0,0.600000
1,0.200000
1,0.700000
0,0.300000
1,0.200000
1,0.700000
0,0.500000
1,0.100000
1,0.200000
0,0.400000
1,0.500000
0,0.500000
1,0.500000
0,0.500000
1,0.500000
0,0.400000
1,0.900000
1,0.200000
0,0.900000
0,0.900000
1,0.900000
0,0.900000
1,0.200000
0,0.400000
1,0.700000
1,0.100000
1,0.700000
0,0.400000
1,0.800000
1,0.100000
1,0.800000
0,0.100000
1,0.800000
1,0.200000
1,0.500000
0,0.200000
0,0.400000
1,0.700000
0,0.100000
1,0.900000
0,0.100000
1,0.900000
0,0.300000
1,0.900000
0,0.100000
1,0.900000
0,0.500000
1,0.900000
1,0.900000
0,0.100000
1,0.900000
0,0.100000
0,0.100000
0,0.400000
1,0.700000
0,0.300000
0,0.300000
0,0.200000
0,0.200000
0,0.600000
1,0.200000
1,0.700000
0,0.400000
1,0.100000
0,0.400000
1,0.600000
1,0.200000
1,0.700000
0,0.600000
1,0.900000
1,0.200000
1,0.600000
1,0.300000
0,0.800000
1,0.200000
0,0.800000
1,0.900000
0,0.800000
1,0.900000
0,0.500000
1,0.300000
0,0.400000
1,0.900000
1,0.400000
1,0.200000
1,0.200000
1,0.300000
1,0.100000
1,0.200000
0,0.300000
1,0.500000
1,0.500000
0,0.500000
1,0.100000
1,0.500000
0,0.500000
1,0.100000
1,0.800000
0,0.500000
1,0.600000
1,0.800000
1,0.600000
1,0.500000
1,0.600000
1,0.600000
1,0.300000
1,0.400000
0,0.500000
1,0.400000
0,0.500000
0,0.500000
1,0.400000
0,0.200000
1,0.400000
0,0.200000
1,0.400000
0,0.200000
1,0.400000
0,0.200000
0,0.500000
1,0.400000
0,0.500000
1,0.400000
1,0.300000
1,0.200000
1,0.900000
1,0.300000
1,0.900000
1,0.100000
1,0.900000
1,0.200000
0,0.200000
1,0.800000
0,0.900000
1,0.100000
1,0.800000
1,0.100000
1,0.800000
1,0.100000
1,0.800000
1,0.100000
1,0.800000
1,0.100000
0,0.300000
1,0.800000
0,0.600000
1,0.600000
0,0.500000
1,0.600000
0,0.600000
1,0.600000
0,0.500000
1,0.100000
1,0.700000
0,0.400000
1,0.800000
0,0.400000
1,0.200000
1,0.600000
0,0.500000
0,0.100000
1,0.700000
0,0.600000
1,0.400000
1,0.100000
0,0.600000
0,0.400000
1,0.500000
0,0.700000
1,0.100000
1,0.800000
1,0.200000
1,0.100000
1,0.200000
1,0.200000
1,0.100000
1,0.400000
0,0.800000
1,0.100000
0,0.300000
1,0.600000
1,0.100000
1,0.600000
1,0.100000
1,0.600000
1,0.100000
1,0.600000
0,0.700000
1,0.500000
1,0.100000
0,0.100000
1,0.500000
0,0.500000
0,0.100000
0,0.500000
1,0.600000
0,0.500000
1,0.400000
0,0.100000
1,0.900000
1,0.100000
1,0.600000
1,0.100000
0,0.400000
0,0.100000
0,0.400000
1,0.500000
1,0.200000
0,0.300000
1,0.200000
1,0.600000
0,0.400000
1,0.100000
1,0.500000
1,0.100000
0,0.600000
1,0.300000
1,0.300000
1,0.400000
0,0.500000
1,0.500000
0,0.700000
0,0.400000
1,0.900000
0,0.400000
0,0.400000
1,0.900000
0,0.500000
1,0.900000
0,0.500000
0,0.100000
0,0.700000
1,0.900000
0,0.500000
1,0.900000
0,0.500000
1,0.900000
1,0.900000
0,0.500000
1,0.900000
0,0.500000
0,0.400000
1,0.900000
0,0.500000
1,0.700000
0,0.400000
0,0.400000
1,0.700000
1,0.900000
1,0.400000
1,0.700000
0,0.500000
1,0.700000
0,0.500000
1,0.700000
0,0.500000
0,0.300000
1,0.200000
1,0.700000
0,0.500000
0,0.100000
1,0.300000
0,0.100000
1,0.700000
0,0.500000
1,0.700000
0,0.500000
1,0.800000
1,0.300000
0,0.600000
0,0.100000
1,0.700000
0,0.800000
0,0.500000
0,0.500000
0,0.100000
0,0.100000
1,0.100000
1,0.500000
0,0.800000
1,0.500000
0,0.800000
1,0.800000
1,0.300000
1,0.900000
0,0.700000
1,0.900000
0,0.700000
1,0.900000
0,0.700000
1,0.100000
0,0.600000
1,0.100000
0,0.100000
1,0.100000
1,0.600000
0,0.400000
1,0.100000
0,0.600000
1,0.100000
1,0.600000
0,0.500000
1,0.900000
0,0.100000
1,0.600000
0,0.100000
0,0.100000
1,0.400000
0,0.500000
0,0.100000
0,0.100000
0,0.400000
1,0.600000
0,0.100000
0,0.100000
1,0.100000
1,0.500000
0,0.100000
1,0.600000
0,0.100000
1,0.400000
0,0.100000
1,0.400000
0,0.400000
1,0.600000
0,0.400000
1,0.800000
0,0.400000
1,0.600000
0,0.300000
1,0.800000
0,0.300000
1,0.800000
0,0.500000
0,0.100000
0,0.400000
1,0.100000
1,0.800000
0,0.300000
1,0.400000
1,0.100000
0,0.400000
0,0.100000
1,0.900000
0,0.300000
0,0.100000
0,0.500000
0,0.100000
0,0.600000
1,0.900000
0,0.300000
1,0.600000
0,0.500000
1,0.900000
0,0.500000
0,0.700000
0,0.400000
0,0.100000
1,0.300000
0,0.400000
1,0.200000
1,0.900000
1,0.300000
1,0.800000
0,0.900000
1,0.800000
0,0.400000
1,0.300000
0,0.400000
1,0.700000
0,0.500000
0,0.100000
1,0.200000
1,0.700000
1,0.100000
1,0.200000
0,0.100000
0,0.500000
1,0.600000
1,0.100000
0,0.400000
1,0.800000
0,0.500000
1,0.600000
0,0.700000
1,0.900000
0,0.700000
1,0.900000
0,0.500000
1,0.900000
0,0.700000
1,0.900000
0,0.700000
1,0.900000
0,0.700000
1,0.400000
0,0.500000
1,0.500000
0,0.500000
1,0.500000
0,0.500000
1,0.900000
0,0.900000
1,0.800000
0,0.900000
0,0.970228
1,2.567714
0,0.772977
1,1.356355
1,1.306355
0,1.307272
0,1.307272
0,1.045669
0,1.020633
1,1.562551
1,1.562551
1,1.562551
0,1.041431
0,1.143161
1,0.949259
0,0.991431
1,0.949259
0,1.126042
1,1.013969
0,1.328957
1,1.087832
0,0.987839
0,1.199259
0,0.987839
0,1.087839
1,0.949259
1,0.949259
0,1.222996
0,1.199259
0,1.199259
1,1.102652
0,1.372996
0,1.225411
0,1.372996
0,1.225411
0,1.225411
1,0.879678
1,1.013969
1,1.013969
0,1.142776
1,0.718474
1,0.879678
1,0.718474
1,0.879678
1,0.879678
0,1.378274
0,0.864353
0,1.177258
1,1.762551
0,1.077258
0,1.177258
0,1.177258
1,1.762551
1,1.762551
1,1.762551
1,0.944822
0,1.177258
0,1.177258
1,0.944822
0,1.177258
0,1.177258
1,0.944822
1,1.712551
1,0.944822
1,1.712551
1,1.712551
1,1.712551
1,1.712551
1,1.712551
0,1.400937
0,1.400937
1,0.944822
1,1.356405
1,0.954848
0,1.400937
0,1.400937
1,0.944822
0,1.222996
0,1.222996
1,0.944822
1,1.013969
1,1.392831
1,0.944822
0,1.025742
1,0.944822
1,0.944822
1,0.944822
1,1.356405
1,0.944822
0,1.043161
0,1.378274
1,1.356405
0,1.378274
0,1.043161
0,1.328274
0,1.328274
0,1.328274
1,1.712551
0,1.180019
0,1.137010
0,1.137010
0,1.180019
0,1.043161
0,1.180019
0,1.043161
0,1.199237
0,1.180019
0,1.159772
0,1.310852
0,1.043161
0,1.180019
0,1.199237
0,1.374410
0,1.043161
1,0.944822
0,1.043161
1,0.944822
0,1.180019
0,1.043161
0,1.043161
1,0.944822
0,1.310852
0,1.310852
1,1.474706
0,1.410852
0,1.310852
1,1.462551
1,1.474706
0,1.378274
0,1.456750
1,1.362551
0,1.456750
0,1.456750
0,1.378274
0,1.456750
1,1.362551
0,1.025742
0,1.287010
0,1.043161
0,1.287010
0,1.043161
0,1.287010
0,1.043161
0,1.043161
1,1.362551
0,1.043161
0,1.287010
0,1.456750
0,1.043161
0,1.043161
0,1.287010
0,1.456750
0,1.456750
0,1.287010
0,1.287010
0,1.378274
0,1.199237
1,1.422389
0,1.287010
1,1.472389
0,1.052333
1,1.274263
0,1.413828
1,1.551574
0,0.987010
1,1.138862
1,1.138862
1,1.712551
1,1.138862
0,0.987010
0,1.287010
0,0.864353
1,0.851741
0,1.199237
1,0.851741
0,1.199237
0,1.232735
0,1.199237
0,1.841339
0,1.199237
0,1.991339
0,1.199237
0,1.919797
1,0.851741
0,1.199237
0,1.841339
0,1.199237
1,0.851741
0,1.299237
0,1.199237
1,0.851741
0,1.299237
1,1.551574
1,0.968993
0,1.174410
1,0.970228
0,0.899259
1,0.970228
0,1.077228
1,1.420228
1,0.970228
0,0.968993
1,0.970228
0,1.126042
0,1.440186
1,0.851741
0,0.949259
1,0.970228
0,0.949259
1,0.970228
0,0.987010
1,0.851741
0,0.968993
1,1.087773
1,1.087773
1,1.393161
0,1.378274
0,1.108111
0,1.410852
0,1.410852
0,1.199237
1,0.851741
1,1.859222
1,0.970228
0,1.535716
1,0.851741
1,0.851741
0,1.199237
1,1.599109
0,1.349237
0,0.968993
1,0.851741
1,1.859222
0,1.378274
1,1.859222
0,1.378274
1,1.859222
1,0.851741
0,1.378274
0,1.108111
1,0.851741
0,1.108111
1,0.851741
1,1.859222
1,0.851741
1,1.859222
0,1.378274
0,1.378274
0,1.108111
0,1.378274
0,1.108111
0,1.378274
0,1.378274
1,1.859222
0,1.378274
0,1.108111
0,1.378274
0,1.378274
0,1.108111
0,1.378274
0,1.378274
0,1.378274
0,1.378274
1,1.243161
0,1.378274
1,1.420228
1,0.970228
0,0.949259
1,0.851741
1,1.859222
1,0.851741
1,1.859222
1,0.851741
0,3.177330
1,2.777330
1,1.859222
1,0.851741
1,1.859222
1,0.851741
1,1.859222
1,0.851741
0,1.043161
1,2.777330
0,0.977228
1,2.777330
1,2.777330
1,1.859222
1,0.948691
1,1.859222
1,0.948691
1,1.327228
1,0.948691
1,1.859222
1,1.859222
1,1.859222
1,0.948691
1,1.859222
1,2.777330
1,2.777330
1,2.777330
1,2.777330
0,0.977228
1,0.948691
1,1.427228
1,0.948691
1,1.327228
1,0.948691
1,1.327228
1,1.427228
1,0.948691
1,0.948691
0,1.227228
1,1.327228
0,1.420547
1,0.948691
1,1.427228
1,0.948691
1,0.970228
0,0.977228
0,1.168993
1,1.077228
1,1.427228
1,0.948691
1,1.427228
1,0.948691
1,1.427228
1,0.948691
1,1.427228
1,0.948691
1,1.427228
1,0.948691
1,1.327228
1,1.427228
0,1.520547
1,1.327228
1,0.948691
0,1.108111
0,1.108111
0,1.420547
1,1.327228
0,1.520547
0,1.420547
0,1.638986
1,1.388896
1,0.948691
1,1.327228
1,0.948691
1,1.427228
1,0.948691
1,1.327228
1,0.948691
1,1.338896
1,1.388896
1,1.427228
1,0.948691
0,1.420547
1,0.948691
0,1.420547
1,1.338896
1,0.948691
0,1.052333
1,1.409222
0,1.093161
1,1.459222
1,1.424263
0,3.127330
1,1.374263
1,1.338896
1,1.424263
0,1.052333
0,1.052333
0,1.052333
1,1.338896
0,1.178274
1,1.124263
1,1.327228
1,1.124263
1,1.424263
1,1.124263
1,1.374263
1,1.409222
1,1.327228
1,1.124263
1,1.424263
1,1.409222
0,1.127228
1,1.424263
1,1.409222
1,1.327228
0,1.127228
0,1.001741
1,1.256750
0,1.127228
1,1.327228
0,1.001741
1,1.427228
0,1.277228
1,1.327228
0,1.277228
1,1.327228
0,1.277228
0,1.277228
1,1.420228
1,0.970228
0,1.413828
0,0.949259
1,1.124263
1,1.299259
1,1.124263
1,1.600937
0,1.127228
1,1.299259
0,1.277228
1,1.600937
1,1.124263
0,1.108111
1,1.124263
1,1.600937
1,1.124263
1,1.299259
0,1.277228
1,1.299259
0,1.277228
1,1.399259
0,1.277228
1,1.399259
0,1.277228
1,1.427228
1,1.124263
1,1.124263
1,1.509222
1,1.124263
1,1.299259
1,1.124263
1,1.299259
1,0.899259
1,1.509222
0,1.001741
1,1.299259
1,0.899259
1,1.399259
1,0.899259
1,1.299259
1,0.899259
1,1.399259
1,0.899259
1,1.399259
1,0.899259
1,1.299259
1,0.899259
1,1.299259
0,1.001741
1,1.299259
1,0.899259
1,1.509222
1,1.509222
1,1.399259
1,0.899259
1,1.399259
1,0.899259
1,1.399259
1,0.899259
1,1.299259
1,1.509222
1,1.399259
1,0.899259
1,1.509222
1,1.509222
1,1.299259
1,0.899259
1,1.600937
1,1.600937
1,1.350937
1,1.299259
1,1.600937
1,0.899259
1,1.299259
1,0.899259
1,1.299259
1,0.899259
1,1.299259
1,0.899259
1,1.299259
1,0.899259
1,1.327228
1,0.899259
1,1.327228
1,0.899259
1,1.327228
1,0.899259
1,1.327228
1,0.899259
1,1.427228
1,0.899259
1,1.327228
1,0.899259
0,1.052333
1,0.899259
1,1.427228
1,0.899259
1,1
0,0
0,3
0,4
0,5
0,5
0,5
0,5
0,4
0,1
0,1
0,1
1,3
0,5
0,5
1,4
1,3
1,3
0,5
0,4
1,0
0,2
1,0
1,0
1,0
0,0
1,0
1,2
1,1
1,1
1,2
1,0
1,0
1,1
1,0
1,0
0,0
0,1
0,7
1,2
0,7
0,4
0,1
1,8
0,1
0,1
0,0
0,7
0,0
0,0
0,1
1,8
1,6
1,6
0,0
0,1
1,8
1,2
1,2
1,2
1,2
0,1
1,2
0,1
1,2
1,2
1,2
1,2
1,3
1,4
1,3
0,1
0,0
1,4
0,6
1,1
0,2
0,1
0,5
1,4
1,6
1,4
0,2
0,5
0,2
0,2
0,0
0,0
1,4
0,1
0,1
0,0
0,1
1,4
0,0
1,4
1,2
0,0
0,3
1,2
1,2
0,8
1,4
1,4
1,2
1,2
1,4
1,2
1,2
1,2
0,1
1,2
1,2
1,4
0,1
1,4
0,4
1,2
0,4
1,3
0,4
1,3
0,4
1,7
0,1
1,2
0,2
1,5
0,8
1,5
0,1
1,1
0,7
0,8
1,5
1,3
1,4
0,1
1,4
0,3
1,4
0,6
1,1
1,7
0,3
1,8
1,3
0,6
0,0
1,1
0,2
0,0
1,2
1,2
1,2
1,2
1,8
1,2
1,2
0,4
1,1
0,0
1,1
1,6
1,5
0,4
1,8
0,0
0,4
1,1
0,4
1,3
0,4
1,4
0,4
1,8
0,1
1,8
0,5
1,8
1,1
0,1
0,4
0,3
0,6
0,6
1,8
0,1
0,6
0,4
0,4
0,7
1,6
0,3
1,6
1,6
1,6
1,5
1,5
1,8
0,5
1,1
0,5
1,1
0,5
0,5
1,7
0,2
1,7
0,2
1,7
0,2
1,1
0,1
0,6
1,2
0,1
1,2
0,6
0,7
1,2
0,3
1,8
0,4
1,1
0,3
0,2
1,2
0,3
0,2
1,8
0,4
1,8
0,1
0,1
0,3
1,2
0,3
0,2
0,0
0,3
0,0
0,6
1,8
0,3
1,8
0,4
0,6
0,6
0,4
1,8
0,2
0,2
1,8
0,4
0,6
0,5
0,4
1,4
0,2
1,1
0,6
0,6
0,3
0,5
1,8
0,1
1,1
0,1
1,8
0,1
1,8
0,4
0,6
0,5
1,8
0,4
1,7
0,4
1,2
0,4
1,4
0,6
0,5
0,0
0,4
0,0
0,4
1,4
0,4
1,4
0,7
1,4
1,1
1,1
0,7
1,4
0,1
0,1
1,1
0,2
1,1
0,1
1,4
1,2
1,4
1,2
1,4
0,0
0,1
1,1
1,1
1,4
0,3
0,1
1,4
0,3
0,2
1,4
0,4
0,0
1,7
0,4
1,4
0,5
1,8
0,5
1,8
0,2
1,8
0,2
1,1
1,4
0,5
1,4
0,7
0,0
1,4
0,7
1,8
0,8
0,0
1,4
1,8
0,4
1,8
0,4
1,7
0,5
0,0
0,4
1,2
0,6
0,0
0,4
1,3
0,8
0,6
0,0
0,5
1,2
0,8
1,1
0,8
0,0
0,0
1,8
0,1
0,0
0,7
1,1
0,7
0,0
1,1
0,3
1,4
0,6
1,4
0,6
1,4
0,6
1,8
0,1
1,4
0,7
0,7
1,4
1,4
1,4
0,7
1,4
0,7
1,4
0,3
0,6
1,4
0,7
1,8
0,7
0,0
0,3
0,6
1,5
0,5
1,4
1,4
0,1
1,8
0,4
1,5
0,6
1,8
0,7
1,4
0,2
1,3
0,5
1,8
0,5
0,0
0,6
0,0
0,6
0,0
0,6
0,0
0,5
1,2
0,5
0,1
1,2
0,5
0,1
0,5
0,1
0,5
0,1
0,6
1,8
0,5
1,8
0,5
1,8
0,5
0,0
0,5
0,0
0,5
0,0
0,6
1,8
0,6
1,8
0,6
0,1
0,1
1,8
0,2
1,8
0,2
1,8
0,2
1,5
0,2
1,8
0,2
0,6
0,1
0,4
0,2
0,2
0,4
0,2
1,8
0,0
0,2
0,0
0,2
1,4
0,7
1,4
0,2
0,0
0,6
0,3
0,5
0,0
0,6
1,8
0,2
1,8
0,2
1,8
0,5
1,4
0,4
1,3
0,7
1,5
0,8
28.092326,1920.000000
5.449407,1920.000000
4.455712,1920.000000
7.695239,1920.000000
3.869469,1920.000000
22.166952,1920.000000
5.208761,1920.000000
2.578113,1920.000000
3.246306,1920.000000
16.402573,1920.000000
1.922145,1920.000000
1.898057,1920.000000
21.263922,1920.000000
8.053667,1920.000000
17.150417,1920.000000
17.233094,1920.000000
9.139602,1920.000000
9.116482,1920.000000
4.783514,1920.000000
1.533697,1920.000000
1.563839,1920.000000
5.197382,1920.000000
3.742730,1920.000000
1.156023,1920.000000
1.538418,1920.000000
1.548708,1920.000000
6.240345,1920.000000
2.095125,1920.000000
1.100098,1920.000000
1.101672,1920.000000
6.476149,1920.000000
0.616505,1920.000000
0.662746,1920.000000
8.051125,1920.000000
2.580534,1920.000000
5.629166,1920.000000
6.876823,1920.000000
3.487800,1920.000000
2.910273,1920.000000
2.523519,1920.000000
0.725329,1920.000000
0.896977,1920.000000
4.225234,1920.000000
1.480678,1920.000000
1.625090,1920.000000
2.238690,1920.000000
1.693120,1920.000000
4.692485,1920.000000
1.696630,1920.000000
1.428869,1920.000000
1.405627,1920.000000
5.446018,1920.000000
0.670856,1920.000000
0.896372,1920.000000
5.859644,1920.000000
2.123814,1920.000000
3.971514,1920.000000
4.558120,1920.000000
2.552692,1920.000000
2.640211,1920.000000
0.992122,1920.000000
0.887777,1920.000000
0.437110,1920.000000
8.899682,1920.000000
1.578244,1920.000000
3.638507,1920.000000
6.522511,1920.000000
1.460705,1920.000000
7.987453,1920.000000
1.916819,1920.000000
1.760907,1920.000000
3.133004,1920.000000
6.652276,1920.000000
1.160623,1920.000000
1.710309,1920.000000
7.131390,1920.000000
3.300173,1920.000000
6.504112,1920.000000
4.527373,1920.000000
3.764882,1920.000000
4.236612,1920.000000
1.079762,1920.000000
0.889956,1920.000000
0.577769,1920.000000
2.461784,1920.000000
1.684404,1920.000000
1.007011,1920.000000
1.306245,1920.000000
1.926866,1920.000000
2.725067,1920.000000
1.342802,1920.000000
1.373186,1920.000000
1.096951,1920.000000
5.846692,1920.000000
0.520634,1920.000000
0.817084,1920.000000
4.531368,1920.000000
1.998286,1920.000000
2.878921,1920.000000
4.517447,1920.000000
1.993444,1920.000000
2.045374,1920.000000
1.064267,1920.000000
0.999869,1920.000000
0.575712,1920.000000
20.677679,1920.000000
6.118569,1920.000000
5.571788,1920.000000
7.490544,1920.000000
3.638264,1920.000000
21.471038,1920.000000
6.559795,1920.000000
3.044638,1920.000000
4.209376,1920.000000
16.850941,1920.000000
1.790322,1920.000000
2.568550,1920.000000
21.530836,1920.000000
8.206310,1920.000000
19.905383,1920.000000
15.945732,1920.000000
9.350107,1920.000000
8.108260,1920.000000
4.481011,1920.000000
1.845279,1920.000000
1.984849,1920.000000
4.090990,1920.000000
2.256847,1920.000000
1.145371,1920.000000
1.592528,1920.000000
1.447752,1920.000000
5.245560,1920.000000
3.266279,1920.000000
1.140771,1920.000000
1.021900,1920.000000
7.160927,1920.000000
0.540123,1920.000000
0.696277,1920.000000
7.738454,1920.000000
3.227422,1920.000000
6.090001,1920.000000
4.827697,1920.000000
2.920320,1920.000000
2.602444,1920.000000
1.267146,1920.000000
0.722787,1920.000000
0.707534,1920.000000
2.135919,1920.000000
1.327066,1920.000000
0.924576,1920.000000
1.168612,1920.000000
1.520987,1920.000000
1.904956,1920.000000
1.133871,1920.000000
1.228411,1920.000000
1.227442,1920.000000
4.003955,1920.000000
0.549807,1920.000000
0.902666,1920.000000
3.483926,1920.000000
1.651358,1920.000000
2.415785,1920.000000
3.469764,1920.000000
1.962939,1920.000000
1.618795,1920.000000
0.837300,1920.000000
0.941160,1920.000000
0.439289,1920.000000
4.198482,1920.000000
1.102761,1920.000000
1.826153,1920.000000
2.971403,1920.000000
1.024442,1920.000000
3.956625,1920.000000
1.077583,1920.000000
1.401753,1920.000000
3.489858,1920.000000
3.641533,1920.000000
0.923245,1920.000000
1.212311,1920.000000
3.795145,1920.000000
1.784754,1920.000000
3.679421,1920.000000
3.165808,1920.000000
2.600991,1920.000000
2.455611,1920.000000
0.792027,1920.000000
0.848678,1920.000000
0.478509,1920.000000
13.639376,1920.000000
6.645135,1920.000000
4.635591,1920.000000
7.289118,1920.000000
4.509216,1920.000000
15.761011,1920.000000
6.558100,1920.000000
2.953124,1920.000000
4.160835,1920.000000
20.622481,1920.000000
1.865736,1920.000000
2.528603,1920.000000
22.302527,1920.000000
9.737224,1920.000000
16.581000,1920.000000
14.614067,1920.000000
7.372884,1920.000000
7.460403,1920.000000
4.493116,1920.000000
2.482605,1920.000000
2.251642,1920.000000
2.291467,1920.000000
0.657541,1920.000000
0.859694,1920.000000
1.274167,1920.000000
0.534070,1920.000000
1.955192,1920.000000
0.466646,1920.000000
0.452241,1920.000000
0.851947,1920.000000
1.811506,1920.000000
0.411205,1920.000000
0.486619,1920.000000
1.921903,1920.000000
0.822532,1920.000000
1.683678,1920.000000
1.769986,1920.000000
1.346676,1920.000000
1.227200,1920.000000
0.583822,1920.000000
0.341723,1920.000000
0.221521,1920.000000
1.811143,1920.000000
0.882693,1920.000000
0.681509,1920.000000
1.041510,1920.000000
1.050589,1920.000000
2.083141,1920.000000
0.840810,1920.000000
1.013911,1920.000000
1.130360,1920.000000
2.929398,1920.000000
0.469914,1920.000000
0.670614,1920.000000
2.657400,1920.000000
1.244510,1920.000000
1.965481,1920.000000
2.516135,1920.000000
1.540234,1920.000000
1.504161,1920.000000
0.601979,1920.000000
0.592174,1920.000000
0.289308,1920.000000
25.767449,1920.000000
6.983710,1920.000000
5.040502,1920.000000
8.244441,1920.000000
3.663927,1920.000000
27.029027,1920.000000
6.823925,1920.000000
2.542645,1920.000000
3.495305,1920.000000
16.977074,1920.000000
1.756429,1920.000000
2.161097,1920.000000
24.996484,1920.000000
9.443194,1920.000000
22.036218,1920.000000
20.682884,1920.000000
10.674873,1920.000000
8.933213,1920.000000
5.488022,1920.000000
1.759818,1920.000000
2.247163,1920.000000
8.173869,1920.000000
2.018622,1920.000000
3.196676,1920.000000
4.850333,1920.000000
1.229137,1920.000000
8.619452,1920.000000
2.868026,1920.000000
1.541081,1920.000000
2.418933,1920.000000
7.569953,1920.000000
1.084846,1920.000000
1.523771,1920.000000
9.732987,1920.000000
4.332483,1920.000000
8.066619,1920.000000
5.051881,1920.000000
3.547598,1920.000000
4.343741,1920.000000
1.435405,1920.000000
0.783190,1920.000000
0.808732,1920.000000
19.472631,1920.000000
5.958179,1920.000000
5.029244,1920.000000
7.322528,1920.000000
2.727851,1920.000000
20.307994,1920.000000
5.178862,1920.000000
2.671079,1920.000000
4.538873,1920.000000
14.596393,1920.000000
1.877599,1920.000000
2.491320,1920.000000
20.918084,1920.000000
6.738948,1920.000000
22.465339,1920.000000
14.623630,1920.000000
9.213563,1920.000000
7.752496,1920.000000
4.360567,1920.000000
1.530429,1920.000000
1.740571,1920.000000
15.374621,1920.000000
7.262487,1920.000000
3.514189,1920.000000
5.300759,1920.000000
4.019570,1920.000000
14.806899,1920.000000
4.728557,1920.000000
2.979513,1920.000000
3.190139,1920.000000
15.863177,1920.000000
1.942482,1920.000000
1.941392,1920.000000
20.396966,1920.000000
6.845108,1920.000000
15.317364,1920.000000
20.981151,1920.000000
9.881636,1920.000000
6.972937,1920.000000
5.956000,1920.000000
1.888373,1920.000000
2.130351,1920.000000
10.136808,1920.000000
3.846228,1920.000000
2.214722,1920.000000
3.493489,1920.000000
2.285415,1920.000000
8.124239,1920.000000
2.816096,1920.000000
1.766113,1920.000000
2.133135,1920.000000
8.268288,1920.000000
1.293051,1920.000000
1.275499,1920.000000
10.441490,1920.000000
3.885084,1920.000000
8.717502,1920.000000
10.728135,1920.000000
6.121959,1920.000000
4.597703,1920.000000
3.212654,1920.000000
1.201174,1920.000000
1.170670,1920.000000
7.508097,1920.000000
3.249695,1920.000000
2.366276,1920.000000
3.428122,1920.000000
2.584286,1920.000000
7.216973,1920.000000
2.767434,1920.000000
1.919119,1920.000000
2.105172,1920.000000
9.380975,1920.000000
1.064631,1920.000000
1.386380,1920.000000
10.285215,1920.000000
3.819355,1920.000000
6.961316,1920.000000
7.465124,1920.000000
4.549767,1920.000000
4.248354,1920.000000
2.113888,1920.000000
1.395096,1920.000000
1.032552,1920.000000
4.952378,1920.000000
1.607538,1920.000000
1.292809,1920.000000
1.850363,1920.000000
0.738402,1920.000000
4.824066,1920.000000
1.132176,1920.000000
0.772538,1920.000000
1.347644,1920.000000
3.920431,1920.000000
0.762854,1920.000000
0.753654,1920.000000
5.640908,1920.000000
1.624848,1920.000000
5.400261,1920.000000
4.086874,1920.000000
3.384666,1920.000000
1.948292,1920.000000
1.506703,1920.000000
0.406121,1920.000000
0.555496,1920.000000
1.363502,1920.000000
0.739734,1920.000000
0.751596,1920.000000
0.959681,1920.000000
0.975296,1920.000000
1.611532,1920.000000
0.694582,1920.000000
0.816842,1920.000000
0.742276,1920.000000
2.652679,1920.000000
0.364964,1920.000000
0.565543,1920.000000
1.857989,1920.000000
1.035942,1920.000000
1.760665,1920.000000
1.959429,1920.000000
1.173212,1920.000000
1.161954,1920.000000
0.468704,1920.000000
0.582490,1920.000000
0.201790,1920.000000
2.257937,1920.000000
0.559370,1920.000000
0.583701,1920.000000
0.879667,1920.000000
0.322355,1920.000000
2.490715,1920.000000
0.557554,1920.000000
0.398495,1920.000000
0.575227,1920.000000
1.461068,1920.000000
0.285556,1920.000000
0.391595,1920.000000
2.129866,1920.000000
0.765275,1920.000000
2.202617,1920.000000
1.698688,1920.000000
1.148760,1920.000000
0.971180,1920.000000
0.458172,1920.000000
0.128555,1920.000000
0.516276,1920.000000
25.259469,1920.000000
6.272952,1920.000000
4.640524,1920.000000
7.339447,1920.000000
3.331798,1920.000000
21.257147,1920.000000
5.321217,1920.000000
2.893700,1920.000000
3.473191,1920.000000
16.408044,1920.000000
1.901533,1920.000000
2.211071,1920.000000
22.698912,1920.000000
7.394527,1920.000000
19.064355,1920.000000
16.783073,1920.000000
9.837176,1920.000000
8.639457,1920.000000
4.538112,1920.000000
1.792341,1920.000000
1.770309,1920.000000
6.061832,1920.000000
3.255897,1920.000000
1.543936,1920.000000
2.210828,1920.000000
1.432687,1920.000000
6.089554,1920.000000
2.159259,1920.000000
1.023884,1920.000000
1.372159,1920.000000
5.786795,1920.000000
0.727541,1920.000000
0.846296,1920.000000
7.378064,1920.000000
2.707759,1920.000000
6.298979,1920.000000
6.397760,1920.000000
3.304440,1920.000000
2.847820,1920.000000
2.109626,1920.000000
0.727178,1920.000000
0.877407,1920.000000
4.919556,1920.000000
1.433292,1920.000000
2.293993,1920.000000
3.008944,1920.000000
1.412955,1920.000000
5.440819,1920.000000
1.670681,1920.000000
1.295531,1920.000000
1.527715,1920.000000
4.705289,1920.000000
0.612660,1920.000000
0.966261,1920.000000
4.260775,1920.000000
2.393622,1920.000000
4.301934,1920.000000
3.868799,1920.000000
2.184923,1920.000000
2.973233,1920.000000
0.979456,1920.000000
0.856343,1920.000000
0.417640,1920.000000
7.433991,1920.000000
1.927439,1920.000000
2.685606,1920.000000
5.489726,1920.000000
1.845484,1920.000000
8.147126,1920.000000
2.167854,1920.000000
1.771035,1920.000000
2.518187,1920.000000
7.897632,1920.000000
1.026668,1920.000000
1.272047,1920.000000
7.112832,1920.000000
4.016607,1920.000000
6.847721,1920.000000
5.527374,1920.000000
3.424890,1920.000000
4.049413,1920.000000
1.536431,1920.000000
1.071579,1920.000000
0.663987,1920.000000
3.355162,1920.000000
1.397823,1920.000000
1.512946,1920.000000
2.023072,1920.000000
2.034209,1920.000000
3.390026,1920.000000
1.241177,1920.000000
1.250862,1920.000000
1.530499,1920.000000
4.373235,1920.000000
0.584454,1920.000000
1.080901,1920.000000
3.793865,1920.000000
1.702397,1920.000000
3.040177,1920.000000
3.863956,1920.000000
2.155506,1920.000000
2.331641,1920.000000
0.795695,1920.000000
0.818816,1920.000000
0.436040,1920.000000
20.385429,1920.000000
6.509615,1920.000000
5.049448,1920.000000
7.982976,1920.000000
3.436632,1920.000000
26.110244,1920.000000
6.029873,1920.000000
2.816709,1920.000000
3.927389,1920.000000
15.883513,1920.000000
1.712566,1920.000000
2.037236,1920.000000
19.824218,1920.000000
8.283071,1920.000000
20.558296,1920.000000
15.143019,1920.000000
7.841825,1920.000000
8.552298,1920.000000
5.157309,1920.000000
1.916665,1920.000000
2.196302,1920.000000
5.631965,1920.000000
2.104663,1920.000000
1.875627,1920.000000
2.371711,1920.000000
1.212487,1920.000000
6.216056,1920.000000
3.245607,1920.000000
0.955366,1920.000000
1.157407,1920.000000
6.171750,1920.000000
0.486157,1920.000000
0.813732,1920.000000
7.022283,1920.000000
3.313277,1920.000000
5.294222,1920.000000
4.186689,1920.000000
2.295446,1920.000000
2.713812,1920.000000
1.209098,1920.000000
0.757441,1920.000000
0.674761,1920.000000
2.904595,1920.000000
1.002094,1920.000000
1.294684,1920.000000
1.793310,1920.000000
1.296015,1920.000000
2.846246,1920.000000
1.040105,1920.000000
1.152565,1920.000000
1.386201,1920.000000
3.142226,1920.000000
0.551648,1920.000000
0.934787,1920.000000
2.640574,1920.000000
1.531346,1920.000000
2.481629,1920.000000
3.059788,1920.000000
2.096553,1920.000000
1.959518,1920.000000
0.669313,1920.000000
0.704177,1920.000000
0.360986,1920.000000
3.382399,1920.000000
1.263815,1920.000000
1.391770,1920.000000
2.513345,1920.000000
1.532315,1920.000000
3.493770,1920.000000
1.270594,1920.000000
1.312116,1920.000000
3.401405,1920.000000
4.438363,1920.000000
0.753447,1920.000000
1.093369,1920.000000
3.688790,1920.000000
2.179475,1920.000000
3.947484,1920.000000
3.768202,1920.000000
2.350647,1920.000000
2.229471,1920.000000
1.057053,1920.000000
0.858886,1920.000000
0.466062,1920.000000
17.277946,1920.000000
5.416003,1920.000000
5.126682,1920.000000
7.560615,1920.000000
4.568497,1920.000000
16.452956,1920.000000
5.868144,1920.000000
3.522218,1920.000000
4.569223,1920.000000
19.417352,1920.000000
2.047041,1920.000000
2.873121,1920.000000
20.571733,1920.000000
8.231744,1920.000000
14.721142,1920.000000
15.358860,1920.000000
8.622025,1920.000000
8.599267,1920.000000
3.729948,1920.000000
2.169549,1920.000000
1.764135,1920.000000
1.858679,1920.000000
0.673671,1920.000000
0.591596,1920.000000
0.977762,1920.000000
0.604670,1920.000000
1.676734,1920.000000
0.514484,1920.000000
0.554311,1920.000000
0.812643,1920.000000
2.091347,1920.000000
0.453714,1920.000000
0.447298,1920.000000
2.066410,1920.000000
0.902102,1920.000000
1.775636,1920.000000
2.175601,1920.000000
1.496119,1920.000000
1.141186,1920.000000
0.577554,1920.000000
0.348881,1920.000000
0.231457,1920.000000
2.080089,1920.000000
0.841454,1920.000000
1.050879,1920.000000
1.304973,1920.000000
0.939750,1920.000000
2.149211,1920.000000
0.792305,1920.000000
0.975583,1920.000000
1.068795,1920.000000
2.685364,1920.000000
0.413645,1920.000000
0.718341,1920.000000
2.024646,1920.000000
1.133438,1920.000000
2.083236,1920.000000
2.591668,1920.000000
1.721403,1920.000000
1.510767,1920.000000
0.556974,1920.000000
0.598980,1920.000000
0.275400,1920.000000
23.668805,1920.000000
7.317052,1920.000000
4.921493,1920.000000
6.766614,1920.000000
3.766870,1920.000000
20.684556,1920.000000
6.861764,1920.000000
2.865252,1920.000000
3.571729,1920.000000
19.757032,1920.000000
1.955765,1920.000000
2.338057,1920.000000
33.911274,1920.000000
8.647326,1920.000000
19.912830,1920.000000
20.578028,1920.000000
11.616806,1920.000000
8.407637,1920.000000
5.204641,1920.000000
1.791615,1920.000000
2.207923,1920.000000
7.188733,1920.000000
2.479813,1920.000000
2.226202,1920.000000
3.657800,1920.000000
1.742588,1920.000000
7.819067,1920.000000
3.241854,1920.000000
1.535341,1920.000000
1.979008,1920.000000
9.541923,1920.000000
0.916145,1920.000000
1.110680,1920.000000
9.879666,1920.000000
5.164209,1920.000000
7.575625,1920.000000
6.201893,1920.000000
3.313640,1920.000000
3.732006,1920.000000
1.968718,1920.000000
0.958030,1920.000000
0.964688,1920.000000
18.063835,1920.000000
6.463493,1920.000000
3.940826,1920.000000
6.432260,1920.000000
3.293303,1920.000000
18.768376,1920.000000
6.003725,1920.000000
2.411901,1920.000000
3.724985,1920.000000
16.391581,1920.000000
1.736293,1920.000000
1.926470,1920.000000
21.893775,1920.000000
8.087930,1920.000000
22.500261,1920.000000
15.508968,1920.000000
8.261160,1920.000000
6.950013,1920.000000
5.346033,1920.000000
1.629885,1920.000000
2.184802,1920.000000
16.610690,1920.000000
6.793368,1920.000000
4.262712,1920.000000
5.999367,1920.000000
3.835508,1920.000000
15.240105,1920.000000
4.580118,1920.000000
3.014029,1920.000000
3.779339,1920.000000
15.006469,1920.000000
2.123064,1920.000000
2.423764,1920.000000
19.424494,1920.000000
6.362048,1920.000000
15.750110,1920.000000
19.705342,1920.000000
10.525374,1920.000000
6.870964,1920.000000
5.144477,1920.000000
1.892696,1920.000000
1.952497,1920.000000
10.182909,1920.000000
3.660947,1920.000000
2.235524,1920.000000
3.474643,1920.000000
2.094979,1920.000000
8.122915,1920.000000
2.448460,1920.000000
1.942086,1920.000000
2.311546,1920.000000
7.989876,1920.000000
1.382449,1920.000000
1.532436,1920.000000
10.482520,1920.000000
3.549455,1920.000000
9.049955,1920.000000
10.699088,1920.000000
7.344773,1920.000000
4.153036,1920.000000
2.816830,1920.000000
1.129807,1920.000000
1.127023,1920.000000
8.641031,1920.000000
2.526540,1920.000000
2.693233,1920.000000
4.131246,1920.000000
2.311788,1920.000000
9.059034,1920.000000
2.519156,1920.000000
1.955039,1920.000000
2.366989,1920.000000
8.327135,1920.000000
1.238030,1920.000000
1.488493,1920.000000
7.892426,1920.000000
3.539287,1920.000000
7.200960,1920.000000
7.236308,1920.000000
4.498164,1920.000000
5.324970,1920.000000
1.858679,1920.000000
1.275315,1920.000000
0.764342,1920.000000
4.132699,1920.000000
2.104179,1920.000000
0.947498,1920.000000
1.623590,1920.000000
0.881402,1920.000000
4.296849,1920.000000
1.289357,1920.000000
0.701756,1920.000000
1.015652,1920.000000
4.491506,1920.000000
0.625855,1920.000000
0.581064,1920.000000
5.870444,1920.000000
2.091468,1920.000000
5.143508,1920.000000
4.925246,1920.000000
2.701101,1920.000000
1.847300,1920.000000
2.072341,1920.000000
0.448146,1920.000000
0.720157,1920.000000
1.797062,1920.000000
0.846175,1920.000000
0.848233,1920.000000
1.130775,1920.000000
0.834796,1920.000000
1.804568,1920.000000
0.763010,1920.000000
0.657571,1920.000000
0.849201,1920.000000
2.200055,1920.000000
0.374181,1920.000000
0.599223,1920.000000
1.771399,1920.000000
1.032358,1920.000000
1.607974,1920.000000
1.805899,1920.000000
1.046279,1920.000000
1.281126,1920.000000
0.426598,1920.000000
0.576343,1920.000000
0.187272,1920.000000
1.729756,1920.000000
0.864454,1920.000000
0.412556,1920.000000
0.642076,1920.000000
0.394639,1920.000000
2.036267,1920.000000
0.727541,1920.000000
0.327212,1920.000000
0.490636,1920.000000
1.839189,1920.000000
0.252884,1920.000000
0.262447,1920.000000
2.376311,1920.000000
0.994346,1920.000000
2.089531,1920.000000
1.913638,1920.000000
1.089980,1920.000000
0.783347,1920.000000
0.725362,1920.000000
0.186788,1920.000000
0.642439,1920.000000
23.999519,1920.000000
6.207624,1920.000000
4.604266,1920.000000
7.276731,1920.000000
3.395574,1920.000000
20.787719,1920.000000
5.702186,1920.000000
2.794859,1920.000000
3.585642,1920.000000
16.631507,1920.000000
1.943787,1920.000000
2.175864,1920.000000
23.274473,1920.000000
7.734227,1920.000000
19.155790,1920.000000
16.946028,1920.000000
10.071106,1920.000000
8.291359,1920.000000
4.656565,1920.000000
1.757955,1920.000000
1.843547,1920.000000
6.073365,1920.000000
3.565667,1920.000000
1.511955,1920.000000
2.055528,1920.000000
1.391861,1920.000000
5.905572,1920.000000
2.083857,1920.000000
1.080366,1920.000000
1.311596,1920.000000
5.737294,1920.000000
0.729041,1920.000000
0.870564,1920.000000
7.521641,1920.000000
2.473558,1920.000000
6.184501,1920.000000
6.522872,1920.000000
3.683340,1920.000000
2.808297,1920.000000
2.125260,1920.000000
0.695749,1920.000000
0.826981,1920.000000
4.745425,1920.000000
1.425879,1920.000000
1.967394,1920.000000
2.729243,1920.000000
1.376970,1920.000000
5.028471,1920.000000
1.709651,1920.000000
1.280483,1920.000000
1.585925,1920.000000
4.918545,1920.000000
0.637154,1920.000000
0.966809,1920.000000
4.902081,1920.000000
2.360849,1920.000000
4.307420,1920.000000
4.083090,1920.000000
2.475858,1920.000000
2.781421,1920.000000
1.001191,1920.000000
0.818386,1920.000000
0.423599,1920.000000
7.911706,1920.000000
1.976110,1920.000000
2.746676,1920.000000
5.299773,1920.000000
1.903473,1920.000000
8.147052,1920.000000
2.175864,1920.000000
1.579387,1920.000000
2.737960,1920.000000
7.163900,1920.000000
0.904098,1920.000000
1.341256,1920.000000
7.155062,1920.000000
3.725833,1920.000000
7.337746,1920.000000
5.793952,1920.000000
3.274995,1920.000000
4.064446,1920.000000
1.467767,1920.000000
1.053490,1920.000000
0.676258,1920.000000
3.324025,1920.000000
1.353605,1920.000000
1.381691,1920.000000
1.861827,1920.000000
1.849842,1920.000000
3.241703,1920.000000
1.316196,1920.000000
1.285931,1920.000000
1.484716,1920.000000
4.730414,1920.000000
0.659914,1920.000000
0.946228,1920.000000
4.040718,1920.000000
1.764492,1920.000000
3.100906,1920.000000
3.845928,1920.000000
2.090636,1920.000000
2.212910,1920.000000
0.891265,1920.000000
0.863179,1920.000000
0.464155,1920.000000
20.708544,1920.000000
6.221788,1920.000000
5.278466,1920.000000
8.166664,1920.000000
3.649927,1920.000000
25.960133,1920.000000
6.021671,1920.000000
2.717621,1920.000000
3.559372,1920.000000
16.180789,1920.000000
1.759892,1920.000000
2.127560,1920.000000
20.305404,1920.000000
8.077199,1920.000000
19.573942,1920.000000
15.190858,1920.000000
8.192209,1920.000000
8.836748,1920.000000
4.842881,1920.000000
1.868364,1920.000000
2.124655,1920.000000
5.644318,1920.000000
1.960009,1920.000000
1.749602,1920.000000
2.381913,1920.000000
1.218862,1920.000000
5.911988,1920.000000
2.910111,1920.000000
1.108937,1920.000000
1.176248,1920.000000
6.292368,1920.000000
0.568269,1920.000000
0.807006,1920.000000
7.276125,1920.000000
3.074999,1920.000000
5.269507,1920.000000
4.403786,1920.000000
2.646436,1920.000000
2.760719,1920.000000
1.190412,1920.000000
0.716087,1920.000000
0.643813,1920.000000
2.795586,1920.000000
1.072981,1920.000000
1.157483,1920.000000
1.596699,1920.000000
1.267166,1920.000000
2.651763,1920.000000
1.042836,1920.000000
1.246827,1920.000000
1.299490,1920.000000
3.681282,1920.000000
0.605315,1920.000000
0.952281,1920.000000
2.875487,1920.000000
1.501786,1920.000000
2.357459,1920.000000
2.975243,1920.000000
1.899599,1920.000000
1.991364,1920.000000
0.776377,1920.000000
0.749743,1920.000000
0.351930,1920.000000
3.648474,1920.000000
1.236537,1920.000000
1.547911,1920.000000
2.640504,1920.000000
1.401425,1920.000000
3.686246,1920.000000
1.150461,1920.000000
1.283146,1920.000000
3.247756,1920.000000
4.332843,1920.000000
0.688364,1920.000000
1.052279,1920.000000
3.756220,1920.000000
2.061944,1920.000000
3.896653,1920.000000
3.860576,1920.000000
2.326225,1920.000000
2.378161,1920.000000
0.940296,1920.000000
0.752527,1920.000000
0.454833,1920.000000
17.042273,1920.000000
5.498679,1920.000000
5.015154,1920.000000
7.594158,1920.000000
4.639980,1920.000000
16.653540,1920.000000
6.133654,1920.000000
3.538912,1920.000000
4.387805,1920.000000
20.110614,1920.000000
2.177438,1920.000000
2.867497,1920.000000
19.718975,1920.000000
8.365692,1920.000000
14.812173,1920.000000
14.943526,1920.000000
8.205647,1920.000000
8.629125,1920.000000
3.958516,1920.000000
2.348379,1920.000000
1.826961,1920.000000
1.988822,1920.000000
0.779766,1920.000000
0.630496,1920.000000
0.914873,1920.000000
0.610763,1920.000000
1.797785,1920.000000
0.580981,1920.000000
0.600835,1920.000000
0.723835,1920.000000
2.085309,1920.000000
0.464640,1920.000000
0.462218,1920.000000
1.946934,1920.000000
0.853131,1920.000000
1.681564,1920.000000
2.099958,1920.000000
1.324792,1920.000000
1.163415,1920.000000
0.637639,1920.000000
0.371179,1920.000000
0.253264,1920.000000
2.188818,1920.000000
0.796715,1920.000000
0.973830,1920.000000
1.261113,1920.000000
0.994169,1920.000000
2.160489,1920.000000
0.819596,1920.000000
0.909062,1920.000000
1.080245,1920.000000
2.923428,1920.000000
0.442727,1920.000000
0.713545,1920.000000
2.220537,1920.000000
1.169831,1920.000000
2.121991,1920.000000
2.393293,1920.000000
1.471399,1920.000000
1.502512,1920.000000
0.542725,1920.000000
0.563306,1920.000000
0.267549,1920.000000
23.281979,1920.000000
7.625876,1920.000000
4.707775,1920.000000
6.879402,1920.000000
3.893384,1920.000000
20.867257,1920.000000
7.089204,1920.000000
2.953573,1920.000000
3.905733,1920.000000
19.832774,1920.000000
1.928412,1920.000000
2.160610,1920.000000
31.949965,1920.000000
9.324631,1920.000000
20.870042,1920.000000
20.011705,1920.000000
11.307885,1920.000000
8.478038,1920.000000
5.439479,1920.000000
1.927322,1920.000000
2.325014,1920.000000
7.839552,1920.000000
2.427796,1920.000000
2.431912,1920.000000
4.082364,1920.000000
1.706988,1920.000000
8.533243,1920.000000
2.955147,1920.000000
1.472731,1920.000000
2.147051,1920.000000
8.351164,1920.000000
0.886786,1920.000000
1.197070,1920.000000
9.361071,1920.000000
4.757653,1920.000000
7.838463,1920.000000
6.188254,1920.000000
3.462642,1920.000000
3.896774,1920.000000
1.844999,1920.000000
0.911362,1920.000000
0.907851,1920.000000
18.905190,1920.000000
6.065859,1920.000000
4.356813,1920.000000
7.028915,1920.000000
3.167612,1920.000000
19.612319,1920.000000
5.496984,1920.000000
2.424770,1920.000000
3.874135,1920.000000
15.688547,1920.000000
1.785194,1920.000000
2.027199,1920.000000
20.748494,1920.000000
7.998024,1920.000000
22.163841,1920.000000
15.716634,1920.000000
8.447046,1920.000000
7.324672,1920.000000
5.086702,1920.000000
1.595610,1920.000000
2.012550,1920.000000
15.909850,1920.000000
6.762213,1920.000000
4.093380,1920.000000
5.941891,1920.000000
3.758520,1920.000000
14.624283,1920.000000
4.630900,1920.000000
2.951030,1920.000000
3.954037,1920.000000
15.076332,1920.000000
2.034221,1920.000000
2.457941,1920.000000
20.543656,1920.000000
6.677227,1920.000000
15.873532,1920.000000
19.595612,1920.000000
10.689737,1920.000000
6.596720,1920.000000
5.169751,1920.000000
1.897420,1920.000000
2.064971,1920.000000
9.389521,1920.000000
3.815904,1920.000000
2.348621,1920.000000
3.341822,1920.000000
2.130587,1920.000000
8.019936,1920.000000
2.734449,1920.000000
1.950445,1920.000000
2.316782,1920.000000
8.237970,1920.000000
1.301911,1920.000000
1.481084,1920.000000
11.236579,1920.000000
3.833821,1920.000000
8.990619,1920.000000
10.811405,1920.000000
6.711730,1920.000000
3.904764,1920.000000
2.865923,1920.000000
1.146829,1920.000000
1.163294,1920.000000
8.994372,1920.000000
2.739776,1920.000000
2.745829,1920.000000
3.959243,1920.000000
2.310850,1920.000000
8.647890,1920.000000
2.623918,1920.000000
2.028652,1920.000000
2.339057,1920.000000
8.525858,1920.000000
1.143318,1920.000000
1.505418,1920.000000
8.216542,1920.000000
3.765058,1920.000000
6.818871,1920.000000
7.064870,1920.000000
4.318800,1920.000000
5.066242,1920.000000
1.921027,1920.000000
1.278909,1920.000000
0.835092,1920.000000
4.537681,1920.000000
2.142935,1920.000000
1.010755,1920.000000
1.615706,1920.000000
0.917899,1920.000000
4.942758,1920.000000
1.237748,1920.000000
0.681827,1920.000000
0.943322,1920.000000
4.030549,1920.000000
0.607736,1920.000000
0.624322,1920.000000
5.257401,1920.000000
1.844757,1920.000000
5.047599,1920.000000
4.949053,1920.000000
2.830815,1920.000000
2.079377,1920.000000
2.017998,1920.000000
0.464034,1920.000000
0.727588,1920.000000
1.663889,1920.000000
0.664151,1920.000000
0.852404,1920.000000
1.093683,1920.000000
0.842719,1920.000000
1.721878,1920.000000
0.720446,1920.000000
0.753133,1920.000000
0.836303,1920.000000
2.308913,1920.000000
0.399508,1920.000000
0.583523,1920.000000
1.863764,1920.000000
0.977220,1920.000000
1.598394,1920.000000
1.870301,1920.000000
1.172495,1920.000000
1.304938,1920.000000
0.441396,1920.000000
0.593451,1920.000000
0.177115,1920.000000
1.848994,1920.000000
0.811969,1920.000000
0.420331,1920.000000
0.704707,1920.000000
0.423599,1920.000000
2.117875,1920.000000
0.647566,1920.000000
0.347814,1920.000000
0.501564,1920.000000
1.716673,1920.000000
0.223603,1920.000000
0.284135,1920.000000
2.316540,1920.000000
0.925889,1920.000000
2.101411,1920.000000
2.001049,1920.000000
1.139808,1920.000000
0.837029,1920.000000
0.649624,1920.000000
0.175057,1920.000000
0.584250,1920.000000
24.281886,1920.000000
6.281049,1920.000000
4.645588,1920.000000
7.135343,1920.000000
3.462216,1920.000000
21.113757,1920.000000
5.705102,1920.000000
2.709987,1920.000000
3.544304,1920.000000
16.816376,1920.000000
1.878334,1920.000000
2.104741,1920.000000
23.625789,1920.000000
7.890357,1920.000000
19.380106,1920.000000
16.380754,1920.000000
9.561292,1920.000000
8.183355,1920.000000
4.547156,1920.000000
1.774210,1920.000000
1.826756,1920.000000
6.276569,1920.000000
3.318865,1920.000000
1.429393,1920.000000
2.029796,1920.000000
1.625895,1920.000000
6.299936,1920.000000
1.965022,1920.000000
1.112907,1920.000000
1.276356,1920.000000
5.575917,1920.000000
0.745934,1920.000000
0.885652,1920.000000
7.242130,1920.000000
2.424617,1920.000000
6.173899,1920.000000
6.647780,1920.000000
3.699763,1920.000000
2.602958,1920.000000
2.240222,1920.000000
0.721961,1920.000000
0.865796,1920.000000
4.690628,1920.000000
1.478791,1920.000000
2.083190,1920.000000
2.780815,1920.000000
1.421039,1920.000000
4.862068,1920.000000
1.762708,1920.000000
1.185430,1920.000000
1.630375,1920.000000
5.123829,1920.000000
0.632609,1920.000000
1.015927,1920.000000
4.977451,1920.000000
2.505857,1920.000000
4.326802,1920.000000
3.868539,1920.000000
2.198815,1920.000000
2.693037,1920.000000
0.968951,1920.000000
0.898849,1920.000000
0.421941,1920.000000
7.593122,1920.000000
2.048442,1920.000000
2.758901,1920.000000
5.120438,1920.000000
1.810775,1920.000000
8.044241,1920.000000
2.362022,1920.000000
1.510270,1920.000000
2.670517,1920.000000
7.319374,1920.000000
0.932266,1920.000000
1.323938,1920.000000
7.356665,1920.000000
4.135385,1920.000000
7.124688,1920.000000
5.827628,1920.000000
3.295862,1920.000000
3.902561,1920.000000
1.528673,1920.000000
1.072711,1920.000000
0.700652,1920.000000
3.277579,1920.000000
1.358807,1920.000000
1.388470,1920.000000
1.892983,1920.000000
1.922525,1920.000000
3.371411,1920.000000
1.219815,1920.000000
1.294759,1920.000000
1.454092,1920.000000
4.616410,1920.000000
0.645079,1920.000000
0.969677,1920.000000
3.815751,1920.000000
1.753265,1920.000000
3.157232,1920.000000
3.865875,1920.000000
2.088638,1920.000000
2.318314,1920.000000
0.947884,1920.000000
0.871971,1920.000000
0.476666,1920.000000
21.038813,1920.000000
6.197145,1920.000000
5.049489,1920.000000
7.817955,1920.000000
3.481346,1920.000000
23.885250,1920.000000
6.119900,1920.000000
2.750426,1920.000000
3.734632,1920.000000
16.392377,1920.000000
1.726144,1920.000000
2.172542,1920.000000
22.559253,1920.000000
8.039762,1920.000000
19.388582,1920.000000
15.505272,1920.000000
8.559167,1920.000000
8.443663,1920.000000
4.548366,1920.000000
1.914656,1920.000000
2.047836,1920.000000
5.628705,1920.000000
1.930032,1920.000000
1.644177,1920.000000
2.328485,1920.000000
1.285800,1920.000000
5.998584,1920.000000
3.298041,1920.000000
1.047285,1920.000000
1.325875,1920.000000
6.096896,1920.000000
0.534660,1920.000000
0.784435,1920.000000
6.929034,1920.000000
3.068365,1920.000000
5.359559,1920.000000
4.495578,1920.000000
2.482490,1920.000000
2.809267,1920.000000
1.248388,1920.000000
0.736127,1920.000000
0.681886,1920.000000
2.535520,1920.000000
1.094504,1920.000000
1.208918,1920.000000
1.617541,1920.000000
1.286163,1920.000000
2.788685,1920.000000
0.967740,1920.000000
1.258195,1920.000000
1.370067,1920.000000
3.609563,1920.000000
0.627039,1920.000000
0.938804,1920.000000
2.850311,1920.000000
1.476249,1920.000000
2.560461,1920.000000
2.905036,1920.000000
1.939597,1920.000000
1.960785,1920.000000
0.786009,1920.000000
0.706948,1920.000000
0.358862,1920.000000
3.619249,1920.000000
1.404694,1920.000000
1.549014,1920.000000
2.713014,1920.000000
1.402999,1920.000000
3.661867,1920.000000
1.204439,1920.000000
1.269455,1920.000000
3.122242,1920.000000
4.226311,1920.000000
0.719661,1920.000000
1.039658,1920.000000
3.828100,1920.000000
2.128713,1920.000000
3.757272,1920.000000
3.829553,1920.000000
2.270733,1920.000000
2.354879,1920.000000
0.957570,1920.000000
0.765911,1920.000000
0.453904,1920.000000
16.087877,1920.000000
5.599042,1920.000000
5.200347,1920.000000
7.393835,1920.000000
4.717506,1920.000000
16.837564,1920.000000
6.100286,1920.000000
3.694677,1920.000000
4.424993,1920.000000
20.289731,1920.000000
2.104378,1920.000000
2.921866,1920.000000
19.615958,1920.000000
8.216529,1920.000000
15.109604,1920.000000
14.885012,1920.000000
8.029349,1920.000000
8.942001,1920.000000
4.064799,1920.000000
2.411057,1920.000000
1.830025,1920.000000
1.813680,1920.000000
0.746660,1920.000000
0.623407,1920.000000
0.942799,1920.000000
0.599314,1920.000000
1.908723,1920.000000
0.566382,1920.000000
0.593744,1920.000000
0.705979,1920.000000
2.066724,1920.000000
0.467344,1920.000000
0.460927,1920.000000
1.991537,1920.000000
0.894491,1920.000000
1.767309,1920.000000
2.103046,1920.000000
1.337741,1920.000000
1.144023,1920.000000
0.611905,1920.000000
0.379928,1920.000000
0.246506,1920.000000
2.185860,1920.000000
0.823905,1920.000000
0.950911,1920.000000
1.336046,1920.000000
0.933718,1920.000000
2.077742,1920.000000
0.818699,1920.000000
0.837586,1920.000000
1.088935,1920.000000
2.761928,1920.000000
0.421578,1920.000000
0.762278,1920.000000
2.273638,1920.000000
1.185188,1920.000000
2.131256,1920.000000
2.503920,1920.000000
1.458935,1920.000000
1.519956,1920.000000
0.600161,1920.000000
0.589870,1920.000000
0.253044,1920.000000
23.163168,1920.000000
7.242009,1920.000000
4.875628,1920.000000
7.431610,1920.000000
3.943120,1920.000000
21.635947,1920.000000
7.131711,1920.000000
2.964241,1920.000000
3.867813,1920.000000
19.758945,1920.000000
1.932211,1920.000000
2.270612,1920.000000
30.773845,1920.000000
9.459348,1920.000000
20.978760,1920.000000
20.152071,1920.000000
10.872517,1920.000000
8.598394,1920.000000
5.486686,1920.000000
1.839106,1920.000000
2.395801,1920.000000
7.813596,1920.000000
2.464692,1920.000000
2.521960,1920.000000
4.173402,1920.000000
1.674930,1920.000000
8.376588,1920.000000
2.967995,1920.000000
1.479033,1920.000000
2.136462,1920.000000
8.350073,1920.000000
0.888679,1920.000000
1.203349,1920.000000
9.208120,1920.000000
4.760245,1920.000000
7.572902,1920.000000
6.318823,1920.000000
3.679543,1920.000000
3.874108,1920.000000
1.869858,1920.000000
0.939651,1920.000000
0.930207,1920.000000
19.514982,1920.000000
6.330810,1920.000000
4.295444,1920.000000
7.190310,1920.000000
3.011097,1920.000000
19.402021,1920.000000
5.300111,1920.000000
2.569784,1920.000000
3.829432,1920.000000
15.397758,1920.000000
1.742247,1920.000000
2.076168,1920.000000
20.943407,1920.000000
7.792772,1920.000000
21.449736,1920.000000
15.913168,1920.000000
8.958225,1920.000000
7.297460,1920.000000
4.846691,1920.000000
1.636308,1920.000000
2.036334,1920.000000
16.728356,1920.000000
6.551769,1920.000000
3.887547,1920.000000
5.869762,1920.000000
3.768290,1920.000000
15.204646,1920.000000
4.414338,1920.000000
3.026957,1920.000000
4.063588,1920.000000
14.752437,1920.000000
2.144332,1920.000000
2.383089,1920.000000
19.631455,1920.000000
6.467381,1920.000000
15.881447,1920.000000
19.699740,1920.000000
10.750959,1920.000000
6.979642,1920.000000
5.272143,1920.000000
1.773968,1920.000000
2.055706,1920.000000
9.535987,1920.000000
3.749403,1920.000000
2.273396,1920.000000
3.357972,1920.000000
2.090696,1920.000000
8.130324,1920.000000
2.456822,1920.000000
1.979551,1920.000000
2.416626,1920.000000
8.359638,1920.000000
1.386896,1920.000000
1.410385,1920.000000
10.818397,1920.000000
3.558349,1920.000000
9.132086,1920.000000
10.559784,1920.000000
7.155441,1920.000000
4.132358,1920.000000
2.932762,1920.000000
1.133732,1920.000000
1.164848,1920.000000
8.166525,1920.000000
2.825007,1920.000000
2.860481,1920.000000
3.904740,1920.000000
2.240101,1920.000000
8.656631,1920.000000
2.733112,1920.000000
1.993595,1920.000000
2.224604,1920.000000
8.966337,1920.000000
1.153467,1920.000000
1.526010,1920.000000
8.623214,1920.000000
3.712112,1920.000000
7.258838,1920.000000
6.910146,1920.000000
4.206576,1920.000000
5.013410,1920.000000
1.886203,1920.000000
1.197780,1920.000000
0.792305,1920.000000
4.742084,1920.000000
2.201358,1920.000000
1.017017,1920.000000
1.605797,1920.000000
0.936503,1920.000000
4.691959,1920.000000
1.336046,1920.000000
0.705374,1920.000000
0.955633,1920.000000
4.037679,1920.000000
0.610573,1920.000000
0.596650,1920.000000
5.298416,1920.000000
1.909086,1920.000000
4.817392,1920.000000
5.045736,1920.000000
2.938816,1920.000000
1.969139,1920.000000
1.967686,1920.000000
0.419277,1920.000000
0.712275,1920.000000
1.695392,1920.000000
0.699926,1920.000000
0.849572,1920.000000
1.079128,1920.000000
0.829959,1920.000000
1.823003,1920.000000
0.736369,1920.000000
0.708280,1920.000000
0.868944,1920.000000
2.351125,1920.000000
0.362978,1920.000000
0.569166,1920.000000
1.771305,1920.000000
1.003457,1920.000000
1.574802,1920.000000
1.796125,1920.000000
1.110486,1920.000000
1.356749,1920.000000
0.456447,1920.000000
0.609968,1920.000000
0.186453,1920.000000
1.880634,1920.000000
0.828627,1920.000000
0.416251,1920.000000
0.694235,1920.000000
0.451241,1920.000000
2.121933,1920.000000
0.644595,1920.000000
0.334768,1920.000000
0.497733,1920.000000
1.777722,1920.000000
0.225197,1920.000000
0.247474,1920.000000
2.274365,1920.000000
0.901513,1920.000000
2.006187,1920.000000
2.024106,1920.000000
1.155041,1920.000000
0.825479,1920.000000
0.687697,1920.000000
0.184516,1920.000000
0.600282,1920.000000
192.820675,1920.000000
65.157471,1920.000000
51.522203,1920.000000
78.430330,1920.000000
42.713495,1920.000000
191.345617,1920.000000
59.708254,1920.000000
34.848214,1920.000000
46.446169,1920.000000
178.464703,1920.000000
21.971294,1920.000000
27.516137,1920.000000
216.743825,1920.000000
83.195399,1920.000000
181.513713,1920.000000
171.291317,1920.000000
97.729065,1920.000000
86.847941,1920.000000
48.508417,1920.000000
22.440345,1920.000000
20.785414,1920.000000
